500
16
132998.0
697
739
890
610
812
667
570
741
378
764
667
640
317
832
850
630
112
912
895
709
683
689
305
775
217
255
422
696
527
449
556
745
346
778
557
812
498
738
628
409
612
846
586
425
525
162
205
824
390
30
591
121
885
296
285
192
895
348
188
890
440
221
526
60
802
543
218
787
252
61
995
610
160
17
253
90
128
857
644
748
160
89
654
571
342
141
269
99
937
617
521
747
388
831
344
60
569
500
504
412
898
317
551
779
346
65
382
812
797
567
726
403
423
300
529
224
565
970
216
109
482
869
541
845
643
288
293
917
294
787
269
879
719
226
345
868
847
332
863
494
608
543
995
341
550
746
302
214
311
34
568
562
639
194
494
122
850
771
322
869
876
606
419
888
886
592
756
431
349
792
432
248
309
922
696
672
469
870
851
426
265
48
914
585
504
726
844
319
367
119
510
170
736
269
244
145
131
932
439
554
809
298
93
38
630
239
158
984
883
237
281
205
386
659
103
90
689
337
400
846
810
502
233
18
819
281
260
71
293
293
334
147
349
762
833
626
578
894
631
662
648
478
949
370
267
894
528
873
475
197
626
524
374
326
685
111
889
485
937
534
386
903
309
141
331
973
774
712
914
491
622
954
809
660
371
171
456
810
829
87
914
434
755
355
941
605
270
224
73
980
522
734
455
814
453
575
922
414
780
793
749
322
539
337
562
196
356
175
994
347
394
846
583
205
785
326
289
57
932
581
546
566
895
822
210
820
241
802
154
55
844
600
103
28
252
949
392
902
65
74
374
778
750
605
957
525
503
823
477
923
937
427
394
759
844
452
763
246
563
818
279
54
231
268
903
422
808
291
171
916
970
611
481
120
931
440
98
80
307
785
583
410
939
385
359
915
394
157
581
845
363
131
690
34
839
545
328
820
648
708
282
152
595
354
198
872
423
195
892
612
825
525
946
713
242
29
558
663
270
157
666
420
745
246
475
886
846
254
30
883
167
889
384
909
861
587
279
148
121
96
775
354
141
955
852
624
702
731
725
563
781
659
851
453
615
508
220
960
427
126
337
144
456
60
672
477
621
441
952
580
384
269
430
621
502
850
968
546
264
299
836
410
790
492
550
996
357
187
412
887
742
797
701
411
339
212
996
406
412
91
607
636
639
659
597
734
390
898
379
731
955
322
820
342
301
760
273
911
818
502
610
604
751
668
840
630
939
328
293
701
335
82
764
391
343
721
475
596
489
750
329
828
590
360
697
522
333
818
297
86
192
833
323
72
317
837
904
433
954
618
618
343
845
651
511
737
480
605
708
707
135
982
916
419
624
518
772
475
6
953
302
200
630
599
905
493
565
808
383
356
558
714
229
22
384
34
907
453
304
747
457
96
216
11
769
780
714
608
266
996
313
103
794
219
488
578
300
49
512
655
524
674
594
700
230
961
424
279
523
221
416
762
101
964
685
260
760
565
237
94
277
800
658
495
803
521
384
971
234
792
245
94
345
845
310
813
643
895
415
244
292
183
783
411
802
241
945
682
265
925
637
188
71
878
246
87
650
438
348
122
692
417
471
351
717
615
432
279
809
406
396
169
37
927
356
908
647
769
171
929
305
708
221
93
924
510
594
502
924
324
81
71
909
531
278
952
535
876
879
505
919
480
997
552
181
67
560
675
125
916
432
690
640
551
573
652
472
605
210
132
541
137
673
802
915
446
290
79
505
610
209
931
786
479
415
267
387
658
968
564
708
483
14
909
444
99
857
513
289
854
529
211
408
48
105
115
455
865
694
242
406
2
788
439
411
266
211
186
624
707
246
148
437
728
319
138
61
922
486
183
319
873
934
538
639
775
636
398
238
228
811
569
924
543
496
160
610
220
289
294
135
11
499
352
202
100
529
704
956
438
456
663
165
992
516
487
218
19
464
822
232
55
787
642
344
44
361
329
797
488
193
838
215
151
559
812
266
32
795
144
494
636
324
189
738
719
906
538
270
225
1000
232
411
40
126
38
780
361
430
635
315
156
989
434
735
536
965
526
752
382
129
976
837
348
404
215
802
385
18
940
959
387
517
349
335
88
262
941
485
280
652
276
757
380
225
189
177
168
503
198
394
973
165
94
204
45
975
497
368
245
802
584
244
981
513
500
246
715
786
744
524
137
704
383
854
527
673
197
938
646
647
594
482
250
827
535
718
379
363
6
816
527
907
497
725
562
274
823
803
590
769
538
155
946
842
426
67
82
861
499
716
244
678
655
884
517
753
441
610
870
529
769
860
392
409
310
225
960
763
452
125710.0
592
268
748
443
646
234
640
311
344
143
583
312
402
173
707
422
286
126
443
229
600
302
452
176
511
816
612
268
887
629
504
189
367
169
434
154
497
169
720
644
273
188
883
499
395
830
381
180
108
982
164
899
442
763
380
826
676
684
277
178
568
699
148
957
795
418
473
160
214
923
669
314
41
965
130
979
343
104
420
164
154
972
909
482
349
794
102
950
922
443
555
311
383
222
54
957
944
423
812
649
789
604
569
275
124
841
375
120
893
416
874
543
618
627
474
811
104
71
362
816
207
152
265
134
480
749
140
48
361
120
180
23
479
689
173
98
708
597
925
508
895
376
720
600
334
171
329
875
40
895
871
524
493
734
247
900
430
201
117
57
817
400
158
76
893
461
888
516
340
232
521
775
148
127
779
357
102
67
829
598
171
947
772
445
439
190
621
751
335
860
297
918
453
777
336
761
16
25
896
392
592
649
60
947
393
799
100
104
515
709
490
795
624
267
367
813
657
635
304
146
999
452
85
967
524
664
109
967
734
647
248
817
594
293
816
461
268
129
674
241
828
574
770
683
216
163
326
227
497
709
875
416
633
760
221
854
895
525
926
542
229
144
304
771
21
71
603
269
965
501
243
140
717
415
265
860
434
181
242
827
820
557
634
711
781
435
559
733
199
84
560
199
437
249
823
368
998
501
348
107
790
609
577
711
354
885
421
777
587
706
192
114
275
848
699
726
56
985
799
419
718
363
539
278
468
217
463
217
143
932
838
423
215
894
190
81
69
20
158
970
472
257
734
320
867
407
240
147
321
156
999
477
615
289
991
558
532
777
295
121
138
921
532
779
963
528
492
785
98
96
775
294
284
923
805
591
305
837
470
201
696
648
813
545
236
164
325
755
306
223
334
785
172
926
930
522
327
162
561
358
291
821
686
658
148
52
442
730
872
450
928
438
529
331
151
963
559
278
236
910
725
613
500
795
294
92
487
772
339
217
209
49
61
61
913
480
149
912
210
816
705
649
114
127
871
438
379
182
915
510
698
284
945
589
867
413
36
89
150
876
469
766
282
863
952
463
706
651
843
434
447
789
761
383
348
186
845
423
508
739
713
602
948
518
18
14
378
839
356
178
481
252
951
530
522
762
740
616
136
985
805
397
692
357
428
260
395
193
641
312
602
778
637
753
449
165
115
111
878
539
934
494
689
383
680
344
774
607
680
365
116
907
715
584
613
239
761
455
398
217
405
148
750
581
891
507
449
202
287
814
193
113
84
941
225
162
892
478
850
463
698
561
657
390
474
242
719
322
533
261
37
73
877
531
903
462
887
443
88
79
387
762
748
307
920
468
491
217
700
727
548
237
184
886
159
908
958
541
568
297
200
878
104
939
466
168
875
385
3
89
239
821
546
736
751
405
134
917
535
278
607
239
530
235
35
78
585
746
390
810
622
284
77
73
515
746
755
371
235
885
429
252
925
510
795
403
136
125
317
139
207
915
268
117
250
144
238
204
463
813
360
868
944
489
620
676
521
276
281
138
418
811
224
23
162
930
882
501
293
785
796
594
715
700
963
479
651
684
811
665
324
765
161
161
84
15
614
292
167
10
668
356
225
900
987
486
887
486
696
611
72
984
948
503
151
142
204
93
899
557
928
512
882
377
78
947
581
321
175
15
602
251
944
511
693
254
658
324
148
955
367
854
362
221
904
524
162
826
755
407
90
105
862
595
534
727
705
351
945
510
966
566
137
91
64
938
985
407
344
192
405
734
59
965
181
836
280
223
327
823
85
936
849
493
422
817
517
722
536
327
267
911
560
216
286
820
182
65
387
750
252
88
929
503
544
314
702
602
416
854
877
529
965
467
357
869
420
760
557
696
54
981
728
566
239
902
693
361
873
609
633
271
74
7
996
472
24
1000
237
128
83
992
560
269
104
956
553
702
922
583
228
150
324
758
246
140
192
884
278
902
749
381
531
746
507
296
838
405
299
827
464
681
211
927
52
988
725
550
683
366
199
884
893
481
808
434
933
466
860
606
20
42
728
658
277
856
778
523
103
6
805
601
600
737
204
839
125
111
439
747
604
772
799
609
375
820
289
855
259
856
13
73
26
987
78
978
935
524
527
673
831
363
150
94
970
596
543
225
501
285
243
924
692
597
951
423
368
747
791
343
757
319
564
720
804
373
678
645
32
984
831
414
966
524
847
430
427
173
962
509
842
399
255
102
972
534
12
998
908
561
576
706
790
375
978
576
826
607
291
185
271
136
803
571
543
746
220
124
851
561
126062.5
553
639
850
551
561
763
613
611
248
861
610
687
383
877
962
488
150
910
462
821
540
774
311
856
294
142
544
646
865
402
414
836
293
825
487
746
347
834
622
260
472
719
883
463
158
73
353
727
90
7
216
176
564
298
346
99
625
407
467
805
586
206
90
140
877
602
310
834
238
97
528
691
81
88
73
101
313
875
303
846
245
120
883
453
338
200
76
122
816
619
558
779
406
813
165
139
834
623
631
325
671
355
461
813
423
252
234
891
706
658
864
379
810
444
302
158
81
969
413
142
316
778
329
890
618
303
152
906
135
885
197
903
539
288
351
816
745
310
964
574
757
650
882
473
257
823
376
164
139
43
916
489
612
319
95
75
456
829
150
965
912
533
193
913
944
602
974
543
500
714
577
274
128
973
821
615
221
855
868
500
227
137
974
547
269
909
552
284
293
109
251
105
338
166
521
271
23
991
742
693
745
403
127
118
443
274
287
915
649
295
240
123
439
800
371
105
680
370
327
791
811
638
84
69
591
280
54
78
671
260
348
182
517
711
834
539
224
933
451
741
813
428
786
404
285
896
566
705
681
374
821
595
351
169
361
150
845
413
841
388
360
830
501
172
236
876
430
804
910
573
265
813
797
610
328
161
307
859
364
236
858
478
728
385
799
608
581
247
187
871
435
819
474
839
707
630
891
518
167
941
913
453
647
351
86
52
313
145
696
389
197
972
352
244
533
351
17
77
703
681
667
710
430
804
433
705
391
726
191
157
858
519
353
179
149
983
127
957
228
103
360
800
681
739
767
685
191
875
367
775
863
584
568
772
795
378
297
150
245
812
30
4
509
303
971
555
364
225
113
922
705
637
125
26
799
486
411
226
438
748
618
345
983
554
316
833
490
168
275
848
399
136
128
70
949
451
341
877
662
632
451
277
616
358
76
878
468
235
923
549
978
475
570
703
33
28
626
750
249
114
606
298
366
205
259
873
595
287
563
703
26
985
212
853
882
609
263
186
434
153
660
342
72
970
759
626
229
904
923
424
567
706
729
409
670
675
261
858
328
187
571
256
243
191
986
463
817
398
875
467
458
266
652
659
325
769
928
488
620
268
950
484
887
559
114
905
380
224
349
872
573
676
911
534
291
141
761
451
83
36
940
512
714
661
497
786
519
727
613
667
491
317
436
254
345
825
330
822
930
485
975
532
782
684
727
619
664
354
719
548
148
86
910
477
536
699
921
612
281
859
409
797
873
385
974
493
300
897
363
133
226
942
166
9
295
778
891
613
860
549
872
346
798
543
431
722
672
623
533
665
128
978
830
410
904
604
834
539
165
832
493
161
429
790
931
625
356
867
687
328
511
813
335
136
152
70
973
465
607
781
211
79
46
16
435
768
689
686
286
862
253
91
681
353
725
656
72
2
587
670
390
799
451
730
1
992
459
164
536
251
496
764
179
954
517
163
744
657
285
89
308
844
909
512
737
697
231
806
298
797
252
134
206
935
164
882
366
810
265
120
292
111
953
446
796
372
467
731
268
958
462
236
12
994
162
156
999
413
436
164
807
381
665
299
929
525
549
219
724
372
418
265
405
748
146
909
560
757
112
899
552
718
308
122
917
515
862
528
841
352
148
47
918
403
356
775
248
857
977
525
996
461
694
688
193
143
625
635
72
968
542
767
940
533
464
757
538
755
152
69
260
199
600
691
956
555
274
190
901
507
52
975
898
460
603
339
645
699
997
496
867
402
223
871
79
57
715
596
381
811
517
176
64
80
326
75
623
691
487
211
144
95
894
589
440
267
455
228
670
705
104
27
389
754
212
105
9
988
506
326
123
954
992
551
628
729
852
458
240
85
967
513
883
607
164
111
441
256
614
212
189
101
896
468
182
9
717
732
849
426
490
786
103
932
810
577
51
12
227
812
137
35
512
739
78
127
615
284
942
508
307
808
549
295
240
842
85
23
340
163
703
707
565
228
464
762
818
516
290
92
541
256
147
104
26
6
865
356
787
653
143
113
972
473
813
564
817
617
629
329
192
894
785
363
214
99
799
413
50
937
847
390
371
191
372
208
304
900
650
353
455
181
810
391
309
117
362
191
274
66
152
901
9
17
171
65
903
474
658
330
665
618
185
866
850
439
476
761
663
640
120
55
854
463
894
545
528
341
781
590
743
659
530
280
734
714
695
273
182
102
800
669
909
454
908
544
358
758
837
572
708
643
199
989
940
499
112
28
939
514
431
227
756
655
876
361
916
439
547
723
334
815
817
348
447
237
282
804
875
425
125328.5
649
319
948
421
510
323
735
316
334
215
571
297
63
40
885
565
308
151
265
88
489
225
355
168
353
859
642
277
939
521
452
196
360
173
585
327
383
215
534
795
575
301
888
635
193
942
606
250
88
946
437
746
649
635
217
877
878
626
424
200
400
793
293
943
868
466
202
132
379
805
718
391
47
941
198
858
363
173
428
218
255
852
829
637
333
869
260
844
721
370
508
229
324
183
309
906
864
399
747
663
630
665
379
236
542
750
211
126
551
253
611
710
915
571
167
911
139
97
254
945
399
237
57
23
777
602
134
55
231
136
276
159
488
811
312
164
756
639
906
480
553
250
876
502
374
216
289
811
97
886
847
577
454
775
194
934
491
254
59
107
935
497
186
11
853
387
923
533
617
292
535
666
68
24
859
379
231
129
953
441
135
917
863
398
199
109
547
791
252
887
231
960
277
796
498
807
61
14
526
271
772
581
238
807
380
799
62
30
677
610
258
929
396
144
216
959
724
716
480
223
748
362
184
935
628
746
253
919
385
794
357
862
591
267
861
486
147
83
341
172
852
644
805
501
130
61
594
339
615
666
699
372
348
793
413
801
928
501
601
697
329
137
301
861
140
84
395
154
843
490
439
280
886
490
241
902
399
180
418
730
917
478
710
582
719
314
418
832
207
90
281
110
349
220
789
427
945
468
180
120
978
547
707
742
234
876
470
764
755
668
132
69
422
773
704
686
99
961
659
313
573
244
438
285
583
340
609
279
304
940
902
569
238
908
25
20
124
24
258
807
398
180
596
274
579
317
363
162
461
320
877
410
439
154
834
529
380
786
505
282
153
938
638
632
848
364
555
706
25
37
774
452
118
979
870
538
366
826
529
256
773
581
873
429
232
78
412
739
329
119
237
939
11
982
899
466
290
81
712
369
385
807
570
741
342
148
466
789
956
474
971
478
676
364
176
910
411
172
229
932
659
707
449
779
421
197
497
712
588
341
90
25
391
180
794
376
402
816
279
885
536
707
126
92
675
370
70
27
954
515
568
231
700
618
602
233
264
202
393
726
488
766
352
807
929
488
807
581
868
520
523
725
577
274
516
267
975
502
521
769
944
481
943
433
114
102
293
876
318
150
567
327
905
375
303
921
943
531
24
927
923
404
832
412
515
221
562
321
732
340
645
727
583
710
341
155
412
221
907
436
967
424
616
377
768
397
705
675
875
376
202
884
994
434
636
253
669
352
411
201
372
173
823
551
999
503
111
76
292
835
75
12
151
920
449
165
678
368
787
356
715
641
875
511
640
348
780
362
630
365
129
19
654
664
724
365
903
451
390
175
348
874
378
167
773
367
288
66
710
624
287
144
203
928
158
869
902
565
478
255
253
913
116
999
527
278
601
301
358
145
161
941
600
709
784
440
19
968
593
295
312
103
567
251
68
41
430
770
542
778
353
185
240
106
462
781
629
274
284
888
253
110
894
393
637
269
384
108
321
133
140
909
67
101
303
200
389
200
243
830
218
950
920
518
718
612
661
293
223
130
324
856
99
71
329
908
858
519
422
753
647
658
601
762
1000
454
309
814
635
708
583
727
439
262
225
109
431
281
22
11
436
211
312
787
999
554
897
432
702
609
204
930
789
661
345
154
260
158
972
563
919
529
531
221
209
881
614
275
90
79
594
305
899
566
379
229
361
156
211
902
269
863
606
240
880
485
502
765
1000
449
79
9
960
534
656
705
557
324
885
423
846
499
296
102
60
897
773
325
466
281
273
922
164
826
140
892
704
409
459
764
297
809
838
508
543
713
452
802
590
269
122
945
572
229
369
798
108
37
624
710
94
139
785
428
623
307
928
454
310
829
907
563
865
431
228
822
527
691
242
887
133
976
886
610
38
900
496
205
892
520
443
174
194
87
802
324
72
973
290
183
101
882
375
193
218
842
426
793
872
451
397
131
630
743
233
101
16
910
260
807
676
343
544
692
495
305
909
471
135
885
458
703
89
935
28
996
646
614
584
297
111
931
935
441
937
473
709
343
767
595
308
150
848
566
13
990
839
622
33
51
698
625
522
743
370
891
93
53
623
728
349
817
823
619
406
799
280
869
211
834
267
83
211
905
29
963
953
521
807
572
841
417
237
69
906
508
363
157
742
353
126
853
891
559
998
456
729
696
811
365
685
283
462
754
555
203
447
727
203
861
488
231
940
601
932
504
479
279
805
388
857
430
102
101
939
497
199
928
948
519
429
773
752
315
815
554
841
530
601
311
371
124
883
564
468
822
408
244
903
578
124946.0
678
591
898
598
807
587
729
667
320
803
593
750
83
865
966
519
441
765
283
847
438
700
190
918
341
193
510
752
998
461
290
897
337
826
560
697
470
748
285
164
602
781
715
430
169
99
497
812
65
96
567
348
620
312
408
193
697
409
356
780
444
187
178
21
780
592
224
856
434
161
903
572
47
36
252
113
284
903
428
740
401
168
621
349
110
37
325
241
615
684
557
718
470
727
221
88
743
629
628
259
824
434
490
822
675
325
194
861
639
647
597
235
996
484
205
63
177
882
244
122
565
738
49
906
770
329
119
958
257
899
352
900
290
135
339
794
794
368
895
525
455
782
947
404
417
711
314
105
287
170
799
399
541
301
201
58
504
777
112
993
926
506
74
969
833
645
913
415
466
729
530
263
38
942
704
579
297
812
990
488
200
76
824
549
211
990
581
304
296
164
85
49
327
132
268
111
107
953
379
795
943
470
379
191
393
136
142
908
894
452
173
11
136
908
198
73
616
352
576
720
838
607
205
118
519
334
198
120
471
199
289
144
588
665
950
425
162
960
491
755
797
395
921
476
82
985
564
717
696
418
829
620
475
249
373
224
883
466
623
273
230
944
247
135
28
972
356
760
992
418
555
666
943
583
295
135
289
882
494
240
1000
489
727
386
715
698
361
244
229
947
115
979
584
681
758
626
897
569
392
794
981
454
411
206
402
192
346
179
733
386
155
979
420
149
466
236
129
89
712
604
492
825
662
678
571
742
529
656
193
48
843
352
97
25
39
977
141
885
368
140
498
723
502
688
709
649
344
846
707
709
813
542
284
791
963
540
478
251
494
729
117
25
665
293
730
715
703
326
153
929
950
449
1
34
873
393
325
248
584
673
707
367
854
578
195
869
392
176
383
784
141
136
78
96
877
443
160
1000
832
624
413
223
500
160
310
841
425
264
964
527
868
523
669
721
188
115
387
764
97
54
502
212
352
137
572
715
640
388
565
685
60
964
492
756
861
551
234
115
136
48
742
386
203
954
669
692
212
892
961
414
541
681
705
326
510
676
409
699
455
270
551
218
359
226
884
453
774
326
942
491
529
274
495
702
546
751
968
416
411
161
921
493
948
585
318
868
247
157
398
781
601
648
784
640
80
18
966
423
113
16
768
630
840
620
519
747
618
629
579
707
648
340
511
288
299
849
416
799
819
561
853
575
666
663
752
597
690
289
716
625
204
56
851
494
482
740
786
646
484
751
385
750
840
490
987
537
293
847
464
218
17
977
189
9
397
777
806
626
743
648
842
404
944
536
844
569
734
582
807
553
136
965
584
247
756
676
845
616
332
890
229
80
253
889
730
725
139
842
659
379
316
848
210
90
248
165
795
385
530
797
176
125
77
52
489
738
712
600
253
932
215
81
569
367
799
634
124
129
576
754
265
857
550
715
79
900
384
241
457
202
347
894
227
871
365
194
504
815
154
37
261
925
633
677
500
781
201
953
215
833
106
14
225
880
366
761
468
747
276
142
94
43
962
479
684
364
609
706
318
872
441
206
37
987
251
66
967
569
404
180
745
367
348
188
918
489
208
90
732
366
433
188
387
817
338
818
471
819
168
943
409
807
420
187
876
384
690
643
795
401
99
25
592
259
321
900
502
748
944
449
930
570
388
825
248
204
604
756
257
837
540
777
854
407
509
763
158
936
338
174
285
224
429
735
889
518
368
147
777
619
101
975
834
387
591
210
664
616
724
643
862
581
290
908
256
175
801
607
587
771
162
18
262
119
292
131
828
606
453
260
412
282
861
562
558
205
469
171
687
673
274
139
440
706
310
165
20
931
497
209
185
949
884
630
619
607
932
510
318
158
819
458
941
472
341
169
760
366
95
65
143
70
712
391
173
97
535
759
916
430
195
902
82
967
509
772
79
66
457
774
86
66
403
715
410
224
289
155
786
634
175
930
539
287
154
903
191
105
348
162
695
607
733
340
631
729
859
530
349
207
593
316
147
160
141
66
858
403
399
801
19
19
811
555
809
590
741
657
829
505
381
829
831
376
160
83
872
462
280
860
724
423
440
275
314
174
153
905
552
366
406
132
729
372
413
193
331
125
436
213
199
840
212
165
53
105
998
450
779
368
715
635
264
890
984
401
238
913
747
596
289
222
915
515
930
470
789
400
797
574
575
729
504
175
383
825
503
243
295
165
378
853
895
499
973
569
667
651
685
636
857
488
169
964
950
533
101
83
882
487
500
274
619
675
973
521
895
539
743
599
254
826
838
495
248
168
507
794
812
386
123659.5
889
440
835
395
857
399
542
273
437
284
470
157
277
118
935
581
326
181
452
231
571
371
52
25
318
895
463
198
967
562
302
105
201
102
527
213
612
287
317
879
448
227
861
578
234
922
501
273
96
928
647
632
607
694
328
893
758
566
292
130
430
800
41
929
842
499
227
183
420
820
810
471
56
907
153
905
70
17
565
324
337
881
794
563
35
967
290
854
533
278
700
339
630
293
276
895
705
271
444
739
802
623
405
168
558
725
291
163
564
303
562
718
957
464
147
847
401
200
217
855
512
167
248
66
595
760
25
4
37
36
125
75
122
935
356
176
774
585
962
491
457
229
863
571
549
248
71
960
335
911
739
623
622
664
242
905
434
238
102
106
908
569
125
118
644
258
828
528
445
202
481
685
80
103
823
465
398
182
998
415
99
898
803
394
46
24
584
657
321
817
283
858
96
959
198
945
132
7
527
222
876
506
359
878
291
875
361
185
999
473
60
935
199
57
83
982
618
718
492
235
675
318
222
920
764
643
95
978
484
806
244
853
632
261
888
576
143
133
576
340
748
619
981
480
25
50
619
309
867
567
770
420
518
764
554
721
807
599
458
722
193
47
394
816
51
24
416
275
756
593
593
310
833
515
216
906
93
21
563
699
949
600
871
526
633
399
473
805
220
130
102
28
637
344
845
400
886
490
575
298
886
504
396
762
446
802
337
765
826
607
78
97
231
836
408
829
112
909
901
484
519
262
800
392
570
229
775
337
187
915
685
665
74
921
179
72
253
133
210
915
625
373
539
224
639
341
321
220
629
382
884
431
443
170
869
475
473
731
444
271
93
926
533
661
568
270
635
661
24
29
825
533
46
903
791
628
489
822
532
244
688
617
777
363
287
67
260
904
324
205
320
780
341
811
745
623
131
57
851
430
494
807
220
873
301
109
563
759
905
531
931
387
698
349
263
897
430
266
79
1000
411
855
212
942
435
195
677
683
628
239
151
36
424
181
840
450
107
912
161
961
775
622
180
36
678
334
165
42
673
653
461
231
632
737
736
328
609
366
523
826
340
825
471
680
987
488
693
659
870
551
468
734
526
308
467
258
810
539
305
810
883
440
682
340
105
44
315
780
446
300
638
297
753
433
172
909
768
659
68
961
808
340
583
292
388
166
836
429
524
236
842
588
529
745
187
128
579
298
972
485
754
333
642
290
993
491
622
743
755
302
250
846
915
479
518
335
718
342
521
216
546
230
914
493
749
381
279
189
447
684
7
48
59
989
480
157
614
338
624
268
746
589
962
541
782
379
823
345
975
445
38
6
500
683
702
376
886
414
158
66
250
925
116
11
700
346
346
211
770
658
309
137
208
899
364
852
696
621
284
169
324
823
165
887
414
218
900
449
126
151
224
886
780
607
758
359
425
774
602
340
258
176
532
249
171
56
438
858
446
709
291
104
221
156
281
855
259
147
120
989
135
133
544
239
540
309
102
83
321
87
209
902
279
98
530
247
560
327
288
898
98
964
927
484
899
546
610
277
386
205
540
700
41
36
83
933
820
398
327
821
842
552
348
855
987
423
160
876
810
655
478
738
367
222
339
100
384
225
260
157
467
277
257
873
772
671
612
267
643
687
167
908
530
678
87
58
585
328
892
518
922
450
447
258
449
722
489
200
330
107
316
125
851
541
412
160
109
4
439
821
442
735
544
263
985
512
483
763
688
341
124
123
785
647
417
740
674
380
692
404
891
439
259
86
478
757
719
324
325
162
97
892
178
852
94
961
814
482
445
738
578
717
886
489
272
880
273
903
626
329
317
889
585
379
288
790
66
37
504
789
66
67
736
313
783
460
890
414
402
847
925
508
857
591
293
910
708
620
180
944
135
874
640
660
204
957
467
186
841
636
214
165
51
25
481
196
135
926
411
247
295
857
503
243
318
856
259
809
725
458
140
27
560
669
239
95
94
989
292
868
873
419
660
667
581
327
818
399
354
760
703
584
196
909
172
971
805
569
331
172
162
930
929
395
788
422
688
402
871
594
380
137
764
599
195
973
976
455
193
82
875
481
490
698
409
774
178
76
694
675
255
785
785
639
316
805
105
973
373
821
358
106
149
934
197
965
899
475
765
677
738
449
317
138
689
634
187
50
901
449
356
849
902
385
940
603
911
512
842
434
438
226
290
818
276
164
530
756
385
875
478
239
871
541
868
437
731
338
676
270
940
602
216
119
984
463
95
928
899
581
620
721
625
250
965
543
946
531
866
427
431
222
934
566
450
746
316
135
843
539
123034.0
951
520
829
571
702
645
425
803
629
630
435
749
266
903
832
385
453
763
496
704
841
596
114
959
214
80
426
830
956
451
32
995
155
962
329
852
550
689
148
85
507
727
922
515
187
169
602
706
40
29
721
308
734
372
217
185
864
401
230
846
408
112
119
143
891
601
303
855
324
123
832
559
313
158
126
71
82
918
826
584
279
100
915
487
217
87
269
94
732
627
672
752
544
726
155
15
425
796
407
199
815
387
303
901
570
318
196
915
518
770
426
231
948
495
194
118
285
885
375
167
357
787
142
915
488
284
9
963
65
956
206
877
57
58
351
774
691
326
897
572
425
852
946
495
416
840
33
16
278
89
768
428
718
352
152
155
489
680
133
880
835
382
213
878
403
790
760
378
440
761
681
306
231
847
996
444
203
917
860
522
116
6
777
704
71
885
766
416
338
222
411
169
95
81
258
106
32
986
521
750
896
462
303
124
345
186
314
818
968
556
200
104
105
853
192
118
573
258
415
848
550
751
120
15
750
440
80
17
385
105
255
182
366
832
822
354
255
847
640
661
669
385
918
437
109
869
573
745
878
440
811
645
461
190
444
198
729
313
678
359
236
910
356
171
180
922
520
684
885
443
560
711
950
473
146
43
164
880
747
352
967
475
870
451
851
539
289
111
235
968
145
935
498
747
738
677
862
568
717
661
970
492
608
303
414
240
490
178
929
487
242
893
481
254
222
92
21
24
937
452
451
814
829
537
486
838
545
740
133
117
588
263
154
62
14
980
338
771
111
7
645
658
552
733
616
645
457
745
748
587
944
555
413
760
819
615
537
265
556
661
44
21
734
311
559
772
606
273
96
891
859
487
292
110
818
363
302
79
563
697
802
366
611
704
238
907
300
144
515
755
479
243
513
254
707
279
218
860
801
654
415
240
294
191
144
976
596
276
913
501
853
558
812
624
274
71
548
775
103
24
228
173
99
124
375
826
660
352
472
761
254
865
444
743
917
491
268
168
43
100
715
424
45
891
556
695
133
960
632
249
451
751
530
214
758
575
588
725
368
142
308
192
542
294
950
427
651
354
939
526
409
241
524
790
553
646
839
410
359
99
972
492
746
602
134
874
372
160
736
662
749
619
920
474
301
150
653
284
29
27
789
563
656
676
198
906
990
498
591
673
951
489
599
313
150
925
484
759
969
586
669
599
530
777
989
451
515
190
565
763
188
80
911
516
718
702
577
732
466
810
440
697
852
562
648
671
364
805
652
347
105
914
48
8
427
788
555
735
614
643
760
423
789
412
909
527
557
745
978
507
26
951
719
333
652
704
955
559
85
888
322
149
79
998
735
627
404
845
696
428
390
775
215
124
324
127
753
299
300
850
363
184
188
81
390
750
954
515
359
797
231
184
826
439
717
666
480
256
600
669
491
747
395
791
161
941
334
125
718
351
35
982
477
772
355
182
130
922
9
7
297
803
353
802
464
761
100
925
153
883
295
188
9
991
475
740
708
680
174
124
100
84
901
531
953
493
523
663
321
870
495
240
226
885
242
145
916
561
291
92
742
349
217
86
772
652
289
164
650
305
633
356
464
758
137
913
458
818
385
830
509
670
353
170
569
302
515
711
468
234
54
16
646
237
186
933
655
763
940
514
858
636
632
651
652
351
467
737
50
981
167
924
980
506
175
886
134
944
354
147
470
169
445
811
976
523
443
187
647
673
237
966
747
320
389
173
880
589
806
563
714
629
32
995
519
213
627
715
470
776
325
155
341
241
13
59
850
554
507
287
456
219
868
577
326
204
256
101
655
612
238
37
837
560
505
236
29
990
427
256
235
913
681
668
975
579
887
497
360
197
886
527
762
390
176
159
722
298
147
24
248
60
785
372
64
117
402
882
792
395
240
902
182
929
352
903
217
133
548
734
130
48
463
714
345
178
409
262
889
613
118
905
493
255
281
904
74
99
436
225
883
605
597
301
685
727
741
701
594
337
899
385
163
162
120
113
785
390
219
923
125
42
853
552
759
571
745
620
866
456
211
856
802
482
91
22
859
502
112
895
947
479
555
211
450
183
152
909
552
257
406
222
734
303
461
223
39
71
389
233
21
991
152
119
102
87
960
467
730
320
924
515
137
959
623
349
166
889
986
562
237
109
730
627
891
421
949
461
830
664
443
766
225
94
343
785
333
153
295
190
465
827
904
437
780
568
661
705
716
640
695
323
142
899
992
497
140
145
910
440
630
377
539
711
832
460
872
469
686
663
440
723
750
416
473
171
117
949
836
447
122879.5
982
413
817
450
689
367
316
197
690
369
460
206
50
37
644
658
500
245
607
333
842
384
42
45
174
906
230
108
955
568
134
67
112
1
188
86
693
382
215
947
537
311
942
580
320
883
537
194
146
886
620
748
720
580
394
745
741
618
278
99
145
985
364
782
804
488
327
150
294
849
799
444
189
869
104
877
103
60
841
335
88
962
915
465
226
918
182
980
786
385
375
178
507
188
112
895
382
146
290
830
848
575
184
65
633
725
150
41
503
283
543
698
933
573
263
830
260
215
356
767
500
311
90
78
446
760
123
50
189
139
254
36
273
847
602
312
553
722
796
344
222
158
921
584
293
191
146
945
275
886
976
484
643
629
405
758
707
329
249
164
693
655
313
171
530
306
685
700
454
286
456
784
303
182
765
649
297
123
859
575
141
964
598
382
162
30
847
649
307
864
395
805
46
967
301
867
56
13
381
208
944
560
331
873
483
790
329
192
850
351
89
968
281
54
114
952
349
819
252
164
370
157
60
940
729
636
178
915
197
877
210
918
314
176
681
622
429
234
602
244
772
519
869
482
222
155
617
280
797
563
789
371
369
907
327
773
541
772
616
671
149
113
343
801
236
133
631
234
938
479
561
364
975
472
106
966
120
100
802
580
793
612
986
489
981
541
295
857
28
18
175
152
483
244
619
274
825
399
691
405
853
428
498
725
581
744
443
813
999
493
263
135
425
762
234
847
101
945
870
633
446
235
946
398
183
104
496
170
277
900
457
737
134
909
134
67
476
287
43
985
795
437
552
248
774
442
665
335
843
355
882
463
559
243
907
470
452
722
657
254
125
936
491
780
549
224
532
780
379
209
994
496
118
919
821
623
47
981
565
253
675
617
597
260
273
160
249
823
515
272
491
718
368
802
568
658
438
215
712
334
605
725
410
859
91
3
591
776
845
417
945
484
746
346
264
876
426
174
97
961
396
834
173
891
365
229
633
662
451
163
299
196
513
340
945
533
447
818
164
849
939
479
253
128
564
285
229
113
457
825
618
280
483
712
875
433
499
179
241
834
347
907
664
637
853
625
726
720
956
555
530
761
383
162
578
293
914
560
111
890
927
608
836
385
267
196
340
768
611
308
710
383
935
529
447
767
581
625
94
922
917
401
566
319
81
75
935
434
732
386
993
446
639
745
190
106
537
307
803
343
693
322
449
160
950
499
340
792
342
191
315
834
913
570
713
366
401
200
507
217
572
229
935
465
633
325
337
178
794
650
209
161
87
916
421
173
529
284
665
270
790
539
835
648
807
395
552
270
877
408
66
88
712
623
566
217
987
524
81
28
206
916
112
88
737
343
439
210
876
647
272
127
278
930
238
791
647
649
377
248
494
771
229
820
592
346
870
561
342
198
421
796
913
552
674
240
589
753
799
419
448
170
284
174
288
137
160
941
736
682
173
74
413
240
383
882
284
165
98
934
370
211
336
129
548
308
251
121
192
30
330
903
43
63
570
290
671
365
150
956
208
819
787
392
955
528
822
409
344
186
589
721
173
76
350
780
732
374
178
905
541
741
40
950
655
315
427
760
555
734
697
704
467
150
129
25
338
235
492
237
580
315
387
845
448
785
690
332
551
692
57
969
480
762
94
124
540
295
864
460
827
426
730
364
624
747
522
348
103
30
87
87
902
456
169
28
152
87
264
907
342
873
330
217
980
541
355
846
574
256
95
19
659
581
370
753
888
382
817
372
643
277
133
35
286
880
618
314
477
193
365
880
613
716
67
948
881
364
450
768
499
742
825
424
264
861
181
987
675
312
157
966
932
443
495
667
92
42
401
766
69
6
580
238
767
411
857
430
516
708
892
384
792
553
330
808
539
743
124
898
127
859
658
702
102
918
386
217
658
697
152
60
76
92
223
69
341
805
577
337
24
969
610
270
293
884
647
662
836
349
152
26
565
752
156
110
207
877
400
726
689
382
654
648
689
340
655
343
628
694
772
641
408
792
382
797
921
563
114
53
187
907
934
535
894
388
666
358
923
483
218
68
908
442
138
948
969
571
270
102
843
620
315
861
429
779
128
123
536
704
340
850
700
687
293
864
140
886
328
811
73
51
211
925
313
815
905
489
767
616
845
431
161
55
719
623
147
33
973
513
176
973
836
414
926
594
895
593
714
334
475
298
64
968
508
250
238
829
311
833
382
270
749
611
766
421
479
198
719
294
682
726
201
87
878
408
369
763
884
591
847
595
517
219
856
595
864
531
657
251
681
331
831
505
403
793
193
45
892
623
121718.0
818
498
965
580
759
608
388
772
676
595
454
749
1
997
797
384
425
817
617
728
675
708
125
869
155
139
219
954
924
437
206
902
57
933
153
865
735
565
269
117
592
684
842
339
276
113
300
875
219
193
446
251
891
519
385
161
767
448
195
948
98
20
559
303
956
515
243
941
230
62
890
481
150
113
315
219
152
878
603
660
221
96
838
551
226
179
94
86
827
591
241
842
505
758
172
92
347
793
377
205
792
435
130
840
551
206
97
952
524
674
530
272
854
333
297
160
598
690
365
154
608
631
103
900
514
284
168
912
373
833
120
989
417
202
583
754
492
203
675
574
452
805
721
398
425
745
61
76
315
134
913
536
825
376
392
232
677
579
236
864
709
269
324
775
590
637
428
221
450
775
430
195
269
907
515
263
303
843
779
424
220
86
666
619
128
973
841
445
399
216
319
189
104
15
170
103
147
916
346
805
934
455
389
178
561
304
458
792
821
554
212
88
137
946
192
53
380
203
368
761
492
754
208
132
578
313
167
124
152
60
56
66
417
856
735
450
415
787
587
753
980
511
890
520
262
825
733
632
856
454
679
722
98
22
512
185
356
224
695
393
252
906
396
145
363
806
547
787
946
499
722
646
935
554
136
27
334
823
957
483
713
353
828
579
892
451
247
203
152
920
253
800
518
692
539
684
657
690
934
531
918
600
657
285
565
222
405
157
994
476
415
786
509
277
290
217
243
104
583
287
509
725
806
574
324
880
459
761
97
81
629
357
291
163
53
919
469
762
42
91
823
649
550
791
904
605
683
567
601
670
980
462
512
669
978
536
621
299
515
734
113
15
338
137
553
680
497
295
338
796
891
522
48
28
718
334
45
118
406
825
711
356
336
835
284
866
191
98
559
812
579
304
575
277
805
369
572
697
541
762
555
258
158
67
61
980
564
282
727
683
888
430
758
582
273
65
419
830
158
55
410
217
193
29
324
825
716
364
291
838
353
854
715
600
962
479
373
225
269
138
939
423
326
781
396
809
253
869
443
260
472
748
729
369
817
537
427
802
369
217
53
2
788
412
815
345
603
356
799
361
550
215
470
785
535
769
862
420
288
117
767
471
653
702
520
751
440
308
509
761
818
567
980
458
409
245
715
424
182
34
834
589
628
778
253
900
848
665
658
683
807
563
534
235
351
806
587
762
706
624
593
737
419
788
925
590
368
257
406
756
353
142
942
421
809
631
389
852
474
840
577
747
955
574
725
663
424
786
521
258
413
767
118
69
382
873
623
645
500
799
826
395
679
333
694
638
535
774
806
577
194
982
792
363
324
796
901
528
89
896
361
183
230
817
580
717
438
702
629
283
328
812
243
79
350
206
797
431
366
811
461
274
386
228
745
647
731
345
278
854
425
179
954
441
465
819
385
185
861
644
447
807
402
839
314
901
117
72
619
227
10
989
461
723
170
81
484
748
107
22
443
849
332
773
614
721
214
975
228
886
54
49
159
935
455
781
612
669
132
115
446
176
805
572
886
428
925
572
403
811
613
279
127
892
244
120
610
714
207
144
464
164
64
100
615
625
352
212
575
273
622
369
367
880
126
944
544
760
383
770
571
753
434
230
476
250
759
622
654
313
99
26
576
331
319
810
520
768
829
548
799
626
714
576
349
186
763
681
157
900
51
946
869
564
38
909
251
855
197
74
338
123
544
687
889
480
252
177
424
756
89
987
795
340
663
344
736
651
651
660
678
647
116
959
330
184
679
640
302
810
307
218
492
202
118
91
773
549
616
331
392
232
782
593
357
187
114
33
565
749
7
53
841
603
699
279
86
969
524
226
151
953
495
693
826
494
786
605
457
231
761
606
912
398
355
194
456
272
52
31
341
164
523
254
17
6
367
848
613
318
41
938
359
813
49
940
403
199
683
680
2
29
598
730
296
200
609
345
737
625
157
907
448
157
222
855
267
181
464
217
727
595
546
254
804
604
719
606
498
292
905
446
295
165
296
105
771
382
221
864
92
90
902
411
691
662
792
551
950
595
25
953
898
513
196
86
843
514
144
990
787
475
450
220
344
191
228
927
507
302
356
197
545
324
109
67
179
91
529
247
154
884
236
154
374
104
987
550
752
414
772
608
53
973
685
374
47
945
828
419
147
119
969
544
820
453
675
321
696
658
521
743
101
52
427
761
387
268
341
201
427
769
878
422
817
566
342
845
488
738
635
286
84
975
835
626
389
180
762
383
904
460
376
749
752
401
999
492
559
698
557
675
951
562
415
205
32
976
575
284
124435.0
855
445
833
340
952
473
501
227
682
351
494
341
84
2
678
656
342
142
569
316
538
237
214
58
331
887
167
87
747
634
313
121
14
20
331
230
862
396
225
913
617
288
628
740
149
969
282
64
378
816
419
739
809
386
281
833
963
569
172
102
189
895
496
719
922
510
32
56
42
930
938
606
297
813
528
780
247
60
625
270
165
889
904
539
307
830
242
912
917
408
438
190
516
267
88
958
435
274
255
851
912
565
362
119
307
839
179
61
719
326
606
652
575
709
355
823
708
353
177
944
870
415
197
92
740
617
157
60
252
83
169
101
450
751
386
209
458
698
948
520
287
106
922
521
565
297
221
851
223
936
887
510
612
692
403
755
902
453
283
118
555
729
478
208
775
391
327
835
481
159
207
905
214
139
415
774
314
205
903
578
207
915
738
444
110
86
837
574
351
804
536
718
27
930
75
971
212
107
413
268
980
505
341
832
512
757
502
246
814
369
275
832
83
19
105
977
501
752
520
311
453
301
166
879
698
703
180
933
115
952
106
998
180
101
827
572
472
206
597
262
958
509
900
458
426
248
699
399
835
586
552
309
218
892
358
787
434
865
721
577
151
32
331
780
473
205
508
306
884
454
772
434
969
457
91
954
264
169
981
530
666
637
744
330
845
565
439
831
177
141
422
250
761
400
668
374
624
374
934
512
808
368
588
743
512
713
452
770
868
431
479
287
687
626
401
773
114
948
514
688
555
341
919
483
377
171
348
165
113
916
631
641
351
891
8
21
479
208
114
950
713
382
562
289
727
401
880
394
593
349
891
614
682
265
917
462
597
608
509
251
100
965
154
886
505
225
724
665
533
255
927
547
137
977
601
649
173
927
399
126
765
644
313
183
251
141
55
949
382
268
607
718
667
639
677
674
507
277
580
293
549
675
29
955
41
93
512
721
708
409
740
620
850
482
158
973
281
151
158
976
618
695
81
927
390
171
614
677
375
203
273
163
776
334
873
541
377
753
278
937
791
658
407
192
437
225
264
209
521
817
593
298
735
535
934
394
402
130
594
722
15
914
839
581
636
646
831
625
675
646
406
857
380
117
346
158
789
618
273
939
946
564
681
297
371
178
641
718
547
234
837
449
759
638
529
788
805
547
89
947
712
369
590
297
173
92
635
286
703
335
950
435
481
781
489
249
482
158
784
361
456
177
560
280
758
380
613
650
558
311
226
845
969
522
817
388
306
209
337
147
656
349
912
513
617
356
331
160
323
842
565
250
161
898
222
51
843
388
406
215
859
546
677
634
853
416
362
127
886
457
139
80
800
551
547
245
869
466
280
133
295
825
474
240
605
277
473
236
492
805
428
148
239
883
480
769
823
655
307
131
475
737
427
833
785
438
592
668
322
190
442
731
878
520
241
135
465
764
569
270
441
264
363
223
205
45
174
950
581
738
135
31
458
253
82
953
502
306
57
883
301
63
323
132
403
186
177
64
288
140
151
985
94
7
498
225
609
315
338
864
273
834
933
466
916
472
853
496
311
97
672
699
266
162
360
789
645
356
224
894
286
894
237
865
833
420
364
859
640
687
698
607
122
26
170
131
484
275
469
213
482
148
428
834
496
723
646
299
799
604
68
936
655
661
309
164
625
319
805
436
827
435
870
407
375
864
725
359
278
93
45
16
854
341
252
163
271
139
12
981
312
890
635
350
911
498
326
906
547
204
212
106
763
580
648
716
623
253
772
398
735
423
67
112
397
738
642
341
303
135
493
813
489
764
154
973
891
471
618
721
527
742
673
338
352
807
182
917
468
309
130
905
710
369
661
679
114
68
485
721
180
45
470
235
941
447
911
469
430
867
706
352
687
694
421
864
501
689
34
916
213
866
518
807
181
919
268
210
618
643
194
138
309
210
60
69
464
715
759
405
20
957
509
320
280
890
578
701
629
335
290
188
457
792
411
229
460
736
563
690
868
457
505
650
947
474
811
322
471
729
981
529
320
793
154
994
871
606
152
112
342
819
792
538
702
281
888
490
774
410
147
54
906
523
255
927
951
478
98
45
896
448
414
808
415
864
66
43
601
762
518
749
650
761
167
941
316
865
582
735
333
184
253
855
352
832
999
481
804
593
804
450
120
50
765
692
107
110
671
681
304
781
804
397
892
480
610
669
852
423
578
320
143
881
602
274
601
670
382
727
463
267
781
676
777
336
257
98
375
190
612
740
20
71
757
301
225
883
686
632
967
515
511
317
674
632
908
485
675
346
712
297
946
537
505
704
120
27
532
675
123964.0
786
640
777
611
991
474
611
705
561
702
581
663
89
967
606
270
274
957
737
599
544
680
105
942
169
136
247
904
671
362
279
825
4
951
297
849
898
597
308
180
664
674
409
184
67
82
265
855
281
178
553
274
762
574
279
124
777
368
235
862
241
203
641
357
938
486
252
881
222
161
817
435
382
172
367
193
142
972
582
780
228
31
929
541
342
197
125
95
850
658
294
855
386
817
58
46
535
719
300
156
847
507
306
865
233
103
137
899
677
731
757
442
486
248
545
270
684
596
166
55
728
603
238
858
840
360
130
875
273
834
244
854
583
256
331
843
637
368
962
525
127
948
927
544
633
685
249
167
46
55
850
565
544
225
418
264
905
490
199
873
616
306
496
716
862
523
289
100
319
815
139
114
467
763
294
156
411
853
695
372
199
176
863
538
82
904
964
496
369
235
594
268
76
82
70
91
129
944
376
830
1000
477
274
154
384
152
380
799
785
618
229
160
193
901
87
70
564
221
625
729
585
771
88
23
692
378
81
53
46
7
112
96
160
884
841
469
533
694
480
808
831
437
974
490
448
809
817
660
783
363
596
757
236
65
574
262
246
156
923
430
124
955
369
209
477
699
581
645
998
461
910
491
925
606
120
90
492
737
962
529
792
356
567
753
941
493
280
94
248
932
520
805
812
558
768
693
674
622
910
540
711
660
625
274
656
328
511
247
902
569
479
788
845
421
387
216
173
146
632
245
607
741
914
460
442
799
346
760
166
67
812
434
204
24
110
980
241
889
124
72
901
569
430
781
729
589
761
689
641
708
940
480
561
804
787
592
852
381
617
666
188
56
271
111
514
724
616
348
392
807
924
399
43
106
735
325
229
91
243
844
810
358
336
779
354
792
153
32
652
700
560
215
874
440
556
244
515
789
521
762
499
231
153
72
160
893
515
273
900
549
817
427
970
495
92
62
285
780
30
16
545
205
169
145
294
928
671
400
411
848
260
806
763
624
947
488
440
152
72
82
588
249
398
888
583
694
515
743
349
243
639
603
859
474
611
697
264
948
541
247
235
82
820
458
680
305
635
300
593
269
265
50
226
983
294
793
610
312
106
120
944
536
635
682
473
791
679
378
533
740
1000
516
677
265
416
216
838
484
98
23
588
722
567
689
129
878
653
629
561
763
793
610
407
189
431
730
424
751
681
676
365
816
406
813
701
627
606
309
512
765
206
149
915
418
795
566
372
815
255
899
510
750
869
426
541
726
419
830
264
187
337
840
221
88
112
908
646
649
544
760
991
539
732
319
725
664
250
913
975
515
98
898
901
483
486
799
994
436
368
832
389
254
457
798
710
660
630
667
318
145
342
764
210
44
466
261
546
286
330
856
453
275
228
91
948
505
600
235
436
779
478
226
855
449
355
826
480
170
530
684
572
649
485
731
112
988
167
70
584
280
99
951
368
821
112
128
638
720
123
55
181
951
180
918
401
720
66
924
171
894
74
47
90
922
358
809
772
605
214
132
293
116
830
566
917
507
900
448
164
951
646
251
348
819
321
182
747
684
65
24
167
150
318
173
886
629
250
200
686
391
809
350
24
932
394
800
704
627
276
876
335
862
336
148
610
353
570
742
837
466
144
84
547
292
407
741
671
635
948
478
836
499
825
598
266
72
660
699
249
882
51
980
687
732
276
798
301
913
114
55
319
164
669
626
928
507
220
150
345
819
314
853
926
498
401
191
507
741
821
571
868
577
212
920
587
336
793
617
292
781
472
269
493
324
63
7
801
623
649
348
540
302
637
663
520
247
192
108
601
707
330
189
694
587
503
274
119
992
567
236
118
957
529
795
917
493
817
608
253
81
622
660
655
310
404
227
604
373
158
54
392
222
369
145
100
87
426
820
681
316
326
769
290
867
179
928
425
186
811
662
129
110
753
637
212
192
623
293
663
647
448
794
425
158
421
749
702
356
611
353
798
609
699
287
958
468
656
597
590
353
909
473
394
185
11
22
814
440
180
949
355
133
880
496
488
721
973
585
708
648
14
980
988
568
209
107
827
571
22
950
861
626
409
135
270
49
63
930
472
286
579
313
517
308
194
89
341
186
542
315
424
844
191
129
500
236
842
572
813
337
892
606
80
870
571
252
115
952
549
309
612
312
758
691
936
448
590
338
921
491
547
690
139
95
529
691
738
325
623
251
463
785
575
312
648
623
213
961
538
726
609
349
199
910
496
718
229
58
736
461
855
458
728
686
559
289
799
613
704
689
490
708
950
472
463
247
70
873
578
312
123609.0
782
454
809
460
967
473
603
253
720
324
756
344
81
50
565
782
114
102
803
484
483
256
113
106
174
904
80
19
685
699
373
264
119
110
178
100
791
389
402
769
710
304
396
742
264
911
239
121
470
782
603
676
981
523
327
872
770
565
322
93
503
779
657
667
930
476
114
36
218
936
783
576
316
762
378
822
137
24
440
257
60
961
908
388
349
784
10
993
699
435
260
142
447
276
57
911
566
274
334
824
926
546
304
161
237
819
296
103
663
329
925
547
445
763
573
637
914
429
51
917
791
342
301
102
696
696
198
73
234
164
213
133
498
672
316
139
883
584
973
569
286
150
882
377
631
316
351
906
147
876
891
373
541
739
672
638
803
600
214
58
552
704
460
239
814
409
219
939
231
90
263
940
608
302
246
856
368
138
751
537
429
772
813
447
196
90
823
583
430
821
402
827
194
907
156
906
87
49
297
136
954
450
344
816
218
853
288
111
785
352
227
856
228
166
221
926
330
799
513
175
498
307
68
967
791
603
189
909
143
932
294
824
187
25
930
467
667
350
309
155
763
659
858
567
302
171
542
298
852
572
418
271
21
995
542
670
369
776
824
569
120
21
363
781
706
394
778
446
979
529
952
426
885
432
108
893
515
193
803
384
876
551
421
237
951
579
133
910
165
19
353
228
953
505
597
240
849
412
913
557
655
275
581
744
642
611
435
834
849
471
289
134
868
632
533
719
319
771
655
677
375
172
851
569
452
162
299
153
241
867
912
581
136
965
112
88
353
168
163
999
930
401
502
300
875
499
666
339
566
254
925
516
365
146
718
376
653
685
683
298
171
847
288
897
685
335
737
575
370
113
696
665
255
936
567
704
139
878
161
95
529
730
487
265
503
214
209
918
485
272
432
845
908
467
481
848
481
237
550
300
434
813
119
898
51
28
560
776
794
396
848
483
821
410
175
853
522
218
141
939
432
795
335
764
125
55
772
531
189
113
302
107
751
328
964
564
368
825
152
999
443
816
109
86
669
362
618
337
394
852
921
458
973
479
584
324
127
99
372
820
188
869
953
536
525
781
585
738
660
680
106
922
122
31
443
276
607
749
206
906
869
364
773
355
456
284
651
694
519
298
908
524
605
737
414
879
912
503
110
976
522
343
659
277
295
206
703
281
306
143
762
369
289
872
630
340
505
275
724
321
328
230
373
226
685
407
724
598
358
160
227
895
807
603
753
392
260
149
309
193
434
262
929
555
440
261
480
230
337
796
330
100
192
815
50
28
589
337
569
334
924
527
686
722
718
304
254
86
826
429
264
107
994
463
211
103
837
559
292
213
481
806
343
158
658
409
824
404
217
900
521
271
166
900
572
682
719
623
240
85
692
674
122
891
970
503
318
823
512
226
464
859
947
453
276
163
362
732
575
231
688
277
701
341
197
109
204
930
436
792
100
72
375
178
213
913
680
311
143
875
93
119
96
48
578
303
219
151
132
73
89
918
141
14
338
127
732
337
87
952
212
874
910
463
935
525
865
650
159
33
610
679
282
86
356
746
531
242
88
900
241
845
357
745
752
344
393
713
841
565
508
747
192
101
519
222
687
368
245
99
246
62
268
853
723
621
624
272
928
574
163
913
517
726
594
328
787
345
847
555
910
512
772
325
81
897
488
246
271
86
186
68
706
342
289
131
118
64
153
874
395
778
672
368
970
564
290
811
217
107
271
153
914
495
365
871
472
169
886
514
832
359
151
10
584
715
739
421
449
223
548
633
690
604
10
966
676
335
748
579
542
680
616
344
461
839
305
858
725
339
264
850
675
362
482
695
5
66
324
846
59
2
358
239
958
462
923
469
198
882
621
340
679
628
461
789
705
650
253
898
443
869
316
904
237
937
301
217
673
665
302
131
177
61
228
124
402
770
642
307
186
840
767
418
368
793
536
684
707
373
421
189
286
910
580
267
768
668
750
582
814
352
493
770
864
597
864
445
570
702
906
466
444
732
47
975
933
532
11
3
156
921
911
489
624
286
904
427
738
307
91
42
838
485
262
838
848
435
201
57
711
331
250
836
106
946
259
89
593
758
657
591
666
724
95
985
303
880
726
621
325
161
172
927
345
815
812
432
526
763
777
313
266
69
482
837
239
100
443
791
633
725
623
286
952
460
649
607
985
425
660
372
165
981
467
240
638
738
549
709
520
275
695
699
626
332
82
99
527
248
557
705
282
127
456
267
173
866
951
568
815
581
682
340
519
807
792
436
687
409
675
385
950
535
471
803
152
83
731
681
126822.5
957
503
943
527
833
622
475
826
640
751
576
730
136
851
412
293
297
856
960
521
392
790
124
938
221
49
117
930
720
390
416
830
325
856
240
814
716
663
522
253
507
729
514
187
196
81
92
961
493
215
558
261
946
494
262
120
876
516
192
899
549
313
798
388
860
563
104
889
230
104
777
378
413
189
311
170
147
974
554
757
205
136
736
678
424
175
26
106
940
502
372
856
451
757
145
122
494
807
291
117
961
535
439
813
400
234
322
853
745
660
846
460
533
252
744
409
894
493
259
167
772
629
274
858
536
298
133
908
237
916
166
955
810
427
184
958
876
467
925
463
296
797
782
686
658
743
110
69
342
162
787
640
516
302
765
398
738
347
169
937
475
244
502
792
835
592
103
139
210
943
185
157
559
752
256
122
364
870
893
559
493
273
875
480
229
924
870
464
430
167
346
181
261
132
189
40
92
980
157
937
874
580
340
138
285
236
168
919
709
679
311
175
303
765
252
96
380
252
348
860
609
721
117
111
795
406
231
171
160
32
393
156
80
956
970
478
749
614
310
789
558
259
901
504
230
912
496
719
857
366
612
660
54
86
697
343
407
260
779
422
173
924
452
274
809
667
806
608
926
554
815
670
996
476
391
202
485
745
676
665
754
400
440
813
928
423
199
60
35
992
432
814
991
518
362
849
794
572
952
438
613
681
588
242
921
445
343
226
795
587
216
959
764
435
658
334
337
158
649
383
245
908
836
338
187
927
226
940
189
54
746
368
222
133
254
823
360
756
99
34
664
689
720
624
896
550
694
670
543
654
832
441
338
901
795
655
672
335
586
650
347
199
199
3
825
598
985
514
236
957
720
430
288
133
600
260
155
90
217
838
441
234
621
680
363
876
233
78
527
758
311
89
862
510
268
65
496
837
612
788
360
192
202
148
72
895
421
249
804
581
974
603
963
515
365
123
545
692
201
79
319
136
651
323
88
894
983
461
143
897
204
942
678
616
844
402
459
196
73
23
393
235
271
884
863
539
842
576
363
137
985
450
999
486
705
701
267
924
338
226
345
186
844
414
615
303
493
298
651
362
99
14
54
918
628
742
433
251
324
175
695
686
556
734
528
710
536
296
597
695
920
423
522
249
170
50
934
580
129
77
592
736
597
651
486
739
622
648
225
927
856
581
399
209
809
613
714
631
782
606
346
819
603
718
638
687
788
477
315
930
255
147
943
448
879
581
331
809
313
817
410
801
801
375
527
695
604
676
221
109
239
960
437
185
71
922
747
630
779
594
906
420
672
351
611
726
257
818
940
521
135
909
906
511
237
933
889
517
417
761
518
276
443
810
810
528
861
643
97
83
638
630
73
73
627
337
744
458
319
833
744
368
158
35
985
462
307
203
560
732
422
225
850
627
255
862
619
283
499
689
706
636
697
667
50
966
208
97
429
220
263
896
323
785
284
165
769
590
243
173
147
873
151
900
576
637
317
818
177
991
37
34
41
935
410
787
807
563
224
127
423
214
984
452
836
393
732
392
64
936
583
316
156
997
531
291
517
792
206
190
313
224
566
243
620
649
552
188
877
415
514
188
214
972
550
709
616
661
355
828
114
861
167
113
744
334
496
801
946
425
175
35
631
330
543
754
668
626
740
365
933
401
654
630
159
34
520
788
60
985
149
835
641
755
284
921
201
884
264
58
477
318
773
584
979
502
323
99
149
935
394
776
890
530
184
30
257
931
982
573
597
701
100
992
530
210
813
545
524
720
861
436
847
368
52
36
598
698
865
444
621
268
827
557
258
147
346
217
795
605
359
240
886
566
643
292
213
906
318
171
140
947
623
683
898
518
939
439
344
176
832
567
867
454
466
262
727
325
233
168
104
67
201
182
201
120
389
775
779
388
228
887
184
918
290
877
552
324
570
656
377
227
798
674
468
201
472
227
745
539
409
871
177
104
429
783
658
238
953
477
669
731
450
158
933
498
933
457
451
245
875
521
612
267
127
122
986
527
134
963
98
27
925
549
588
761
844
532
695
667
133
985
961
456
376
156
866
506
88
969
632
623
325
99
1
8
203
894
528
340
880
481
488
286
24
72
255
91
814
351
297
797
128
75
253
165
882
538
308
145
580
768
167
932
359
212
236
959
392
142
560
223
503
772
992
465
949
491
860
514
740
709
89
96
520
660
468
224
648
268
525
705
673
332
605
697
109
931
492
676
575
301
241
950
678
660
208
92
959
480
887
411
810
630
482
293
992
518
875
577
763
633
895
512
313
144
315
824
763
389
126091.5
993
452
941
480
883
406
311
144
418
260
479
275
317
126
512
761
361
204
998
514
422
293
192
121
104
992
111
46
651
708
343
260
346
131
455
274
657
280
517
815
642
321
345
896
125
894
64
115
393
724
574
663
943
470
349
785
872
481
25
14
607
741
753
546
911
443
245
43
174
924
837
616
460
810
232
898
154
35
663
326
165
935
638
240
373
802
308
867
940
504
255
82
565
258
319
800
375
145
206
948
902
389
430
257
495
700
423
186
789
362
868
523
546
800
715
678
865
443
391
757
768
308
377
240
732
616
266
82
155
52
127
3
882
492
204
78
819
601
931
595
424
214
604
303
426
259
140
984
337
834
669
296
582
741
872
554
690
747
123
128
472
777
416
180
829
485
204
839
78
42
432
799
643
316
210
913
353
204
856
456
605
694
942
534
123
14
889
550
305
846
364
833
423
782
53
931
119
107
11
17
905
495
337
868
489
701
134
66
638
304
316
822
347
180
200
987
458
831
293
239
698
350
147
875
852
540
509
749
88
984
380
832
30
44
905
469
735
375
519
273
542
772
973
466
32
20
597
314
792
615
665
240
126
918
834
584
607
662
902
546
234
154
554
813
766
387
900
465
996
502
614
356
994
563
366
811
630
321
565
319
774
600
293
101
899
511
152
979
96
22
225
121
862
389
263
87
825
408
925
555
820
401
412
753
817
573
410
763
713
315
153
130
905
616
713
576
331
861
663
644
119
5
712
642
157
164
27
5
54
941
784
584
329
805
326
144
646
320
77
902
495
244
898
433
989
538
712
362
643
375
763
623
141
54
595
312
518
718
650
399
353
837
39
936
808
447
821
397
42
6
836
515
395
805
643
703
17
977
422
223
481
820
670
252
295
187
141
916
574
303
349
827
818
424
217
912
305
99
533
221
291
906
159
892
243
64
469
707
812
489
806
469
872
566
262
863
633
318
196
952
263
876
751
607
215
182
987
445
266
70
211
123
787
351
823
549
411
856
148
974
422
778
73
27
980
420
889
401
322
818
980
472
986
475
629
249
207
123
449
748
339
759
842
532
670
706
604
783
705
646
100
989
254
138
599
306
553
681
364
885
650
392
608
363
541
324
666
690
548
257
740
594
501
668
198
863
782
394
303
873
455
181
511
262
454
175
852
423
143
103
771
347
482
703
717
318
735
280
903
452
259
96
615
313
761
348
937
437
9
32
325
818
741
631
744
334
500
232
384
149
434
230
840
620
743
384
688
298
331
844
23
24
523
755
153
92
756
345
833
472
681
676
827
550
442
196
320
113
817
415
117
113
873
428
158
102
854
582
438
169
591
716
441
223
1000
571
708
299
109
991
688
336
184
865
610
627
859
598
324
79
580
695
33
936
967
562
459
787
699
365
334
806
778
367
304
132
548
794
459
216
600
311
549
259
93
40
232
939
446
784
202
131
335
171
467
754
838
510
394
778
215
160
204
49
765
353
323
175
144
50
99
971
101
82
265
146
809
469
209
822
438
814
933
616
860
623
855
589
234
98
654
613
16
91
629
705
322
109
298
875
376
773
576
757
721
298
352
743
838
511
323
817
141
18
518
290
769
391
401
152
311
79
267
836
588
649
247
147
940
495
88
904
611
634
522
245
764
396
626
669
690
664
815
416
109
984
424
305
56
44
263
179
552
304
61
42
288
78
38
952
521
722
863
507
997
571
259
829
170
126
594
321
908
550
12
970
122
28
961
493
456
236
7
1
430
733
903
520
470
280
766
614
640
667
28
988
694
302
933
552
607
633
925
417
402
767
397
836
800
316
341
843
680
334
518
696
165
74
278
909
167
33
599
327
998
506
725
631
206
906
805
449
975
475
562
766
750
643
234
866
169
887
527
736
267
856
489
184
799
554
219
199
104
98
312
125
722
597
685
318
382
783
576
309
359
764
486
802
936
500
133
33
200
937
595
289
470
731
999
467
373
178
186
918
980
524
795
584
518
827
892
463
589
763
177
929
861
573
77
15
149
909
970
453
426
195
939
434
646
278
159
79
891
473
119
942
941
508
76
110
593
287
244
822
15
970
303
137
560
685
876
526
554
779
104
969
167
993
743
668
393
211
35
978
313
808
910
413
242
939
451
311
187
144
347
846
53
7
328
913
442
773
455
196
875
539
908
472
909
504
681
310
259
910
713
290
430
736
657
708
451
253
611
654
594
214
36
67
722
408
523
748
81
59
735
333
214
816
839
555
755
610
748
388
511
710
963
508
925
439
795
386
1000
518
336
867
380
215
703
646
126699.0
914
486
962
479
963
534
322
760
345
837
680
640
409
777
418
218
261
886
809
403
573
631
364
797
73
106
99
914
484
266
472
828
360
859
616
705
424
816
431
224
639
609
155
138
402
203
302
883
599
320
772
436
860
537
465
252
940
535
1
935
382
211
969
457
848
506
69
996
223
79
776
389
442
153
186
156
114
916
726
650
101
42
430
762
478
216
217
79
845
403
179
832
439
841
403
224
290
845
71
111
757
698
483
786
648
339
379
784
623
660
789
381
517
241
602
356
858
488
553
274
690
626
500
710
629
316
176
909
114
988
73
930
934
491
231
838
821
427
797
397
282
862
669
637
598
681
5
38
446
263
614
752
657
325
903
407
687
342
341
822
427
232
379
740
893
557
503
254
22
960
297
161
661
692
220
131
563
733
891
628
617
326
877
496
143
905
927
499
276
166
468
207
443
285
267
114
152
975
71
986
926
462
123
43
700
343
6
971
725
631
330
198
391
808
80
29
507
260
513
747
706
651
239
135
957
405
667
346
82
62
471
220
94
945
919
475
803
535
513
721
371
193
959
512
142
891
612
699
677
312
386
763
154
70
890
514
652
341
903
418
353
758
298
97
722
711
994
521
953
508
655
609
972
534
428
233
677
681
695
713
883
435
278
914
888
431
127
82
23
940
316
799
689
667
146
956
847
621
822
398
880
514
466
201
876
393
406
150
654
594
149
956
838
440
831
465
311
165
813
446
143
959
652
327
385
810
19
937
100
103
815
432
296
181
239
834
589
649
247
175
518
680
765
570
880
507
703
610
692
611
858
391
127
861
708
680
758
378
849
574
363
129
168
5
761
638
751
659
19
989
893
405
364
256
554
350
13
29
289
872
295
171
541
769
481
717
205
150
671
615
287
181
721
638
249
171
286
860
504
773
328
175
217
172
181
913
625
346
956
506
814
600
795
416
274
167
713
645
186
59
351
224
849
488
351
769
786
569
70
988
139
943
771
609
893
366
165
49
61
41
464
318
133
992
911
577
810
536
417
263
877
584
876
430
448
809
67
963
558
281
457
193
842
386
721
340
404
229
617
316
149
39
237
835
672
675
815
398
121
79
879
543
753
685
769
612
620
342
646
696
915
434
732
316
366
194
668
667
287
227
454
775
508
789
346
791
734
634
186
825
571
698
590
334
546
757
382
798
943
514
332
833
626
599
744
645
734
638
62
962
430
186
762
394
611
758
330
827
470
771
500
787
798
382
723
714
582
792
222
140
14
929
485
339
181
953
750
563
925
456
603
229
916
394
348
852
240
871
896
577
199
857
843
488
125
890
664
329
229
915
501
197
472
723
772
404
719
621
44
14
512
754
282
222
701
353
822
415
184
907
518
298
240
101
931
436
439
268
689
622
347
175
617
682
218
925
532
276
537
727
620
637
467
749
119
908
163
67
402
160
390
830
325
864
618
309
943
566
401
238
278
918
120
902
884
550
383
770
76
924
145
23
230
864
373
871
984
432
281
123
347
112
686
358
858
432
766
335
238
873
796
442
73
995
497
263
273
905
254
61
522
292
484
175
667
703
421
180
791
401
387
200
94
954
510
747
738
574
184
945
221
887
354
191
813
434
377
847
964
585
115
72
625
352
548
680
814
560
628
373
780
430
881
527
56
10
604
779
67
929
426
813
532
710
222
916
68
1000
167
89
472
290
901
572
955
495
187
93
218
926
608
752
910
432
198
93
33
988
968
424
404
807
87
979
467
259
906
534
557
778
769
378
571
278
145
82
619
765
913
407
788
410
922
486
377
191
211
102
717
615
443
195
647
749
529
236
137
886
297
185
53
960
697
597
855
446
805
354
183
99
771
636
896
479
343
171
816
435
243
139
244
86
426
213
254
122
306
822
938
403
379
884
219
900
302
910
726
311
700
675
463
213
749
650
544
321
374
200
910
441
130
926
206
115
688
621
455
245
776
626
247
837
150
35
949
516
850
425
253
158
873
616
420
204
16
39
873
498
81
887
249
66
926
602
555
706
893
538
447
750
149
930
908
568
127
80
953
411
323
853
628
649
368
121
68
92
419
807
488
262
834
410
539
267
35
38
151
59
710
278
437
702
114
72
477
236
909
582
301
160
568
698
383
762
273
79
45
978
223
84
557
312
330
866
839
387
933
524
835
589
533
781
311
177
625
721
446
203
508
299
518
694
864
440
517
731
223
899
790
616
551
337
187
945
491
757
279
103
898
528
876
421
741
625
534
220
900
458
779
642
715
697
915
480
392
165
477
786
707
300
126759.5
880
519
911
596
888
493
588
289
358
184
620
303
420
248
332
792
143
25
720
650
566
273
321
112
102
967
136
147
398
831
392
265
151
53
676
353
429
187
467
810
839
465
259
892
551
727
193
20
712
675
907
573
943
438
465
845
875
388
125
102
427
781
960
446
916
436
79
55
135
897
708
640
331
864
226
889
144
21
654
340
47
1000
355
162
513
717
127
886
720
621
467
209
296
138
528
744
214
148
266
851
650
354
405
287
487
756
522
278
698
308
721
593
479
800
809
635
858
440
456
808
667
291
679
328
560
693
321
131
133
96
283
126
831
601
447
210
777
550
772
598
249
157
649
294
691
291
94
910
491
811
367
196
723
624
840
530
739
591
371
145
616
712
630
297
890
408
491
758
35
75
238
856
562
247
313
904
496
248
683
362
475
756
984
507
154
143
849
447
374
734
501
700
621
623
159
942
80
121
126
58
859
586
97
877
581
676
45
94
703
332
352
842
289
120
162
898
571
673
553
206
690
367
336
840
915
531
646
735
108
941
433
811
96
63
950
510
925
476
594
295
554
735
890
388
103
69
653
369
602
637
366
162
22
998
844
445
623
679
986
532
573
312
297
831
553
296
863
578
963
545
898
485
928
376
363
829
645
289
684
300
867
614
168
34
743
590
145
914
77
98
454
291
521
240
182
121
741
419
775
590
957
493
389
869
767
541
266
889
801
357
105
143
867
578
961
478
414
798
890
570
49
94
557
733
402
119
145
8
254
890
896
469
252
849
372
160
703
370
287
913
497
225
841
356
974
574
740
332
822
477
822
577
345
152
654
348
871
542
771
399
268
806
66
972
767
406
829
426
66
24
720
654
577
685
873
550
78
933
145
65
246
878
537
296
706
343
489
758
763
436
469
719
655
295
454
803
227
176
564
263
344
854
275
821
44
46
772
672
963
446
768
424
755
567
351
775
708
276
133
874
577
727
960
560
470
268
727
333
23
10
55
50
747
351
722
723
85
873
178
895
708
649
45
10
915
494
874
421
365
823
864
500
730
634
364
151
230
127
462
790
460
815
635
676
653
727
401
856
710
672
180
868
309
87
699
363
696
650
65
959
917
508
500
243
854
459
528
732
607
232
993
467
585
724
328
863
775
402
569
686
419
181
590
290
404
263
684
324
399
153
598
210
753
587
405
147
410
265
931
405
410
248
826
394
742
451
709
276
210
78
435
810
753
698
346
150
332
164
385
240
339
181
592
708
603
297
283
131
185
870
271
117
604
707
46
66
995
525
858
568
495
795
740
573
385
163
284
130
859
358
273
128
916
481
314
134
641
634
141
30
432
818
551
273
814
656
628
332
46
996
415
172
380
833
783
576
949
562
247
120
567
666
239
883
920
565
411
805
619
316
364
799
582
351
213
144
589
691
535
213
612
280
416
205
342
192
152
930
398
786
344
143
143
67
710
672
734
369
333
837
167
67
173
80
840
379
536
284
202
78
211
891
293
153
238
127
925
529
239
881
337
809
759
620
942
476
687
652
297
190
874
589
41
36
409
823
194
163
216
856
542
731
276
822
591
324
182
915
814
662
490
716
19
6
370
210
986
486
282
148
222
17
327
832
829
600
327
147
692
360
181
987
749
613
541
225
885
437
868
539
924
556
903
514
22
920
537
241
183
120
240
113
635
284
293
171
70
24
53
994
548
662
844
420
855
449
282
862
137
45
427
203
814
615
175
904
41
84
864
556
413
127
15
5
668
690
835
448
379
236
676
619
550
730
212
936
370
221
803
619
866
566
975
592
378
884
98
907
864
388
305
867
581
260
439
807
194
79
362
730
221
97
871
386
956
458
643
687
189
955
809
385
879
544
325
748
812
647
113
956
313
853
538
753
283
867
356
174
900
576
214
143
226
186
219
36
638
728
655
386
509
732
775
361
543
727
317
881
720
626
33
37
322
874
741
424
451
792
710
331
292
211
200
882
878
430
855
670
258
929
783
307
407
715
206
929
911
506
184
149
32
935
846
396
630
260
879
457
466
221
216
135
893
431
224
859
776
603
207
52
523
272
241
838
371
820
333
116
366
818
761
599
513
673
95
932
127
937
637
692
675
383
227
943
409
854
819
499
414
819
773
381
444
176
98
910
103
22
84
960
686
652
213
93
619
674
907
535
923
492
383
162
308
777
607
280
495
743
627
615
614
273
775
624
540
274
148
70
752
347
594
704
169
43
442
277
277
922
792
404
809
573
756
407
423
702
773
588
694
424
442
208
967
543
276
915
500
221
593
758
