500
10
132221.0
476
736
303
137
875
485
386
754
474
151
402
689
164
93
480
803
845
398
825
381
249
879
121
906
824
535
371
86
983
482
262
203
263
931
867
467
954
572
604
297
556
816
942
574
932
694
843
580
577
739
268
898
615
652
141
993
972
465
659
327
661
388
699
114
570
772
646
359
664
196
576
719
740
382
489
669
361
791
425
779
401
823
474
802
360
185
533
738
979
534
220
910
924
566
236
197
274
770
841
411
79
995
650
692
484
890
679
608
92
935
116
3
185
833
369
142
546
726
402
749
540
798
599
637
931
463
524
886
458
844
340
783
484
635
519
633
823
383
473
690
234
923
921
532
640
752
882
583
996
655
379
421
127
123
257
196
35
976
203
780
599
629
418
145
841
496
385
270
596
732
921
671
527
716
856
449
753
411
833
431
886
584
400
245
959
400
526
900
795
695
427
753
216
24
591
739
570
671
585
327
75
53
667
547
417
335
255
976
588
750
658
333
911
334
345
85
319
142
857
406
427
83
160
153
847
505
694
514
255
906
505
210
770
297
893
407
706
473
495
889
764
753
436
880
364
958
512
224
786
412
607
232
623
389
378
389
321
791
271
227
288
108
916
456
357
215
550
313
185
63
63
130
174
971
652
318
391
815
876
551
835
392
917
484
775
564
985
540
677
634
935
544
678
629
80
98
395
54
535
971
344
183
483
165
630
197
125
56
845
396
586
703
984
531
820
526
528
419
245
89
648
757
267
247
527
747
156
120
447
719
308
866
670
339
870
588
723
623
831
546
159
38
563
799
227
990
656
279
356
181
956
470
474
163
375
143
436
313
738
516
740
326
470
802
84
988
756
249
916
664
178
904
505
114
105
990
582
637
494
652
294
758
476
211
664
601
770
220
129
854
708
266
788
382
973
433
619
536
346
255
702
293
365
158
782
539
252
123
890
500
339
855
491
694
860
445
360
901
694
714
924
335
49
987
168
25
989
513
626
602
502
649
186
975
138
115
327
124
749
413
474
717
324
324
959
615
422
933
389
199
516
397
484
988
449
226
553
868
427
199
587
294
261
880
191
134
574
644
857
507
211
855
297
933
470
166
612
793
759
461
253
941
361
913
512
403
271
903
14
25
186
13
352
865
166
849
573
440
60
68
253
87
164
866
293
834
740
449
842
461
216
905
710
789
377
232
590
794
798
428
850
436
346
193
368
187
319
150
106
818
713
731
113
137
627
306
695
360
736
482
840
502
240
59
308
974
158
63
909
683
414
232
661
757
732
315
950
503
285
893
957
420
584
313
188
17
17
40
206
991
730
711
569
751
672
258
341
78
948
490
527
210
68
21
732
571
59
879
193
241
109
927
788
323
754
517
734
816
99
75
224
959
261
768
208
765
232
870
739
833
556
652
319
267
886
514
439
560
797
474
599
265
937
437
510
294
675
278
917
579
391
158
683
209
678
309
830
380
327
959
564
739
294
179
265
790
234
780
588
828
862
251
647
416
669
644
134
877
487
854
553
556
112
108
774
349
644
412
513
347
742
337
542
330
993
467
341
197
866
326
702
627
678
250
371
859
430
753
689
260
235
812
905
524
245
905
723
599
857
393
548
821
373
867
342
146
477
672
868
627
154
26
684
753
54
72
537
751
208
937
397
936
674
164
549
291
425
167
543
819
922
801
398
871
73
959
840
457
913
647
121
5
264
916
336
890
907
478
985
546
764
540
168
793
81
7
737
544
913
617
873
461
596
694
879
370
742
591
598
249
809
532
214
864
664
751
430
699
194
820
426
836
710
450
634
348
718
624
565
692
962
337
796
581
465
626
853
501
856
432
991
661
453
247
847
388
764
624
166
39
577
269
283
828
206
103
965
421
193
962
305
78
686
549
514
595
946
749
186
159
895
205
113
105
353
26
598
409
127
177
717
635
83
951
273
67
407
95
525
315
490
694
270
962
302
204
722
576
617
188
578
263
338
265
992
574
307
278
984
512
602
277
556
308
202
962
311
916
331
666
718
337
861
381
384
738
484
323
846
412
855
415
843
435
434
364
878
395
170
990
428
793
699
662
962
353
304
904
680
587
335
231
628
635
517
869
314
400
233
874
921
575
182
862
156
95
526
306
167
152
933
513
161
89
158
114
852
558
871
353
635
268
436
830
747
540
333
905
363
807
863
622
230
851
495
270
661
723
252
851
818
344
696
627
784
592
680
603
134
958
482
270
903
347
417
188
426
286
51
954
686
297
915
385
295
61
608
650
935
348
320
876
379
854
280
917
293
27
658
306
129238.5
488
251
290
862
876
580
490
310
356
882
575
314
196
929
335
179
731
639
893
575
133
101
234
71
961
540
184
953
965
459
478
779
29
1
890
522
809
447
552
800
255
134
868
524
639
371
854
449
419
211
77
42
786
410
139
36
812
623
657
693
868
536
387
810
483
278
803
641
441
804
546
278
797
677
676
333
498
248
464
232
415
195
557
285
433
716
577
360
931
381
142
103
876
501
470
762
290
141
858
509
70
103
475
260
170
13
756
362
263
130
120
963
332
124
227
954
611
315
411
152
308
136
804
345
956
590
321
196
423
196
553
278
626
318
720
391
829
576
650
280
259
109
946
557
477
283
907
419
661
392
928
508
246
827
398
790
62
24
455
249
741
278
251
917
852
575
608
716
629
262
724
382
666
375
938
466
849
492
798
602
837
347
654
667
937
540
159
129
585
367
523
307
13
955
549
245
585
256
697
586
157
982
782
374
644
748
97
75
555
337
779
643
736
579
191
909
313
862
768
681
63
995
323
833
883
542
938
443
357
188
497
698
627
748
874
571
778
618
223
32
502
222
64
30
46
85
357
821
833
672
550
732
765
561
657
640
493
228
450
710
358
792
912
481
433
873
705
651
168
933
351
866
232
129
610
682
440
190
958
436
775
684
979
581
942
446
898
416
723
352
786
367
616
321
212
855
44
990
76
99
326
830
277
863
422
734
101
933
902
555
553
197
968
511
931
566
847
555
281
874
618
291
492
756
421
185
275
912
662
320
223
153
686
624
792
402
724
306
814
393
105
989
523
299
106
13
547
793
516
722
984
455
219
864
242
930
602
645
905
473
614
688
469
285
108
13
534
682
640
369
31
22
151
923
87
107
779
438
770
354
427
156
411
881
914
486
414
716
167
116
474
721
812
588
884
621
943
387
448
724
575
665
237
876
942
531
159
914
959
442
233
95
584
320
810
578
196
101
741
375
622
637
78
96
111
928
932
483
692
312
516
263
28
6
156
974
327
866
696
645
531
220
691
721
662
322
196
122
427
739
837
639
32
59
473
684
279
48
413
815
603
760
243
109
123
914
619
318
940
417
223
49
320
165
390
794
414
159
970
472
215
123
291
143
649
675
78
12
37
984
97
938
193
111
346
221
860
621
250
840
177
986
181
91
268
92
989
553
954
597
66
35
426
207
373
860
534
250
950
518
792
650
282
891
407
823
396
847
277
179
557
208
327
800
573
674
696
688
865
595
909
412
104
986
125
89
108
865
769
356
453
861
459
298
655
608
998
526
175
9
848
643
758
639
6
965
134
910
140
37
610
245
529
343
659
644
195
930
954
583
515
741
141
960
826
463
241
60
422
758
94
23
608
718
883
564
500
249
214
903
118
79
424
278
597
276
372
166
498
260
735
318
499
828
909
516
995
535
912
592
500
745
733
658
715
670
635
687
857
415
252
901
333
806
702
634
816
620
102
91
354
186
435
730
565
282
577
267
197
96
598
713
971
537
741
316
338
190
402
197
873
513
199
889
610
732
680
686
647
717
764
586
605
732
958
447
415
774
520
722
757
301
570
731
219
86
392
186
608
688
400
188
904
504
238
80
712
397
772
596
229
146
289
194
318
856
471
231
749
454
131
933
428
214
86
954
454
150
154
37
138
54
323
764
620
755
223
870
458
277
395
276
257
207
232
123
916
498
721
410
113
941
154
17
224
190
840
617
984
476
796
417
281
130
105
961
876
385
697
334
931
587
571
215
766
549
861
379
438
736
765
388
332
151
536
319
568
261
299
156
299
155
928
454
556
712
907
466
626
218
659
662
818
348
767
441
881
473
872
572
726
354
595
752
797
571
758
373
65
976
405
768
210
114
230
931
853
531
109
87
146
849
850
422
833
369
511
328
215
887
394
766
88
955
135
981
836
571
405
824
808
452
187
86
58
992
257
903
715
601
580
209
192
136
394
797
727
383
528
715
522
773
447
755
813
401
504
712
890
581
531
745
488
782
96
62
136
150
595
254
615
650
733
682
414
164
495
768
801
565
891
547
894
555
748
583
829
580
13
46
277
112
733
319
789
627
105
4
894
402
524
713
667
345
337
191
742
670
301
112
859
379
223
160
172
994
504
789
405
815
951
566
136
917
109
944
918
445
743
600
659
678
343
125
895
403
78
37
516
271
782
471
236
79
522
827
597
328
460
217
823
593
696
310
692
384
729
312
79
128
517
761
660
607
219
870
581
753
165
30
466
795
654
679
192
874
755
345
795
606
260
222
294
49
147
123
65
891
561
652
128458.0
588
708
371
169
780
377
613
789
224
123
649
622
150
154
389
770
831
389
823
360
223
810
204
870
950
559
129
102
811
624
429
229
49
939
992
453
969
523
519
253
271
766
889
442
915
533
919
520
545
742
167
936
894
599
193
893
804
398
809
406
872
416
377
135
507
675
613
348
374
188
554
807
725
348
574
736
311
838
373
860
384
853
443
814
634
251
700
734
718
590
185
981
833
588
436
244
276
936
978
491
60
975
519
676
69
944
688
680
390
834
164
63
249
898
111
112
531
709
326
822
137
956
828
583
863
450
316
817
219
903
444
766
789
619
817
611
744
402
616
745
213
807
801
349
460
785
903
578
723
621
987
395
270
94
487
219
187
896
557
735
622
723
203
176
867
379
563
333
569
788
756
533
627
696
898
539
921
603
649
340
785
568
572
279
757
387
351
799
717
582
724
643
82
69
583
712
400
759
811
442
119
92
741
550
532
205
173
861
672
751
783
447
843
417
272
92
273
88
625
390
97
69
245
74
935
526
916
608
372
839
682
299
616
271
759
409
771
308
244
882
453
726
184
920
189
983
187
84
805
406
413
237
854
394
754
381
557
771
556
227
328
188
847
586
228
103
726
349
100
54
252
53
290
772
643
399
541
738
982
542
691
401
961
519
840
533
833
510
798
647
669
719
746
603
197
82
12
36
173
979
300
101
376
212
617
308
50
49
896
502
409
878
908
478
931
460
835
353
379
203
657
671
470
193
411
759
228
118
614
765
226
846
913
472
853
518
545
788
854
634
162
53
542
691
61
890
457
233
458
192
844
603
324
199
296
156
774
427
875
443
694
333
498
781
2
914
744
370
883
535
184
920
99
122
114
911
723
636
712
730
374
789
211
70
893
573
459
253
288
918
537
305
821
397
788
318
836
605
528
301
770
419
154
49
981
528
272
131
900
639
291
882
516
748
843
354
286
800
749
532
853
447
236
889
131
142
938
484
641
684
577
782
170
895
79
7
243
104
640
327
312
842
511
259
752
598
343
831
409
227
734
337
166
897
641
292
209
913
268
109
401
249
185
970
108
120
643
730
910
574
27
994
436
814
429
231
299
805
786
601
335
886
282
864
581
237
31
943
51
116
148
93
171
886
399
829
649
301
254
109
8
30
296
873
27
976
850
365
755
309
138
917
378
739
285
85
542
772
937
530
681
338
220
160
365
195
393
237
321
844
352
839
441
215
584
269
467
253
678
343
843
556
104
10
109
950
275
113
775
613
275
220
659
627
836
347
991
468
70
937
808
356
613
349
68
2
253
179
66
926
563
679
633
658
752
357
158
146
802
483
406
202
184
58
832
560
134
898
359
162
131
878
569
339
865
482
534
762
340
173
70
988
577
745
408
815
347
782
404
780
780
613
347
160
992
422
878
562
915
493
580
341
735
375
586
289
753
382
838
583
234
85
278
173
699
387
793
353
237
946
493
765
543
300
538
731
488
732
201
833
510
315
934
481
489
744
217
897
263
841
948
534
154
83
659
315
628
298
532
330
766
324
450
196
819
624
567
274
640
325
711
599
652
325
245
938
331
819
642
377
208
890
920
522
208
843
922
553
777
414
354
877
304
877
147
73
301
838
883
474
206
135
355
780
68
5
216
857
161
915
285
849
472
310
429
241
291
150
577
625
657
641
456
766
192
892
860
555
878
545
130
8
65
919
466
765
739
299
914
565
896
587
142
952
99
54
816
584
642
607
866
399
461
734
939
397
826
619
454
215
804
652
193
936
593
771
529
792
255
840
381
802
821
627
577
363
834
623
396
737
759
381
718
675
841
614
933
465
979
487
844
579
516
308
847
487
739
612
101
74
629
313
98
985
152
64
898
539
208
972
453
209
972
478
734
661
691
697
133
22
569
328
220
95
121
43
863
428
257
114
875
635
88
934
148
52
214
153
789
299
321
843
257
787
388
155
723
611
716
341
334
186
479
224
907
524
462
204
752
431
336
181
316
136
185
938
269
891
585
736
757
377
534
315
295
909
523
210
751
400
905
540
932
423
814
402
889
396
125
880
386
795
660
638
701
398
58
948
910
529
563
288
711
712
494
796
561
303
315
843
670
629
258
894
68
15
503
201
260
150
913
469
210
120
301
155
745
604
847
485
790
384
93
947
799
582
114
931
688
657
964
560
254
893
336
155
770
638
377
764
847
377
505
764
783
614
581
664
188
907
438
200
969
486
264
175
409
176
65
981
449
262
570
234
106
43
716
669
931
491
339
848
133
867
241
957
168
59
627
337
126579.0
483
244
372
855
741
580
293
112
152
877
605
306
399
855
436
242
770
639
696
584
504
277
317
108
855
500
364
828
655
346
365
799
182
45
841
609
954
527
492
791
365
176
887
556
914
535
806
410
444
280
151
39
767
406
109
65
687
685
754
605
810
618
318
773
763
401
684
579
434
848
418
163
598
655
646
289
393
178
111
64
321
198
330
132
547
664
570
208
741
336
170
66
882
407
619
719
62
2
981
564
87
60
550
255
170
113
637
300
241
106
29
944
173
13
314
792
583
301
426
180
84
137
887
380
910
512
434
225
124
111
592
322
622
288
761
338
776
698
537
311
411
185
817
613
413
198
811
393
881
475
673
698
292
820
328
823
109
94
400
225
513
230
466
769
746
708
654
747
494
258
994
490
600
256
855
370
778
339
678
727
898
422
622
685
770
576
461
259
745
336
634
282
59
991
677
359
399
169
851
539
270
887
877
473
459
830
336
215
560
244
817
647
974
537
134
871
52
936
830
532
127
970
187
896
947
435
637
330
393
235
495
767
711
648
663
679
625
730
287
202
488
208
179
73
139
91
121
925
948
503
478
689
758
550
706
653
458
222
370
809
350
846
900
498
93
956
573
695
71
929
176
862
475
246
765
536
505
221
816
442
834
619
910
520
961
536
946
465
651
284
674
348
782
447
278
832
173
908
113
95
176
897
480
826
682
720
52
951
948
539
165
131
896
503
928
626
678
742
411
844
492
247
346
837
453
145
225
916
433
157
271
210
912
602
988
576
579
277
694
411
225
898
632
408
316
107
518
733
209
900
866
373
287
880
199
874
830
653
1000
522
518
725
348
125
125
23
675
675
929
539
80
4
274
898
242
129
590
300
508
234
448
153
234
839
944
460
449
750
327
156
521
764
875
536
665
616
932
442
703
602
838
516
95
994
922
463
64
968
761
323
182
95
471
226
597
661
446
211
926
507
865
536
39
22
163
930
892
475
642
411
373
199
174
26
96
929
222
853
482
772
456
244
355
831
807
435
367
125
424
812
736
646
186
140
532
730
224
69
223
907
422
830
171
106
223
870
478
205
977
480
123
79
291
156
325
827
497
281
890
400
255
70
124
79
467
846
34
50
185
952
127
930
163
148
345
157
633
618
118
967
82
888
330
103
14
47
631
655
624
738
183
173
455
270
262
835
604
310
835
398
569
694
187
901
220
892
465
703
267
94
371
213
506
799
518
819
395
821
721
615
964
478
4
991
118
31
354
831
728
350
287
878
682
381
821
554
974
458
59
45
741
561
656
729
103
932
284
883
143
9
737
330
754
442
680
691
254
869
978
423
405
774
197
893
815
396
244
91
433
810
183
73
698
561
894
453
450
158
460
735
98
63
543
220
289
183
357
168
451
230
751
308
206
936
839
596
841
342
887
423
527
755
606
694
575
711
678
695
906
467
220
892
329
802
760
619
732
690
134
67
570
320
487
797
570
217
641
330
332
236
732
647
853
549
551
342
185
121
388
256
907
432
149
885
675
624
425
790
632
702
577
755
388
830
702
426
454
751
685
668
650
336
708
627
259
100
415
192
724
561
176
104
871
415
405
149
819
423
770
561
292
95
176
126
139
868
201
111
759
620
361
832
495
196
43
963
197
135
71
32
404
184
658
687
460
705
468
757
814
355
837
456
489
255
190
46
977
530
880
470
150
954
194
38
519
293
645
653
798
420
819
387
138
38
33
943
761
380
629
331
796
570
371
205
867
567
785
378
459
758
611
305
152
85
481
229
308
200
361
164
201
98
737
366
585
718
658
320
600
270
755
594
721
346
943
479
989
544
875
524
896
440
567
700
964
444
777
434
317
854
613
671
57
7
196
931
957
534
150
94
293
870
893
444
712
398
590
252
134
903
769
597
181
934
153
930
852
545
86
971
708
304
201
82
160
973
442
776
654
674
321
199
332
121
344
768
594
302
575
743
302
814
492
826
909
472
414
806
872
515
466
736
356
781
108
68
179
38
553
209
747
652
644
600
266
174
466
694
774
562
895
528
875
515
686
664
932
508
257
96
400
221
581
266
830
618
85
125
836
372
578
798
669
295
496
303
649
714
358
229
808
428
153
130
104
931
303
817
395
798
928
503
283
871
251
893
862
390
961
425
635
703
70
55
909
470
137
100
777
389
810
373
64
12
186
906
664
294
605
308
618
668
496
218
604
315
665
417
84
2
400
869
893
454
324
819
286
907
73
41
493
714
441
758
149
984
652
269
911
458
451
244
401
180
44
72
224
875
779
653
127261.5
460
802
234
75
885
421
152
860
262
189
606
758
223
156
516
708
624
288
869
508
547
792
142
945
873
409
272
151
834
573
322
211
130
869
778
405
993
486
511
227
344
815
743
396
842
417
885
596
573
743
203
882
735
690
97
923
686
301
907
441
755
392
488
299
825
665
798
474
330
242
441
748
711
362
639
672
276
822
89
894
375
751
278
791
606
253
384
754
845
585
285
836
870
559
724
362
8
995
993
489
222
868
588
721
285
909
530
741
172
905
269
130
6
993
292
165
738
618
216
875
382
828
687
640
985
469
486
733
221
962
560
715
596
718
699
683
557
291
572
766
182
911
696
327
528
702
765
575
920
447
575
218
213
107
359
134
205
863
537
758
428
708
593
320
564
354
440
177
439
821
950
465
479
807
647
717
593
653
530
246
947
573
686
337
899
457
605
719
724
572
611
680
47
81
608
664
377
857
807
361
353
182
945
592
373
222
530
762
496
724
855
443
937
559
399
178
207
100
813
436
223
113
250
139
747
643
625
714
339
858
597
304
686
432
689
394
406
209
381
814
592
696
104
932
209
868
191
41
938
488
704
317
835
435
704
285
496
751
317
95
320
172
911
458
15
25
637
300
231
67
399
221
463
779
843
475
458
702
914
481
855
401
926
552
942
441
998
538
566
709
712
580
995
537
283
84
190
183
280
845
280
78
404
223
651
297
176
64
782
405
351
852
888
517
781
457
497
234
385
199
515
764
326
201
217
871
210
119
382
868
450
834
952
458
858
424
569
704
734
591
268
111
876
560
137
985
580
349
269
119
885
541
158
132
220
127
579
253
941
409
587
375
212
890
65
894
695
362
867
457
25
933
198
167
295
875
609
685
437
838
260
840
436
219
870
614
402
218
334
906
591
292
951
464
931
461
847
595
716
380
993
460
152
65
982
548
76
93
564
692
155
852
447
708
667
311
428
808
864
460
848
416
149
892
184
17
960
481
908
565
340
791
244
876
77
71
353
142
588
272
351
855
255
104
973
549
269
804
361
108
625
359
313
791
510
177
266
853
176
169
351
184
288
850
283
183
310
840
975
464
62
1000
354
792
467
230
398
788
737
696
106
877
304
825
213
136
232
887
166
70
158
108
257
846
324
877
622
325
204
125
349
184
184
852
198
904
663
386
659
344
303
832
535
811
356
128
600
661
678
692
524
209
128
113
268
103
431
212
139
975
507
718
472
207
335
240
408
223
736
305
904
594
99
56
189
879
260
77
690
711
251
119
703
709
854
495
908
620
34
915
970
485
456
228
64
72
232
40
42
950
733
626
880
639
722
336
161
79
925
590
436
144
112
15
920
517
131
958
410
172
191
880
869
478
839
633
502
743
432
192
140
962
518
743
317
909
240
893
505
682
546
739
159
8
965
484
649
746
828
589
496
332
579
252
604
346
690
310
970
489
367
186
262
154
657
304
546
310
277
888
515
741
340
128
491
765
536
713
508
664
685
310
871
360
729
628
269
912
536
717
868
532
142
100
697
319
317
133
476
208
569
298
368
171
800
575
562
222
836
418
595
649
820
427
45
958
423
772
932
431
174
913
872
583
186
915
893
485
818
411
228
855
137
936
356
184
262
898
712
390
386
171
364
813
93
109
331
867
43
932
432
848
679
407
583
205
450
163
577
692
861
560
597
661
212
898
845
370
931
455
148
136
218
870
760
621
799
403
710
621
819
629
228
893
155
23
760
521
809
590
886
428
565
732
931
472
772
658
530
278
616
708
55
968
584
695
484
705
413
804
198
890
711
730
521
297
555
740
460
723
753
366
674
605
988
505
955
504
856
434
935
522
405
204
891
566
944
570
254
53
591
298
131
963
203
152
999
438
96
953
313
199
815
634
711
656
535
685
288
160
783
469
163
39
73
92
827
409
37
24
631
698
145
929
85
89
387
214
488
249
410
878
191
897
474
153
676
723
513
301
212
114
253
157
963
585
411
187
920
458
547
291
443
248
177
957
68
987
384
844
736
338
953
460
194
888
715
339
924
439
960
556
977
440
528
287
977
528
246
882
433
784
381
797
769
315
136
970
714
600
441
185
636
636
600
679
541
192
445
727
799
593
329
854
93
107
254
144
397
287
861
405
258
61
216
24
723
578
847
540
697
380
89
930
954
477
338
811
743
650
829
640
111
979
136
113
503
727
597
757
628
346
453
763
593
624
761
573
114
910
117
63
915
623
380
279
133
76
227
905
574
331
585
319
85
34
605
651
973
547
463
792
458
808
80
950
311
151
642
263
127486.0
335
180
122
946
812
562
277
106
334
803
413
148
220
841
585
229
729
624
994
515
295
136
23
31
800
546
390
811
954
471
414
770
270
197
936
564
878
449
499
733
467
263
932
552
748
574
626
320
565
318
188
140
553
310
70
82
725
620
784
620
728
679
751
603
653
330
816
584
591
661
354
178
686
718
490
256
300
191
105
83
553
219
509
282
493
744
540
314
882
383
415
251
849
436
659
723
39
82
980
495
269
104
533
321
86
94
613
318
232
77
199
959
54
94
401
789
638
328
268
201
443
225
850
420
892
442
515
294
160
40
440
205
621
289
543
320
587
756
326
150
257
178
620
626
632
340
926
492
975
555
502
770
158
869
228
811
311
190
389
242
556
273
724
648
724
559
364
822
492
240
918
583
497
270
575
241
785
397
601
725
908
512
622
726
838
608
614
325
783
338
506
265
75
1000
728
404
257
138
690
663
301
803
797
350
382
769
336
175
504
228
781
577
792
369
295
798
187
970
773
587
334
799
227
960
851
405
453
267
290
199
566
767
875
530
875
527
297
815
514
264
612
297
89
88
419
204
178
912
952
597
623
763
733
618
592
768
393
184
187
910
425
802
838
638
133
970
560
682
42
991
471
760
578
302
896
469
696
301
961
568
954
500
912
489
831
584
912
422
764
384
865
456
962
483
340
824
332
858
329
223
86
982
446
706
628
697
175
912
688
630
174
91
967
432
847
535
461
822
470
763
465
323
302
872
385
220
274
841
205
74
270
183
790
570
891
510
489
200
739
346
140
962
993
505
149
82
659
595
244
922
949
476
364
785
360
867
410
750
803
609
656
634
241
62
187
166
691
623
864
565
40
31
463
789
232
129
590
368
279
127
191
79
327
833
758
365
460
759
190
43
615
732
939
507
968
443
728
319
626
662
914
488
208
911
744
380
165
893
565
276
217
163
468
254
657
642
275
175
995
486
834
595
154
118
152
945
829
582
955
452
403
153
242
128
202
893
275
809
577
638
173
115
86
957
959
546
459
210
372
829
725
686
342
233
395
863
467
230
311
839
189
912
214
107
348
842
270
139
829
627
49
16
249
122
595
720
538
232
592
303
201
43
416
261
262
910
88
57
132
953
211
963
359
201
247
155
572
743
229
947
395
774
307
108
259
182
788
623
626
699
419
219
417
268
292
879
675
350
544
243
552
733
270
940
218
906
536
754
136
67
638
381
420
808
434
823
321
803
544
776
775
387
241
852
330
144
216
937
686
353
129
925
697
337
965
464
748
324
235
154
820
593
564
719
30
960
10
955
162
113
743
466
772
375
644
625
311
863
842
470
273
890
157
924
990
430
115
29
304
900
278
104
970
443
740
426
621
352
331
892
185
80
576
319
233
121
251
84
668
347
503
261
16
950
906
447
488
190
861
360
632
695
628
723
599
744
628
693
932
558
387
864
467
775
782
604
640
746
335
186
574
295
247
793
388
190
564
296
803
379
669
631
755
698
809
351
209
41
570
293
964
399
213
900
567
733
249
882
554
710
506
707
355
739
793
414
373
838
851
520
676
416
772
619
76
79
360
189
874
583
107
64
924
450
49
18
995
420
899
495
346
239
276
163
461
768
294
153
780
511
345
741
436
170
101
923
322
219
200
57
344
217
902
515
366
871
276
804
578
333
923
535
757
400
173
151
752
629
892
518
121
955
339
214
717
362
757
621
773
411
739
375
186
35
81
902
985
416
907
426
774
592
641
362
956
538
758
330
650
717
639
265
167
121
647
329
581
195
405
175
267
182
469
265
544
689
445
185
527
329
769
607
926
441
955
413
950
484
994
491
901
529
390
841
713
363
949
491
147
972
542
793
79
113
118
945
895
529
92
50
465
729
720
345
585
252
677
404
247
862
891
439
61
985
221
933
941
560
146
945
501
279
80
6
313
865
441
730
442
847
163
103
201
27
218
916
499
237
675
606
155
914
393
812
981
480
313
891
940
455
551
711
426
819
167
87
121
84
350
108
596
681
921
449
275
82
796
622
865
524
877
373
792
621
521
763
884
498
136
41
476
235
553
254
640
757
79
75
641
335
336
832
726
320
697
320
398
884
590
235
914
476
163
74
128
895
167
901
518
713
957
527
256
905
32
945
697
355
956
471
836
634
161
120
1000
571
301
141
514
251
700
366
71
67
247
945
612
339
483
213
778
616
496
278
661
323
812
399
248
171
261
874
652
303
620
724
71
970
80
80
572
730
745
581
119
908
839
430
761
377
562
293
381
179
117
150
364
749
623
648
129908.0
416
721
197
106
835
487
65
991
477
257
173
948
315
101
316
846
802
457
973
546
337
809
119
942
760
405
327
225
962
598
498
303
309
876
798
364
961
513
681
348
460
808
935
488
842
439
643
682
636
665
393
827
545
674
256
924
741
334
681
380
554
288
891
434
634
602
815
392
523
264
300
807
601
304
549
758
420
861
45
939
480
692
519
776
475
231
574
683
787
532
541
673
991
474
551
181
185
850
950
443
277
830
621
612
286
824
617
683
153
914
151
79
133
912
558
259
575
762
452
784
569
687
793
665
981
552
703
626
134
891
350
870
607
733
623
776
530
275
388
820
394
777
838
396
740
639
880
608
874
395
393
180
189
108
298
144
400
832
542
708
356
821
613
321
793
377
418
148
347
812
714
360
444
826
468
828
709
617
603
346
892
528
638
345
832
390
709
649
767
581
565
674
22
13
733
600
202
851
611
258
290
119
743
679
386
219
420
815
635
673
847
463
794
590
469
181
67
88
668
331
374
259
175
139
685
629
456
803
224
881
449
225
845
465
926
567
268
115
704
641
724
620
371
814
411
710
73
50
759
386
633
306
801
376
430
173
480
750
238
87
450
185
814
431
183
77
590
289
141
72
535
200
549
782
908
447
459
756
987
479
989
425
957
423
940
513
845
601
908
576
863
572
883
587
239
92
360
185
607
685
102
45
662
394
645
347
320
156
799
377
215
813
861
635
866
438
488
217
520
331
751
641
350
209
533
728
320
152
197
886
335
826
888
432
981
417
568
712
660
606
117
115
1000
552
87
962
744
369
195
175
994
472
513
279
202
132
542
281
672
316
797
365
218
859
324
784
804
424
827
471
16
924
423
213
390
812
693
634
284
850
280
895
313
125
855
607
473
250
7
980
619
260
952
422
974
480
603
775
557
281
916
530
141
14
808
598
136
37
646
632
259
828
412
789
767
418
345
771
877
546
916
494
83
954
97
65
920
460
966
547
237
879
198
874
60
41
304
207
692
430
225
958
193
143
850
383
452
693
282
118
526
283
653
674
185
87
594
719
411
256
181
184
341
849
210
119
395
816
820
405
167
926
86
968
690
329
540
699
723
668
22
1000
434
776
275
100
6
976
72
12
48
86
489
786
225
873
645
297
80
109
470
155
166
867
411
843
750
281
666
306
356
799
584
681
410
190
728
668
579
753
531
336
102
100
110
60
405
204
237
898
815
636
297
102
386
125
569
284
580
262
786
549
339
233
327
773
6
4
663
684
182
125
715
568
964
596
748
660
437
773
896
391
479
213
206
89
187
145
258
807
852
616
896
529
643
356
350
134
931
440
186
102
142
134
805
546
150
891
364
168
200
854
794
594
939
477
655
601
289
94
231
871
671
719
168
916
269
893
762
560
435
798
83
22
769
650
426
780
737
709
517
265
565
303
492
326
722
395
829
353
293
68
504
304
726
421
565
299
443
771
501
745
287
163
371
788
590
733
664
678
756
394
602
272
729
657
141
878
473
760
837
659
199
97
616
272
358
141
629
326
560
345
421
220
835
547
293
78
962
527
919
500
770
380
221
826
450
821
785
411
134
972
917
625
140
951
844
646
990
586
589
719
415
800
494
303
268
820
951
393
583
263
470
736
85
88
423
765
174
896
573
735
887
557
212
154
374
160
745
570
802
394
807
652
267
937
871
423
911
495
160
101
423
709
624
641
839
395
908
542
696
668
210
892
196
161
714
678
857
498
825
347
749
551
833
389
659
667
494
268
509
691
181
933
590
642
366
816
333
884
415
764
519
676
620
257
261
852
553
705
921
446
814
580
689
659
997
537
886
461
940
431
317
108
630
651
889
532
79
121
269
120
142
935
37
30
869
565
107
938
507
283
679
651
558
750
955
521
133
61
837
617
197
103
104
69
811
401
180
94
582
735
18
965
270
41
482
175
366
177
50
973
82
919
58
53
603
722
748
406
290
186
428
156
918
463
244
62
889
639
676
294
339
100
265
893
333
828
116
948
731
343
885
575
279
840
675
366
857
469
843
586
861
476
494
161
992
505
207
907
464
752
696
658
559
326
135
956
641
624
418
175
485
738
588
636
182
137
425
765
870
528
212
937
224
69
334
165
584
201
918
521
98
73
197
125
684
622
916
482
610
312
396
785
927
433
324
792
499
687
821
618
149
902
187
125
614
667
537
742
737
367
570
761
595
777
867
622
440
766
294
187
669
637
557
313
113
99
161
839
555
285
827
368
302
185
963
473
741
658
504
749
306
869
286
945
556
214
763
406
130583.5
685
345
167
922
983
478
86
52
614
694
42
79
172
890
287
230
891
446
823
387
311
164
131
33
651
681
489
811
707
342
450
780
258
130
744
571
925
396
534
740
473
225
919
437
741
630
677
367
655
385
412
158
617
349
122
61
738
585
593
714
577
783
765
573
665
328
891
527
435
746
431
275
654
608
444
166
297
135
185
101
770
383
311
181
421
820
563
237
904
533
587
229
879
557
294
858
225
88
856
632
273
128
878
438
367
229
682
363
224
152
208
922
65
40
437
829
459
184
477
183
583
250
618
305
849
479
712
396
319
120
343
143
437
210
455
162
679
663
290
197
405
270
805
574
735
292
830
412
602
693
360
903
355
816
341
841
397
233
450
207
469
227
513
748
751
634
355
872
276
178
698
663
261
140
267
103
700
412
777
584
891
561
617
692
891
549
635
296
930
491
684
264
117
949
871
379
413
224
408
754
116
943
701
344
419
848
303
177
721
377
856
545
697
382
492
737
114
954
535
704
658
673
143
918
595
321
340
242
239
173
502
734
850
580
942
418
272
843
756
315
803
471
513
250
617
314
138
865
871
602
747
642
748
657
284
875
364
169
330
819
472
808
946
563
140
902
587
751
200
883
288
851
515
215
839
566
546
314
963
553
774
624
904
612
967
536
842
499
853
485
861
492
746
377
98
953
259
907
735
328
152
987
688
644
849
576
305
760
673
615
400
242
767
417
761
591
394
818
585
648
878
449
432
802
710
348
292
921
307
154
341
116
772
588
703
617
570
188
726
410
94
940
943
513
195
126
645
668
296
815
835
591
489
820
227
948
569
795
646
755
737
625
251
120
573
257
838
596
907
495
182
33
456
744
273
90
752
388
277
192
39
21
325
802
891
464
624
656
130
24
541
650
807
598
856
550
566
312
480
809
929
547
7
981
858
446
125
927
682
365
223
142
430
234
864
557
376
174
910
505
992
484
128
141
183
869
881
600
888
395
325
181
386
217
61
880
327
805
727
670
25
44
354
863
662
712
627
405
143
940
573
794
766
348
126
931
524
244
408
765
507
761
201
84
196
890
418
277
713
595
129
79
149
21
772
571
731
400
564
251
88
66
400
157
170
895
83
114
19
997
125
892
391
268
210
50
627
733
242
798
325
845
165
66
254
165
621
699
635
658
435
285
631
379
413
868
640
314
499
262
665
596
310
888
244
902
271
845
205
65
864
415
247
909
272
922
530
812
705
651
883
398
311
859
469
225
140
961
652
378
264
809
734
384
805
400
586
345
418
264
847
584
368
754
242
861
174
883
506
214
879
417
857
428
693
733
409
790
955
513
216
850
197
891
877
493
270
71
216
873
241
128
656
320
886
510
960
490
216
859
331
196
465
262
100
51
343
153
943
436
378
192
54
973
657
294
343
156
617
269
549
756
752
602
719
625
856
555
699
646
138
984
738
598
783
637
711
640
537
310
498
297
264
931
379
116
358
172
687
392
864
518
587
675
564
311
196
65
530
251
609
290
244
870
537
657
299
939
678
746
583
691
450
789
978
446
157
832
970
492
937
456
746
604
355
137
484
267
837
613
61
45
750
392
192
49
711
290
867
449
595
336
382
211
686
698
443
218
776
633
345
830
626
360
93
993
579
313
127
83
568
268
814
359
279
831
366
745
848
486
800
684
757
411
294
146
839
559
939
539
266
852
460
217
768
349
762
641
996
548
601
255
159
69
263
887
650
419
896
551
846
578
884
356
874
569
758
411
640
649
610
253
257
128
726
391
302
128
179
42
561
333
623
270
440
743
316
246
601
323
878
498
849
363
672
351
860
487
988
508
746
648
268
892
798
442
774
398
333
824
303
828
150
5
122
974
906
519
145
32
393
794
505
255
448
237
925
541
103
996
794
390
107
957
237
834
788
652
168
934
460
291
57
8
209
910
293
811
449
736
27
47
266
171
129
942
564
310
889
538
475
732
404
807
989
489
248
859
766
412
574
717
239
854
170
141
405
265
121
111
597
690
972
459
235
114
698
681
914
540
823
409
984
469
333
856
987
519
341
150
432
266
778
365
671
631
73
34
617
341
257
918
523
233
798
383
171
935
345
152
877
438
107
62
32
950
254
834
407
880
908
493
208
953
249
810
886
453
995
449
696
598
525
283
916
578
525
277
617
254
871
415
350
185
361
793
772
339
607
285
668
606
390
148
550
263
729
373
422
170
284
873
810
381
745
641
81
997
203
84
650
705
893
541
555
716
917
444
595
314
557
216
228
70
61
101
460
782
721
610
130376.0
635
709
150
169
947
499
45
985
435
217
160
864
240
30
484
693
964
476
901
547
292
935
217
908
555
223
501
265
816
592
342
185
315
812
881
495
873
555
569
267
365
771
971
508
604
330
670
622
666
661
294
771
555
745
162
970
948
463
505
245
586
278
909
499
589
755
793
395
647
311
620
625
759
325
257
857
273
890
278
852
706
709
458
766
444
270
489
714
982
536
480
723
905
529
185
73
68
997
708
321
194
919
799
641
547
746
691
703
262
916
288
150
140
976
301
160
521
737
548
734
547
675
476
776
818
562
896
599
287
788
179
881
426
765
505
744
688
326
278
860
429
753
848
393
536
728
841
566
610
376
189
1
280
92
230
94
423
848
286
877
508
741
639
338
694
365
328
128
316
791
520
265
350
779
258
834
860
489
910
427
779
386
517
231
911
518
526
676
914
502
513
729
272
130
716
701
504
694
416
221
89
45
652
755
256
145
292
906
743
574
858
417
737
681
548
265
105
79
749
357
638
288
79
15
618
710
410
854
307
874
508
205
905
465
729
635
397
231
741
641
918
465
585
723
487
767
255
127
868
494
713
449
732
413
116
33
277
923
464
202
278
92
892
510
303
164
458
297
221
127
265
55
387
864
779
415
607
672
850
501
813
426
792
383
995
530
898
494
915
544
947
560
669
712
266
123
158
157
768
576
33
53
708
360
878
398
337
184
779
438
487
697
835
507
734
353
234
138
603
286
959
567
330
133
564
742
150
40
293
876
210
894
813
346
790
394
325
799
869
553
128
90
879
563
244
860
785
371
311
217
814
473
370
276
186
137
336
190
506
176
660
331
353
843
343
827
956
488
958
461
113
954
476
283
157
867
729
614
407
869
53
982
338
111
861
590
777
404
48
961
721
447
687
360
936
489
473
784
356
95
870
438
11
68
973
526
83
103
843
582
321
805
442
791
948
459
359
756
919
446
919
463
311
876
231
97
895
415
653
685
301
786
430
788
85
32
438
240
607
262
104
968
192
89
684
381
910
557
109
107
397
243
870
569
232
169
656
674
491
225
403
190
277
837
118
26
475
745
896
504
275
863
37
892
793
425
856
572
551
790
264
841
477
768
214
14
234
893
57
12
114
40
496
691
33
933
506
170
445
177
228
96
249
884
285
925
616
268
706
363
473
763
759
532
312
184
591
649
409
827
734
353
408
204
318
161
181
125
164
974
794
610
183
29
167
169
377
193
723
433
714
694
381
224
437
788
5
10
925
528
368
169
802
608
875
589
674
674
665
685
843
493
380
232
156
61
264
62
573
697
839
589
745
672
565
367
356
211
897
443
487
249
224
193
908
559
148
928
131
52
175
901
683
611
883
546
873
521
257
167
239
864
378
811
148
901
206
945
969
509
308
829
56
74
623
691
203
890
455
748
444
179
897
418
786
317
889
480
719
452
176
111
858
451
873
434
840
412
611
620
588
702
40
4
93
947
348
889
879
602
911
494
662
388
689
710
41
964
332
823
472
720
212
31
582
308
30
43
507
265
596
258
413
127
935
526
183
77
982
493
882
496
931
453
228
897
530
817
849
418
113
950
738
699
234
873
517
738
933
484
725
600
554
743
449
209
475
768
750
289
399
147
695
639
7
10
621
682
235
930
709
648
757
542
328
225
469
290
866
599
639
269
705
671
128
940
762
343
965
447
232
53
451
832
742
704
853
424
910
440
487
762
141
950
289
148
828
643
867
483
951
515
770
620
930
520
785
545
653
370
467
786
212
885
863
594
216
858
125
904
514
751
495
783
460
299
419
788
538
751
927
447
714
736
599
744
908
422
840
425
802
375
310
146
923
555
917
569
386
157
363
252
179
909
126
126
960
479
70
904
494
253
488
687
566
770
858
362
53
33
809
649
87
27
364
256
665
340
118
10
593
620
20
998
189
158
404
233
557
273
145
955
327
857
169
26
637
619
958
475
676
311
253
133
879
447
328
222
947
503
568
273
432
197
233
851
627
726
326
860
560
311
997
531
261
865
641
231
761
367
778
614
957
438
186
102
961
520
219
885
535
747
790
585
728
450
19
922
712
616
206
152
546
714
687
666
155
59
290
922
931
465
171
965
261
125
382
159
151
91
975
470
111
24
359
118
784
605
902
461
853
425
612
697
759
338
554
706
543
721
914
587
373
843
488
181
829
573
469
788
749
415
271
826
678
647
588
720
245
872
327
169
774
674
640
374
90
53
264
819
457
215
783
402
571
288
769
653
538
747
328
811
140
875
124
916
440
293
852
399
129496.5
498
207
413
779
932
450
198
100
505
687
238
162
9
980
561
275
871
510
956
543
162
149
100
91
463
702
641
670
794
483
295
915
303
177
872
584
817
431
686
665
598
326
893
559
520
747
807
349
560
314
385
193
489
187
199
97
879
440
475
753
519
754
909
488
504
311
701
621
700
629
759
345
690
610
321
153
241
200
472
242
511
275
525
304
536
759
497
299
903
525
554
181
955
492
68
984
97
84
697
583
192
103
637
372
487
303
430
224
132
117
329
880
73
102
272
839
462
294
448
206
629
354
264
140
769
424
785
381
533
227
77
26
449
164
450
222
749
641
289
63
374
181
865
559
567
317
906
479
730
654
72
957
151
943
235
882
173
99
252
80
483
187
749
648
689
690
311
814
498
247
566
671
403
228
381
229
833
560
732
600
818
610
466
800
929
533
793
393
942
443
556
275
255
792
579
336
633
259
445
716
65
908
564
272
402
833
254
136
729
339
827
643
689
340
419
769
259
896
819
569
642
683
64
968
631
302
471
235
403
213
337
787
921
479
845
394
434
853
727
291
842
548
450
229
642
313
260
812
909
594
943
567
750
666
48
947
260
155
324
872
262
863
849
458
380
809
508
776
275
779
132
985
264
57
876
597
472
233
954
473
793
576
663
640
952
422
945
510
847
371
945
474
606
300
244
946
490
752
890
443
209
860
622
643
838
638
275
852
825
605
503
263
869
569
638
628
240
898
504
776
758
377
194
904
407
233
17
953
153
91
182
118
755
645
834
512
484
278
904
372
222
832
978
443
325
176
781
596
449
831
917
511
551
765
337
825
282
816
262
862
731
629
444
239
325
92
928
509
854
611
49
89
632
628
277
75
647
295
296
84
72
107
259
830
827
317
792
541
62
48
843
611
811
640
984
415
489
231
357
829
848
508
167
861
859
378
226
944
865
512
415
177
382
165
885
552
424
175
1000
498
888
480
210
94
136
897
892
591
718
320
314
145
362
203
109
985
495
797
418
747
205
94
174
913
852
558
841
423
339
833
521
783
941
474
365
742
784
392
295
845
307
785
358
201
38
969
467
264
928
463
222
140
279
142
866
657
728
392
389
163
418
239
488
211
60
960
214
182
79
990
115
882
703
314
60
88
236
858
174
921
193
839
319
122
111
53
468
766
679
689
353
189
895
543
281
860
652
318
302
177
590
669
397
804
259
846
235
898
114
23
867
471
17
984
312
771
489
739
799
656
673
372
439
814
470
191
193
908
895
561
296
797
894
458
894
507
823
412
629
218
979
447
594
669
135
874
99
943
580
252
694
367
754
358
905
546
445
814
966
571
599
711
221
879
779
356
79
17
107
994
159
124
913
484
819
363
879
556
277
876
228
190
234
97
139
67
187
133
947
502
340
187
159
912
698
341
139
62
379
190
527
738
958
559
583
687
829
607
845
648
161
857
955
454
897
580
721
599
670
367
653
389
55
897
194
96
61
15
783
399
917
422
657
701
448
222
28
65
374
259
497
201
54
993
758
649
143
859
476
831
505
689
389
773
858
398
220
823
896
409
934
410
901
483
317
194
337
179
869
560
111
113
655
366
395
201
616
331
980
599
819
341
557
322
419
739
409
183
439
790
339
901
784
377
49
946
527
304
298
154
667
256
895
532
548
721
545
784
714
364
720
640
669
367
103
75
718
625
993
475
87
906
317
138
486
218
702
630
813
571
580
259
41
20
223
880
637
283
961
490
925
490
730
383
990
438
793
376
580
728
547
270
316
106
678
339
277
189
174
11
474
186
361
192
670
677
472
280
524
187
887
462
671
328
370
172
884
565
790
605
651
643
288
845
927
544
871
472
238
835
538
727
269
101
144
924
983
501
164
58
501
800
587
214
327
172
714
691
139
980
789
354
8
989
678
676
573
739
71
975
783
329
2
31
227
884
516
692
563
766
146
132
255
191
67
981
592
284
911
500
732
652
115
933
874
609
290
873
990
500
499
744
403
720
300
86
471
185
256
97
737
614
877
421
357
195
499
759
835
540
824
364
954
496
183
979
982
498
192
80
406
243
720
377
893
457
205
156
697
313
298
803
485
188
718
296
38
989
185
152
979
560
191
77
236
895
281
820
144
920
869
430
81
947
219
950
815
479
911
575
853
566
517
251
526
747
428
232
501
188
890
393
270
64
250
870
818
464
359
178
916
551
318
243
828
423
639
380
141
106
307
837
735
313
713
681
216
931
168
84
604
693
845
526
552
741
768
340
482
197
301
129
293
155
202
183
574
670
896
580
