500
20
132707.0
241
876
436
218
425
81
406
689
760
470
219
166
341
895
223
102
324
161
379
97
403
785
337
108
439
878
561
629
622
423
401
836
381
855
484
792
897
380
569
391
295
214
588
745
362
121
324
330
341
381
650
719
832
593
992
405
395
202
768
777
804
447
308
818
249
49
490
961
218
39
468
99
949
624
902
731
899
670
960
635
161
81
367
148
419
964
804
523
624
731
503
675
408
216
722
748
509
990
599
251
192
58
449
841
320
899
378
791
238
966
340
824
879
559
643
529
607
131
436
92
426
725
415
963
718
743
386
73
646
50
243
819
314
192
660
509
437
578
918
479
565
649
306
51
851
418
140
12
823
274
928
436
888
323
871
274
395
428
134
138
236
928
567
818
313
243
741
510
459
862
975
578
460
498
116
940
331
760
666
499
758
820
193
999
176
48
800
381
592
747
216
783
732
730
817
463
277
162
845
505
667
471
338
170
816
433
524
51
341
199
702
644
609
495
814
438
506
380
418
148
394
194
332
119
850
728
552
810
306
130
806
313
333
628
460
312
400
393
241
151
677
659
260
865
432
166
723
230
731
757
218
716
72
78
149
918
352
14
966
583
716
717
419
271
477
680
897
312
918
521
199
50
511
839
747
365
844
548
275
740
479
187
390
574
645
180
501
971
484
243
747
358
376
744
275
905
675
683
213
930
536
269
253
855
143
9
161
966
757
367
146
109
161
83
471
117
61
962
8
3
724
637
256
853
242
882
484
840
311
854
676
61
293
62
661
474
354
262
377
51
794
782
178
875
261
111
976
574
220
822
360
248
403
868
421
78
868
664
80
960
435
951
512
616
340
891
733
513
229
878
795
315
940
394
422
216
704
317
310
847
767
421
525
460
192
899
293
735
682
600
624
802
385
157
720
638
595
20
53
988
450
634
366
152
278
975
437
177
80
932
967
551
337
130
824
604
826
283
877
797
648
319
332
865
447
142
457
40
732
303
586
36
523
819
177
153
875
337
815
128
845
560
853
688
654
332
489
898
594
893
821
550
415
906
407
687
906
406
529
883
674
286
552
536
623
508
730
700
410
947
748
622
487
26
111
39
911
452
703
226
450
242
309
778
175
15
559
168
451
748
786
528
317
987
580
828
364
37
940
380
368
72
613
321
829
686
352
197
748
521
679
532
358
110
122
981
663
540
403
158
432
820
523
734
623
720
347
160
530
761
677
655
626
842
135
147
547
285
790
607
450
101
922
482
812
201
577
199
924
484
802
574
808
566
232
270
321
838
166
915
951
435
397
306
497
147
492
389
883
649
474
41
710
414
564
717
439
771
354
981
877
525
605
89
629
828
959
398
987
576
594
224
288
55
939
615
997
431
543
191
785
755
442
73
932
444
227
1000
916
491
387
349
844
357
402
880
881
281
455
865
988
574
146
981
298
78
226
832
225
963
399
313
731
620
822
963
848
593
253
40
159
34
541
709
526
916
864
192
310
105
512
885
270
130
777
556
482
933
18
979
37
970
559
405
583
374
719
614
249
68
530
127
251
54
843
586
572
136
542
268
539
485
381
771
923
553
558
715
340
675
195
963
961
740
260
202
157
11
845
396
950
325
905
582
438
640
396
866
141
921
683
346
821
279
84
108
542
137
521
178
453
179
445
824
485
512
426
729
555
859
437
773
767
399
460
577
412
103
468
397
395
163
538
644
291
910
219
978
709
726
744
296
469
588
422
878
768
351
500
89
889
395
498
213
288
204
611
882
127
100
116
61
508
145
110
139
906
362
719
646
959
637
501
672
890
372
897
555
795
641
945
705
38
928
656
172
510
962
177
812
922
292
540
417
290
66
711
468
587
179
917
679
766
241
388
743
390
808
682
658
706
680
676
521
798
722
913
444
185
206
712
522
739
498
730
244
809
753
277
125
394
145
439
55
973
519
552
154
848
528
310
802
279
904
496
213
374
7
769
475
603
253
980
494
654
491
731
447
821
567
558
719
459
44
422
640
644
416
740
273
414
127
472
314
901
460
860
558
296
132
917
699
645
828
255
226
473
157
444
294
465
513
322
108
857
576
900
540
409
235
387
831
840
570
322
967
860
836
257
93
799
315
168
846
447
855
888
410
691
486
178
972
825
657
635
635
533
816
155
972
936
531
672
185
818
391
456
628
248
744
876
701
187
136
294
112
283
998
367
818
761
749
227
296
774
505
315
900
241
73
152
955
532
652
41
895
496
862
740
358
329
183
947
246
831
651
111
992
445
662
821
573
277
797
599
923
297
822
420
720
121158.5
178
45
507
708
24
969
530
213
948
616
173
933
124
45
180
829
174
911
229
904
446
143
163
929
388
215
695
292
877
515
304
160
191
67
525
247
723
680
877
596
518
730
431
207
335
799
734
636
766
629
705
348
769
433
959
529
384
768
398
250
748
635
378
181
142
895
155
111
147
976
143
993
629
319
637
344
751
383
828
436
42
957
232
841
96
131
901
506
541
181
633
405
318
850
543
284
18
39
543
771
174
968
323
66
225
137
414
273
91
26
207
122
949
419
782
371
266
898
38
954
525
178
92
94
438
241
243
871
77
882
374
182
319
851
833
408
952
463
968
585
767
395
104
957
831
593
39
899
497
808
764
626
627
760
634
716
769
653
154
936
235
102
271
122
341
847
837
574
447
215
859
498
993
533
269
136
502
204
910
518
463
205
161
84
123
870
794
558
644
296
324
149
669
326
919
500
346
874
979
508
802
581
206
867
922
607
38
981
540
711
695
289
852
556
903
508
891
584
300
819
468
709
171
863
613
246
411
269
238
942
696
654
895
451
670
742
660
638
203
860
671
420
374
152
248
929
481
841
493
233
583
279
148
870
189
15
72
966
751
347
563
248
584
768
690
271
563
705
898
412
98
938
286
171
667
724
868
461
519
293
415
830
731
403
468
745
102
60
463
780
604
705
572
291
75
38
743
357
135
96
547
729
189
49
37
994
118
130
687
699
157
984
89
993
151
981
103
69
116
974
792
415
393
205
289
185
487
256
254
140
159
874
194
948
881
434
378
828
22
965
440
243
333
126
187
885
934
420
214
99
517
784
271
114
219
841
706
335
139
79
204
55
702
403
249
195
980
550
74
48
467
777
850
631
430
729
489
733
283
77
828
671
851
636
54
19
560
215
863
496
413
227
182
890
842
415
48
966
63
48
731
405
261
856
16
85
336
787
167
24
851
369
257
940
854
476
730
623
362
213
627
632
366
148
313
805
50
968
607
599
96
978
214
133
269
847
594
709
382
783
953
474
692
387
647
664
204
84
196
131
996
503
233
148
607
295
798
518
237
50
507
691
919
488
907
517
462
212
155
23
661
329
66
923
53
987
902
602
439
769
459
828
423
168
122
934
483
784
504
329
801
384
128
53
379
178
168
916
591
710
164
863
647
734
706
385
474
809
864
483
990
530
256
803
67
21
910
432
349
846
355
272
477
254
529
291
392
806
448
159
716
398
309
174
420
817
614
723
784
452
195
948
811
577
313
800
376
898
955
490
813
478
807
456
503
821
356
219
152
65
895
556
547
770
326
806
702
629
701
295
60
966
773
581
549
255
465
172
98
30
945
486
151
855
492
268
900
576
857
490
550
751
166
948
820
411
839
533
506
781
441
170
49
960
953
487
91
76
908
445
667
688
754
563
322
215
569
680
263
164
973
523
109
51
67
990
335
74
63
82
673
669
682
352
193
74
793
332
69
964
46
940
668
286
181
78
484
726
221
833
332
138
411
792
812
354
130
102
192
82
101
81
721
598
865
608
634
306
309
859
291
804
118
930
826
447
186
920
562
745
871
600
493
240
922
544
479
225
743
338
121
83
659
302
424
813
141
918
878
590
624
711
951
477
691
419
359
207
205
81
573
675
601
660
123
969
319
789
312
899
272
818
493
241
967
486
446
246
210
70
509
184
725
591
791
369
326
815
630
703
394
852
842
393
153
51
60
16
420
231
699
675
936
433
293
89
654
719
180
873
862
520
390
765
392
854
214
185
138
870
122
923
306
909
171
938
572
703
776
367
808
373
490
244
721
589
901
492
769
354
549
218
233
97
357
791
85
83
402
144
605
703
751
614
108
940
869
546
383
794
696
314
418
830
382
185
372
235
663
371
549
233
947
480
603
299
903
557
426
765
945
513
935
601
533
656
401
167
208
829
287
802
183
922
957
518
350
848
894
373
471
187
198
54
483
772
117
957
907
506
582
681
959
487
904
466
804
620
958
486
647
362
153
898
723
273
814
667
589
756
120
964
580
652
992
458
994
538
268
861
689
307
416
254
515
688
278
942
686
617
915
544
124
982
879
458
997
494
499
787
342
121
768
360
135
14
373
250
230
863
524
711
373
191
396
230
946
540
892
594
142
112
841
402
739
437
439
274
40
101
935
564
499
773
724
681
605
318
588
270
691
343
267
895
189
974
6
92
365
282
489
204
583
746
976
468
32
16
164
857
118
134
658
398
267
154
152
43
739
617
364
831
609
707
740
377
165
71
574
313
851
477
448
249
165
173
444
248
516
181
120676.0
96
971
653
346
36
59
465
834
860
398
249
96
224
855
359
205
89
36
266
193
301
844
201
127
473
700
603
763
926
468
350
904
62
926
483
681
594
222
667
325
458
175
369
819
467
280
692
368
634
287
629
648
816
631
944
459
579
298
481
694
756
296
341
835
307
143
183
834
142
35
34
102
677
602
705
630
866
573
878
612
151
91
289
130
132
965
991
474
374
862
810
540
458
239
598
660
155
878
497
238
114
97
92
948
105
941
589
634
79
915
157
969
802
630
767
568
310
198
74
1
306
801
149
954
509
670
344
153
184
51
422
852
277
212
912
514
834
635
946
472
698
612
40
85
780
320
90
54
491
206
713
364
631
334
611
333
644
256
106
37
24
979
295
835
408
188
884
523
456
847
958
505
937
374
235
943
245
861
943
451
552
716
210
959
274
134
871
344
615
655
140
914
623
774
830
413
228
73
886
489
957
506
353
152
867
382
105
74
758
381
581
642
826
409
887
474
769
349
320
113
540
268
245
84
493
679
626
736
117
50
717
279
964
509
450
290
642
346
262
89
830
611
271
859
180
50
405
235
412
725
471
708
174
78
167
934
97
109
803
609
445
712
372
158
495
818
640
301
791
537
95
24
292
869
636
281
915
614
516
799
207
89
758
664
608
257
108
879
481
255
532
287
474
779
11
992
743
680
207
823
463
243
115
887
103
1
188
960
502
224
174
98
13
68
16
89
67
946
122
60
849
514
318
841
353
853
407
775
302
761
220
90
137
93
941
467
202
112
68
24
362
854
217
941
125
96
915
509
107
907
298
172
307
817
297
160
616
681
214
825
116
889
858
614
383
826
912
439
220
882
456
296
836
467
601
336
562
276
332
837
613
328
723
363
63
949
492
722
897
511
516
762
275
104
784
555
139
90
124
984
651
674
276
153
275
828
337
115
133
986
831
605
108
24
940
470
754
471
458
800
790
455
398
812
443
169
99
62
745
362
27
103
440
781
199
110
531
209
416
146
865
561
791
532
766
434
66
931
345
832
941
589
172
887
570
648
917
399
233
852
594
314
840
591
839
582
535
750
87
1000
567
662
181
53
55
14
911
460
427
214
228
77
284
862
79
15
365
125
627
672
939
521
98
907
489
789
225
153
570
313
243
69
514
206
772
673
255
152
879
510
891
465
344
149
200
909
756
638
290
101
573
664
556
680
518
797
246
135
432
784
846
598
502
756
206
106
543
335
725
629
102
48
963
447
283
144
352
168
926
459
897
558
876
505
276
98
401
852
138
919
927
472
531
307
497
239
885
426
612
637
137
79
824
395
387
794
294
810
69
959
996
481
273
45
471
765
859
356
998
436
422
156
9
17
644
676
756
380
355
224
357
840
139
2
951
578
202
938
907
508
621
338
698
351
438
707
703
322
259
861
975
439
185
952
101
2
311
855
145
938
766
378
616
670
169
835
690
701
183
134
220
76
658
713
182
965
686
332
327
244
388
788
537
256
606
742
249
907
323
849
117
987
737
317
764
436
503
722
232
172
484
282
86
88
707
650
167
64
530
329
817
377
374
851
892
402
398
809
558
739
56
954
620
712
441
190
131
122
773
316
493
269
981
459
934
517
460
807
176
960
683
412
719
431
98
1
428
200
236
38
345
96
489
778
949
601
644
657
212
881
413
818
943
468
739
678
454
239
481
234
290
145
748
662
228
884
86
989
455
706
596
238
878
638
152
859
457
253
310
180
903
504
470
253
100
51
429
800
361
177
142
146
243
121
70
56
670
353
716
618
592
684
550
660
881
382
933
567
574
700
497
695
133
998
476
296
145
872
214
904
602
227
800
471
147
93
929
494
344
136
683
609
508
269
445
734
577
690
742
613
555
773
908
458
580
771
947
517
402
252
918
515
785
439
699
427
244
827
434
244
437
267
54
15
918
565
347
201
857
550
514
717
83
905
556
241
137
62
944
471
622
388
964
515
799
581
647
331
900
599
712
614
196
112
612
685
632
339
477
217
136
100
703
417
988
501
788
420
251
174
644
695
498
816
748
383
5
7
815
429
932
382
77
81
974
471
979
482
329
116
157
958
676
596
87
911
530
802
319
113
699
380
376
841
421
838
943
470
899
500
337
849
797
544
822
581
531
770
153
999
936
473
438
207
465
239
752
644
534
702
719
682
147
70
51
78
146
864
600
665
422
879
354
185
923
574
12
995
295
203
370
818
696
616
201
906
157
881
761
352
215
145
479
216
781
545
162
892
552
705
945
482
507
741
380
841
341
821
382
875
121458.0
157
101
618
708
198
868
219
73
834
560
195
865
263
123
502
754
231
899
472
816
287
137
215
924
684
350
535
247
934
618
271
81
66
79
710
313
580
729
669
704
393
790
300
97
503
692
665
707
558
661
544
257
738
410
888
621
622
607
718
356
713
658
152
84
298
865
170
69
177
901
244
817
842
427
704
415
982
470
708
366
192
819
297
830
219
127
952
470
272
85
956
528
435
754
767
429
283
217
424
737
297
853
71
70
71
23
652
322
179
50
119
68
691
306
857
388
336
821
129
959
402
175
55
109
598
252
314
820
170
936
332
183
253
887
947
575
857
435
883
429
750
323
58
997
661
704
22
967
486
716
730
727
767
577
643
734
366
842
112
974
92
7
290
121
377
808
968
524
203
79
958
544
782
583
74
4
326
239
834
572
716
354
68
81
280
776
678
657
788
411
110
58
365
162
806
602
191
912
906
481
950
579
163
929
833
549
199
843
803
601
616
266
749
689
938
506
867
560
364
828
600
760
159
836
552
279
518
339
93
908
718
661
922
492
405
806
590
670
67
947
731
379
279
203
121
884
420
795
605
356
514
292
160
989
65
94
357
850
790
464
476
208
489
746
332
229
679
680
869
486
88
929
205
83
492
711
852
462
320
180
152
934
645
319
570
670
404
185
670
659
614
681
479
270
82
35
571
316
362
259
478
678
245
186
4
999
157
20
414
802
200
958
53
985
231
903
101
45
198
899
995
535
359
235
361
191
464
166
341
163
124
934
101
986
906
590
306
896
102
963
363
200
16
29
389
804
925
400
347
185
342
881
308
85
317
829
664
340
288
116
82
14
619
320
391
132
805
561
124
77
717
639
890
586
768
611
707
646
316
143
732
586
715
577
53
2
706
346
914
401
408
169
101
911
946
484
168
853
28
108
701
402
427
783
320
210
376
817
40
87
710
395
104
998
832
595
877
528
423
182
978
484
492
207
381
869
80
929
722
654
277
875
347
183
305
897
383
730
292
825
831
449
909
478
786
632
71
86
290
214
893
478
135
50
670
272
834
584
296
110
599
648
781
377
753
416
468
281
50
79
592
266
149
937
57
989
961
555
467
834
194
841
200
154
69
975
261
869
777
424
899
481
62
63
497
232
301
763
756
630
167
862
357
780
610
249
243
902
977
484
923
579
263
914
166
55
735
415
96
959
579
316
729
412
350
225
322
768
468
199
861
478
586
331
162
889
713
686
665
301
92
938
778
609
317
757
401
824
985
448
888
538
968
540
325
836
332
245
258
137
896
463
600
770
555
670
761
598
566
273
187
867
894
570
328
136
345
200
163
117
963
476
47
941
300
139
644
717
883
499
394
770
48
904
752
372
750
698
431
774
321
93
56
975
877
376
189
96
989
544
496
750
673
668
391
196
488
736
345
216
954
520
132
13
63
966
292
200
152
144
808
619
773
413
279
135
627
397
269
795
260
849
625
307
248
120
753
598
429
758
572
311
462
735
539
318
184
128
307
185
49
91
734
602
747
648
536
340
346
800
557
665
21
996
604
327
57
958
634
634
761
536
341
122
931
525
409
279
410
214
35
69
711
380
326
863
290
927
732
594
451
741
900
459
900
475
473
266
114
44
753
614
907
622
2
993
445
772
152
955
94
930
379
248
767
441
620
272
306
97
208
124
930
530
565
313
384
824
481
793
441
776
659
286
274
66
29
81
725
340
530
731
796
433
305
177
389
797
238
918
935
453
503
788
134
1000
268
165
291
874
206
910
159
922
163
982
865
549
782
399
729
373
674
286
779
587
872
500
601
266
466
229
137
77
466
747
285
191
228
62
491
767
899
585
70
978
893
561
160
908
802
319
580
774
480
286
589
295
830
448
361
214
899
619
535
324
977
566
584
683
968
508
835
527
913
547
276
143
559
692
649
705
20
971
866
518
572
705
857
441
477
204
150
78
463
843
75
906
989
540
806
678
979
433
769
347
651
651
960
463
800
360
228
890
573
227
795
642
311
869
319
830
798
667
972
433
830
637
306
872
485
241
491
224
870
552
174
893
759
644
732
670
256
864
918
433
869
570
101
984
191
65
884
442
299
145
351
185
286
816
629
709
306
148
418
231
868
587
997
571
275
91
789
426
814
439
366
222
21
43
879
615
399
715
428
755
730
398
579
322
601
331
186
928
118
881
288
55
732
419
197
109
386
820
921
485
17
101
451
767
289
174
814
330
30
5
412
194
542
711
329
890
534
750
930
551
238
194
587
353
876
564
542
337
254
169
445
240
311
171
123276.5
254
912
556
227
228
80
174
855
914
491
258
52
289
912
523
316
344
176
506
238
269
852
224
118
737
582
536
786
819
365
66
916
113
947
512
757
473
179
521
260
248
118
92
985
540
295
436
215
617
354
521
818
852
631
697
415
835
472
805
596
763
376
215
958
258
109
147
869
292
151
273
164
865
564
884
549
883
558
886
568
329
227
209
137
108
973
986
494
197
894
981
497
501
159
739
669
455
763
588
323
366
206
121
913
13
970
688
730
145
909
155
924
683
667
795
675
444
176
225
85
514
751
183
953
555
796
424
203
161
80
352
811
212
154
798
355
738
601
836
594
664
737
96
37
759
379
135
117
450
194
586
351
726
400
510
340
263
162
1
71
72
985
353
811
283
112
927
561
200
880
907
443
704
365
4
925
577
761
952
497
674
588
217
926
482
293
532
286
880
627
269
866
248
857
854
451
100
3
846
551
713
327
298
140
919
410
362
251
631
311
516
658
619
246
851
589
982
448
275
105
412
220
365
200
510
718
643
648
146
131
731
386
869
582
288
122
585
240
97
48
667
614
375
878
270
95
525
298
662
687
592
750
115
98
262
887
386
229
926
580
441
842
588
290
504
780
591
355
886
590
144
104
293
877
496
284
821
558
424
831
142
19
645
772
619
262
252
875
730
366
608
379
428
802
102
1000
550
753
485
704
694
300
363
859
91
23
127
917
483
261
74
98
106
51
233
130
130
939
133
9
909
384
490
837
225
900
385
829
273
934
172
148
26
20
760
333
336
193
103
6
548
731
120
902
345
211
643
685
395
770
237
189
255
848
327
120
638
672
109
918
128
983
497
748
264
952
923
439
242
916
557
262
699
365
680
363
687
387
320
809
946
485
763
412
49
950
771
652
851
640
396
759
251
109
833
580
214
107
222
824
808
653
292
128
393
736
483
266
193
866
853
576
152
97
885
431
898
386
294
791
883
460
379
755
262
77
136
124
716
345
123
67
351
799
257
94
629
303
285
165
962
500
855
428
733
325
97
945
360
879
872
442
86
980
641
699
800
342
170
977
753
314
628
696
800
667
490
701
256
920
685
680
257
163
21
87
803
409
329
152
361
109
376
782
14
22
222
130
732
631
872
590
12
995
578
689
415
178
630
305
382
163
527
213
589
669
164
123
1000
437
697
357
128
86
176
906
733
622
96
57
506
770
759
593
480
760
447
254
409
821
830
608
749
579
105
79
731
409
621
640
95
9
865
439
499
162
391
142
959
510
934
467
997
506
168
69
462
743
362
841
866
555
569
304
796
409
652
306
651
653
295
198
965
472
418
805
466
813
95
947
846
554
104
58
261
957
576
239
980
481
473
279
129
78
810
576
504
220
544
263
267
867
122
51
730
602
172
955
941
495
505
286
735
320
500
793
535
359
482
709
980
499
9
994
174
119
239
881
281
865
629
341
811
580
300
776
897
580
451
196
292
85
553
738
369
834
904
498
625
330
599
678
717
365
703
598
212
860
212
907
52
979
849
477
628
356
758
617
382
152
786
420
122
81
660
726
94
110
674
395
904
556
338
835
871
389
577
664
599
706
94
922
638
652
421
235
82
51
751
367
552
307
827
631
846
583
421
811
246
875
804
327
908
470
47
11
387
209
21
18
261
144
510
706
857
566
588
758
246
837
375
827
822
443
565
709
372
147
527
285
480
219
505
724
139
947
130
973
719
651
592
355
730
618
320
773
320
111
282
123
752
641
538
312
123
81
201
935
229
132
96
101
217
130
143
91
777
398
788
518
662
723
715
621
879
381
935
558
480
786
374
780
89
970
542
286
497
789
128
958
345
200
706
323
138
78
755
377
216
145
592
704
492
233
500
795
697
609
871
509
443
697
789
347
671
602
886
411
513
219
923
463
983
500
977
426
378
759
738
399
590
208
62
39
832
430
512
312
842
622
369
868
176
975
240
110
203
176
896
488
452
228
980
510
728
677
637
263
938
465
775
685
158
63
343
829
794
364
374
209
358
229
604
324
924
513
739
347
324
195
478
671
554
682
926
407
298
117
578
261
728
370
223
58
744
592
944
417
88
51
170
904
818
624
134
923
299
860
330
183
431
215
393
779
600
684
817
440
850
354
195
896
838
592
966
563
354
773
53
921
928
463
629
267
473
259
800
632
697
681
663
659
200
72
262
212
197
885
793
642
245
890
262
82
864
439
250
856
308
157
273
876
759
612
37
985
418
740
485
245
151
23
641
327
942
485
267
878
834
572
767
414
542
756
383
841
598
707
319
853
121154.0
101
106
404
819
212
881
267
168
837
582
75
963
65
60
703
690
542
729
408
779
356
194
250
811
760
342
290
130
761
604
58
32
118
150
431
192
384
866
567
673
268
934
120
33
692
652
305
847
554
746
378
258
700
307
853
519
895
592
734
323
713
661
199
142
231
843
371
222
236
935
317
832
890
369
941
541
848
455
782
333
483
823
216
844
105
67
876
604
214
27
985
478
340
799
527
246
496
300
700
706
335
848
343
162
26
34
479
219
144
47
110
22
787
388
487
237
334
882
84
993
568
321
34
55
297
188
420
718
220
835
344
125
308
772
666
734
713
349
761
308
599
358
130
994
861
589
218
929
457
799
835
576
835
594
745
588
358
867
214
915
93
12
312
101
218
826
894
534
417
214
903
595
735
715
182
58
436
154
835
414
891
439
135
2
619
736
619
647
729
415
220
147
307
218
811
573
107
981
825
458
512
721
212
888
830
636
443
764
528
779
550
248
359
829
787
325
730
636
279
805
346
846
464
749
634
360
748
424
303
888
895
567
754
420
389
819
449
783
163
889
927
485
76
29
164
911
593
770
675
407
402
153
136
885
213
73
360
779
773
434
357
185
568
677
421
197
688
714
702
388
214
836
338
188
527
799
843
440
398
186
56
981
416
261
436
749
251
197
592
676
650
646
454
234
60
70
643
318
567
301
596
690
298
180
40
921
128
65
495
768
363
806
59
894
247
790
86
121
179
906
837
518
237
127
240
167
323
228
129
37
150
923
26
973
663
654
410
730
146
903
658
368
103
19
345
789
749
355
435
143
295
844
264
121
353
810
822
399
212
69
135
75
476
219
175
131
756
643
106
119
675
667
730
578
622
681
744
674
443
159
913
490
800
581
21
11
674
291
679
399
466
287
80
952
765
375
191
856
211
79
712
303
126
930
428
174
439
824
225
184
812
426
181
878
940
521
726
648
469
266
934
457
390
188
157
824
214
841
548
734
300
857
298
181
351
821
669
599
314
770
977
498
935
539
575
770
156
93
229
27
744
626
7
76
585
291
706
625
133
18
519
730
532
216
660
354
552
299
183
19
666
301
224
860
188
897
669
669
293
918
204
956
311
130
99
911
273
929
767
369
900
395
35
23
531
260
355
837
612
685
253
856
362
819
601
286
177
892
948
523
583
681
102
913
253
147
715
310
251
856
478
165
882
388
592
325
383
782
370
139
878
473
986
512
114
942
733
642
695
408
81
901
823
523
351
752
320
909
898
470
939
487
922
423
157
994
488
291
262
185
907
500
703
612
792
641
673
679
684
361
439
742
928
628
374
251
420
189
140
152
828
474
138
994
92
16
497
785
853
543
566
679
146
948
802
437
480
689
366
826
328
202
103
868
713
338
221
136
936
528
615
621
759
620
553
304
857
589
568
317
928
533
18
55
310
846
175
145
197
38
650
689
885
424
320
168
840
367
343
852
223
893
488
242
406
238
922
587
661
757
513
268
668
646
893
429
234
171
26
22
111
23
865
590
735
661
761
380
246
866
698
627
49
990
394
206
215
813
901
516
941
417
333
122
799
549
578
258
618
229
68
16
843
425
345
857
191
931
638
644
479
791
778
416
853
475
362
127
142
65
740
584
922
481
43
965
521
707
68
884
303
832
682
334
930
501
586
331
205
105
363
98
937
573
514
303
357
765
565
631
452
706
704
344
81
60
167
111
716
386
762
574
828
434
367
221
237
914
318
823
729
387
583
765
136
879
111
99
247
819
150
916
214
961
110
884
738
650
889
499
696
363
680
364
802
611
892
386
384
116
471
315
90
17
513
798
579
271
85
80
437
712
648
700
113
978
718
663
371
808
478
234
423
828
469
208
898
482
854
457
695
379
694
708
832
464
888
515
408
864
933
565
891
452
852
580
448
167
815
623
536
705
73
974
955
499
698
646
809
448
324
193
141
112
138
927
211
907
843
562
445
797
986
590
593
339
518
818
840
552
699
392
6
995
165
93
647
693
432
694
468
746
614
651
864
426
556
741
377
830
718
297
718
373
999
498
222
962
369
794
623
703
176
867
747
323
936
486
110
897
232
86
883
453
171
149
325
224
371
878
389
759
616
297
470
236
852
558
771
642
368
185
686
317
795
444
633
321
174
68
902
563
529
706
465
812
756
411
735
393
701
440
121
891
455
820
324
198
530
266
211
124
54
937
878
525
273
217
123
939
238
24
794
369
54
9
560
345
436
839
89
987
590
773
909
591
278
58
756
334
729
588
473
161
298
171
595
380
271
150
122676.5
135
974
256
154
188
166
389
827
802
432
162
91
23
991
629
264
428
257
476
259
360
856
362
117
708
697
410
788
783
486
23
949
217
837
351
899
419
195
654
356
157
95
95
996
515
261
223
159
551
213
514
830
714
614
992
470
801
395
791
592
636
387
324
876
388
143
496
766
204
123
322
85
781
584
919
531
854
645
670
712
396
216
266
129
64
954
788
339
211
909
971
565
456
157
616
668
636
692
567
308
396
194
355
820
45
953
485
710
216
877
146
924
821
602
439
783
72
48
126
48
705
610
105
873
389
868
392
210
354
263
76
969
433
226
659
317
716
665
646
673
626
730
92
53
929
450
117
13
388
103
992
513
872
467
827
417
306
202
138
4
79
927
148
927
226
121
923
452
433
796
853
417
458
193
256
902
301
927
752
662
899
624
89
952
570
280
772
447
833
672
397
816
473
812
716
389
80
48
913
515
539
330
247
178
781
418
341
175
331
168
473
793
435
177
619
665
659
331
261
154
213
55
427
191
732
562
891
539
195
26
838
400
847
663
398
196
437
152
284
193
897
566
18
958
155
90
512
289
806
654
219
922
170
93
153
848
375
233
775
610
406
805
534
288
360
756
537
294
925
521
451
250
381
740
369
262
841
631
454
740
33
113
563
752
381
185
368
888
811
397
710
258
471
720
185
891
592
717
558
713
664
402
366
773
100
91
174
904
360
141
241
110
200
109
500
247
239
867
215
165
895
412
304
816
318
788
309
848
167
967
256
160
202
105
709
431
513
259
132
73
694
626
114
987
442
266
722
571
391
795
275
70
207
835
320
179
780
640
157
844
180
863
334
794
322
799
727
380
230
849
686
312
928
462
498
235
748
414
389
796
956
456
874
406
132
978
584
650
780
663
665
662
68
100
785
601
286
234
197
901
629
738
152
158
437
806
295
126
275
913
849
603
249
165
869
431
590
282
683
642
856
529
300
838
491
230
365
244
475
185
240
119
402
777
254
148
784
418
474
196
932
423
924
413
322
173
211
935
58
904
594
302
94
950
570
678
699
353
81
989
545
332
451
756
799
651
583
622
77
936
526
768
367
145
136
31
841
424
210
133
179
59
301
835
192
154
213
72
735
707
805
656
98
924
711
641
256
141
640
378
354
198
281
115
570
634
67
21
893
437
541
219
64
17
105
947
573
648
215
105
360
889
844
544
834
584
614
306
298
815
891
505
961
465
223
68
553
262
854
554
224
66
862
484
624
299
206
151
815
619
875
451
837
538
150
79
638
729
434
722
964
493
702
395
778
370
515
255
766
627
606
339
719
281
399
802
282
831
221
894
880
446
116
86
46
902
418
125
917
493
513
242
136
98
982
474
584
351
387
188
558
735
301
230
722
563
360
851
935
422
626
292
730
321
620
702
692
349
763
617
995
522
183
921
304
106
230
865
117
917
466
223
781
566
365
798
879
545
402
223
251
109
462
775
360
801
939
505
587
290
599
753
697
257
792
612
373
877
96
999
50
883
848
372
505
255
862
570
260
207
705
407
125
79
382
819
357
237
973
467
849
564
205
915
883
461
504
834
392
828
84
896
876
649
189
80
44
16
720
317
437
197
649
681
916
578
316
823
308
855
756
339
857
593
50
11
611
317
201
82
310
162
643
696
965
487
604
758
115
906
105
910
939
479
628
733
558
230
761
344
539
302
526
744
133
949
196
895
705
679
950
434
940
586
408
862
77
60
256
151
750
652
517
270
258
157
289
804
341
98
121
23
222
139
106
82
850
410
845
594
782
594
622
730
736
376
708
604
150
868
597
653
40
979
355
196
560
735
191
842
648
377
574
298
212
94
801
408
301
182
600
693
298
153
281
888
984
464
826
630
724
614
646
278
885
494
933
457
243
98
901
400
850
523
854
498
351
739
701
335
553
299
132
13
896
525
891
454
980
553
377
871
174
880
87
77
122
116
789
424
413
126
868
402
633
666
361
167
793
401
751
615
129
46
55
948
574
223
593
304
441
214
696
361
867
523
610
311
367
141
701
676
839
625
871
539
20
81
566
294
698
392
438
226
501
722
973
466
83
28
142
851
888
489
389
856
473
733
231
63
394
236
685
668
415
767
948
420
685
322
324
810
746
624
760
607
604
662
218
903
760
387
514
314
377
226
793
607
675
626
746
654
252
124
422
243
432
833
580
656
331
784
66
25
875
572
370
821
210
71
65
996
598
722
42
977
803
565
237
149
54
86
589
306
781
325
122
924
708
665
924
484
224
935
453
742
649
710
317
848
123842.0
64
14
354
843
379
769
342
200
842
553
190
986
53
55
369
831
672
679
515
803
338
191
240
880
700
382
602
303
935
551
123
146
404
142
170
97
343
812
679
665
169
980
77
104
489
827
301
921
383
742
309
124
686
329
831
558
721
647
762
360
609
696
414
214
242
937
537
302
249
949
292
860
802
351
833
441
727
428
517
309
428
760
96
940
143
11
653
653
197
101
869
376
302
926
659
320
713
311
633
744
322
828
429
201
51
50
649
337
180
69
331
171
896
482
364
206
276
856
84
880
655
365
247
110
354
188
515
705
715
648
154
40
403
864
707
584
660
243
576
344
587
349
152
889
794
602
118
994
355
828
967
467
927
455
798
550
266
850
1
914
158
125
64
62
308
905
926
620
458
250
648
678
284
809
270
120
148
172
532
261
666
348
70
27
493
769
911
590
742
424
502
245
502
228
825
633
46
988
934
479
774
646
319
895
841
637
395
785
228
912
412
245
383
802
762
390
559
765
286
913
64
970
573
716
922
507
951
507
135
976
650
664
559
277
345
821
203
945
367
902
815
362
96
114
25
982
536
794
797
352
17
24
129
900
273
195
450
764
771
374
398
164
460
777
429
177
652
701
884
569
465
749
626
321
509
735
747
419
470
220
101
964
404
156
423
799
419
211
687
645
655
688
558
208
347
198
680
363
517
262
935
545
485
238
70
989
267
178
252
878
244
931
203
915
395
814
138
81
376
863
897
489
388
181
386
180
215
55
91
92
321
933
136
939
833
576
525
686
149
860
871
427
94
101
453
754
807
452
439
197
60
952
472
226
357
884
810
422
320
253
177
106
343
200
436
227
788
626
400
186
727
622
802
589
452
846
896
545
415
210
883
579
742
676
148
43
626
312
622
369
536
272
162
911
691
361
381
840
267
142
457
165
297
853
273
149
390
816
303
178
925
438
504
735
908
547
552
645
790
407
921
504
209
87
347
814
474
673
373
778
316
805
533
322
462
757
824
551
488
748
939
553
870
518
219
888
144
88
203
175
553
670
79
36
596
286
871
553
192
100
524
715
594
275
619
285
858
460
154
113
379
138
246
888
145
898
779
608
263
841
76
942
195
70
389
785
291
830
762
371
622
257
108
49
609
276
383
848
930
534
309
800
213
917
697
413
19
963
893
573
454
768
94
994
60
101
725
349
188
924
213
158
853
456
938
435
792
607
467
279
994
448
889
585
260
879
509
742
919
525
273
852
965
547
566
789
313
814
841
363
945
584
988
435
198
978
415
213
628
268
827
571
643
683
721
674
615
678
893
458
742
562
492
788
381
196
320
237
153
139
945
484
83
907
153
141
91
975
877
604
383
766
96
902
881
603
762
689
437
712
341
172
544
690
860
372
244
113
885
537
541
675
597
747
743
355
615
700
646
317
921
482
44
19
219
942
216
176
55
54
413
855
755
417
462
282
790
381
324
827
256
799
398
266
510
299
901
557
588
689
547
236
570
737
839
352
154
38
86
44
163
59
680
626
377
784
844
435
262
861
672
676
230
859
349
140
502
729
838
584
956
469
103
80
853
601
288
109
428
221
203
82
741
354
130
940
172
910
761
627
383
793
682
383
887
405
231
92
291
172
851
572
966
488
94
948
656
612
101
945
337
783
555
251
985
574
538
276
235
186
263
115
897
549
656
360
369
779
584
734
721
630
505
236
151
151
263
76
702
354
877
487
793
375
277
235
151
849
380
789
652
353
587
744
340
915
470
207
254
931
97
931
375
773
238
902
772
577
965
501
824
368
528
282
726
674
825
476
284
203
717
343
122
33
477
711
520
239
264
171
766
571
514
700
290
864
830
521
429
742
538
313
292
843
330
160
986
515
792
339
629
293
438
765
919
448
752
638
76
968
954
543
911
506
917
472
570
322
764
598
652
739
128
940
962
426
964
527
770
357
259
201
243
38
175
830
260
818
752
644
351
842
640
694
784
400
385
753
746
685
752
359
62
884
94
23
468
704
579
742
457
820
809
650
918
403
639
702
381
851
672
263
800
453
939
482
190
879
518
679
624
707
262
873
704
355
898
556
76
977
306
170
937
606
332
145
643
286
160
957
627
708
727
305
351
204
975
511
478
762
281
151
777
439
891
489
671
396
221
145
722
642
717
613
581
703
604
304
800
359
743
419
93
941
453
757
307
74
750
386
423
168
64
978
897
459
278
121
193
971
101
39
513
216
43
93
893
534
446
782
160
838
631
598
781
580
177
12
733
419
845
546
69
70
458
280
491
234
118
59
125460.5
31
958
297
158
496
263
479
773
959
431
154
54
30
982
332
222
611
373
362
233
477
737
409
204
716
696
637
739
870
393
240
859
199
850
93
977
488
280
705
333
99
67
205
994
219
118
134
154
467
158
193
884
772
587
885
352
576
274
825
585
624
277
308
878
144
130
501
798
47
66
159
48
753
584
846
539
858
490
692
599
452
199
143
139
115
912
652
296
301
843
723
693
75
25
639
602
606
637
617
355
151
77
394
776
80
901
585
697
153
985
323
885
975
572
228
887
173
113
388
195
719
664
380
812
431
786
562
304
824
412
89
930
305
219
970
508
489
853
625
749
700
590
224
53
907
458
164
77
464
230
898
524
948
468
950
494
138
74
186
100
383
821
229
903
111
21
900
456
345
827
779
372
434
232
391
787
420
844
547
794
748
562
2
995
437
133
845
443
895
476
436
742
491
828
865
433
107
84
942
476
581
310
119
67
804
371
527
300
116
105
428
733
358
110
829
648
433
186
170
174
101
40
541
263
998
498
943
528
217
116
695
356
639
660
403
189
195
66
153
148
631
678
241
864
87
92
518
234
777
658
151
918
219
187
330
882
480
256
695
644
434
741
473
239
376
801
486
250
902
509
595
336
679
660
462
258
750
582
300
842
87
26
303
849
558
280
577
705
814
382
617
323
545
719
342
844
819
594
634
666
747
358
474
799
105
62
351
857
397
177
47
49
205
107
329
193
86
979
203
44
876
437
389
834
268
857
154
996
160
980
30
28
68
9
851
494
678
367
313
155
879
515
236
836
578
244
888
529
450
828
100
7
389
858
185
126
892
562
515
825
117
947
445
760
452
709
721
284
384
893
907
472
857
487
172
99
897
518
466
759
770
443
575
286
62
935
655
746
574
717
694
652
250
162
716
679
229
111
175
885
442
752
263
110
213
871
365
98
360
733
903
620
600
333
770
384
713
395
758
617
935
485
72
949
319
155
780
363
444
209
359
193
748
654
522
298
829
417
553
207
903
509
878
553
150
18
153
958
356
831
652
291
83
914
451
792
905
485
174
886
765
385
413
789
600
775
929
603
266
918
288
829
142
73
143
110
768
452
313
222
162
106
243
905
313
177
287
152
673
690
426
783
118
995
433
801
217
152
987
456
342
168
227
180
838
648
112
37
794
369
421
259
71
9
82
949
685
732
214
80
360
747
770
642
986
475
832
453
534
777
901
623
914
429
61
37
359
179
957
505
380
205
935
552
537
285
406
230
688
737
736
391
685
664
230
109
385
756
543
797
967
525
685
293
582
287
566
251
859
622
929
503
377
260
387
889
511
737
289
937
916
508
231
123
298
826
162
99
779
425
492
199
143
76
880
491
726
388
577
237
246
833
694
290
769
598
160
983
982
544
582
272
629
329
743
551
649
268
771
609
983
565
74
931
47
53
517
756
88
944
287
62
880
589
545
648
736
650
328
108
318
122
419
780
754
643
947
441
781
375
609
675
640
317
661
672
40
905
158
985
58
923
721
367
381
125
876
465
343
164
678
280
425
216
206
872
649
359
803
406
936
492
198
916
930
489
235
869
385
775
234
923
682
603
81
117
186
174
840
456
358
151
775
661
758
609
115
968
404
799
854
371
928
528
27
3
842
355
33
27
410
157
368
821
747
335
510
786
484
740
362
824
780
421
631
695
405
174
505
260
663
304
515
730
386
842
162
838
574
727
882
567
838
550
587
687
411
219
523
267
776
571
493
271
265
165
478
762
53
5
123
77
292
162
240
112
916
501
870
547
782
649
426
784
574
266
980
480
261
848
724
644
50
990
738
356
555
758
433
798
771
438
726
336
246
115
906
491
669
312
578
641
460
251
338
876
993
552
717
573
726
631
353
151
872
520
739
462
97
86
932
496
953
516
893
608
626
729
793
387
674
353
150
83
943
498
915
503
731
724
387
836
98
970
308
105
403
264
760
326
314
65
658
262
761
688
453
204
622
294
684
616
217
170
64
985
715
359
491
283
343
91
646
329
866
588
596
306
232
137
499
693
922
612
967
437
120
52
613
364
586
386
172
29
624
641
846
468
94
113
388
825
745
356
406
791
634
683
51
85
496
272
485
750
342
778
814
422
566
232
356
760
857
525
897
422
780
627
202
910
537
279
830
481
655
279
668
670
598
666
855
501
28
4
639
298
67
991
738
565
377
746
148
42
984
531
314
864
185
60
56
995
398
785
309
808
956
545
547
299
301
153
886
417
841
479
85
983
760
583
952
473
176
932
485
809
394
861
3
968
125547.5
168
128
322
822
513
780
429
192
916
603
101
896
103
55
446
787
601
714
565
689
604
277
534
762
464
235
421
165
793
618
377
216
271
124
97
34
385
803
659
740
69
902
112
66
215
980
250
919
371
771
95
70
838
430
719
685
692
666
730
327
435
757
195
126
256
858
338
120
207
954
161
855
817
488
945
533
891
443
822
446
377
760
205
855
327
158
599
635
400
214
553
210
56
956
835
457
756
446
757
674
268
900
451
239
320
178
473
233
45
85
231
31
919
456
95
62
276
854
335
818
630
269
369
205
418
146
615
696
861
522
146
111
328
817
903
560
286
113
349
198
776
378
178
963
975
536
197
938
354
778
807
419
803
615
899
560
307
842
189
997
256
132
60
59
41
922
830
552
322
200
768
599
348
802
543
283
264
145
386
227
892
469
62
88
336
888
759
654
978
446
634
289
527
268
831
627
164
976
931
523
659
648
142
848
647
664
558
679
331
854
526
176
249
921
810
435
333
873
254
847
260
868
602
680
905
460
943
434
256
829
733
576
751
328
196
897
241
882
327
842
755
399
380
221
195
817
514
709
574
244
175
90
522
757
228
96
636
697
627
337
630
350
514
793
517
249
438
786
944
513
516
749
687
389
467
779
922
408
327
167
146
976
400
220
586
627
562
206
761
611
678
712
411
228
342
224
840
372
714
312
677
662
310
196
131
992
424
207
492
763
39
959
115
903
342
856
104
19
155
882
928
588
335
90
319
162
72
4
4
22
79
915
161
900
992
457
713
594
293
813
913
519
351
126
345
805
850
371
288
97
59
921
234
155
223
836
980
526
269
124
123
42
422
201
603
376
725
637
159
131
920
516
961
419
81
990
968
402
388
210
811
613
417
774
153
4
426
239
573
320
790
443
408
750
620
337
221
844
282
140
423
165
201
859
269
83
162
859
485
274
793
427
611
708
751
647
814
647
843
410
975
595
207
94
374
779
747
633
482
827
435
802
720
422
558
799
894
569
464
773
941
508
949
480
37
965
5
44
233
96
600
723
57
67
387
114
915
521
315
129
714
706
385
215
404
199
624
315
140
28
420
198
143
866
260
935
828
548
521
760
164
861
169
96
411
848
198
861
558
277
499
305
129
91
449
238
373
799
887
559
269
801
273
884
721
425
122
884
696
708
421
767
79
972
151
55
651
288
210
835
405
156
840
383
982
481
877
591
281
134
657
290
831
589
113
911
495
739
945
484
544
726
910
421
463
795
413
740
539
357
674
680
626
337
344
836
594
313
345
234
760
376
606
772
447
769
370
782
742
461
845
435
466
699
50
36
507
181
194
88
987
494
246
787
310
185
150
989
837
632
529
736
43
996
800
598
881
519
588
745
397
154
586
669
716
318
189
75
880
439
544
693
597
750
886
447
681
665
792
443
814
426
135
117
119
962
497
173
287
138
73
970
731
367
797
354
697
333
126
969
85
977
421
132
604
336
869
656
633
679
735
327
668
658
580
259
194
75
130
84
252
125
680
725
293
900
866
557
425
802
697
673
276
869
269
222
762
653
906
517
795
608
243
168
976
517
179
122
403
255
80
28
783
460
235
794
274
912
753
615
306
789
775
359
663
309
150
109
344
224
784
582
963
542
68
917
895
548
146
934
270
832
450
207
702
710
294
151
677
342
404
240
935
536
469
264
303
875
393
823
516
794
625
280
252
98
234
111
426
219
891
489
923
464
614
287
507
717
621
707
976
508
654
657
338
838
384
162
141
925
29
973
307
903
120
981
990
410
898
471
666
344
384
238
583
726
974
559
412
175
678
402
149
48
691
628
557
324
408
154
874
487
648
757
148
956
941
530
501
777
836
421
603
712
144
34
904
514
996
523
695
358
345
810
914
436
979
465
194
827
934
420
997
481
864
423
590
342
667
686
793
651
162
965
861
417
980
444
680
334
232
120
57
84
203
819
504
740
644
707
51
942
556
759
695
291
407
803
708
646
725
368
299
885
11
52
771
583
626
661
372
810
640
658
815
356
539
679
388
811
740
391
710
406
721
622
167
967
896
565
729
558
229
880
636
275
896
591
237
905
322
147
659
673
590
281
770
388
216
851
707
656
404
200
463
145
811
607
505
751
470
234
926
523
985
507
714
412
180
93
526
659
937
505
541
783
502
231
571
240
891
447
5
979
645
733
101
16
902
393
474
287
102
890
982
552
361
219
122
908
47
90
332
141
391
207
889
449
693
606
299
838
816
578
946
467
167
62
875
440
919
467
100
9
537
285
365
201
74
5
125376.0
149
963
366
209
381
189
383
859
765
402
151
72
122
929
332
153
567
246
647
373
636
632
588
275
433
712
289
893
708
416
350
795
191
902
189
937
279
111
619
289
243
93
30
981
96
22
153
39
361
178
121
932
717
652
636
375
659
301
758
651
536
319
325
833
271
167
316
781
281
137
323
220
1000
474
845
392
861
635
963
530
562
258
201
61
282
852
604
273
480
803
487
789
42
14
753
621
969
472
707
319
66
47
464
821
321
879
455
719
203
962
70
932
842
629
238
918
280
193
416
163
535
699
471
734
471
755
678
336
917
541
180
934
209
109
818
442
182
882
500
745
709
686
94
32
960
486
125
41
629
312
839
542
710
310
915
475
254
122
34
59
251
787
21
939
225
112
808
420
259
891
663
318
407
240
476
809
387
762
393
746
823
629
266
853
266
148
652
292
869
641
613
688
491
782
808
359
99
108
935
385
700
357
241
146
782
387
523
293
286
154
350
727
43
36
868
664
232
129
326
227
150
112
548
279
945
470
864
551
236
76
811
364
511
731
130
84
88
49
395
194
822
645
375
856
341
158
516
220
574
729
102
993
344
173
200
890
709
330
650
662
585
749
477
203
421
847
424
231
869
574
470
152
869
516
501
303
778
637
295
931
208
100
526
782
705
383
530
761
809
355
570
296
410
765
369
848
869
535
587
734
649
238
267
863
132
73
566
736
331
186
140
60
210
103
277
210
170
941
350
169
727
384
143
892
263
905
95
947
62
896
178
88
49
39
919
628
790
315
439
239
929
523
219
860
470
285
771
566
169
999
205
90
352
872
451
208
989
442
262
828
46
978
459
819
798
624
831
381
177
903
891
543
725
657
76
24
937
537
500
790
826
354
403
225
10
958
519
797
569
678
941
458
506
178
646
595
339
108
248
832
439
825
225
133
160
911
206
83
393
813
871
587
586
242
656
309
614
338
908
499
709
323
235
847
341
193
616
341
360
257
538
247
930
529
372
101
785
385
427
295
947
401
969
501
149
128
205
903
360
814
702
338
118
854
330
830
959
574
361
826
630
250
603
707
456
794
564
707
111
1000
494
729
195
152
147
106
997
549
512
318
384
222
206
975
313
174
351
129
455
739
533
717
123
889
500
707
439
260
855
427
423
217
58
23
986
525
272
61
511
244
491
264
86
51
131
929
698
656
207
86
405
814
717
693
888
545
815
460
318
770
573
705
730
349
289
124
634
304
934
436
497
202
927
534
438
252
471
296
632
659
648
327
660
763
190
106
444
787
323
856
817
605
381
196
528
260
369
244
895
472
858
662
655
264
134
957
394
785
265
821
986
529
302
126
422
760
76
35
720
334
474
221
62
46
820
462
964
511
540
220
230
857
721
311
602
737
119
891
898
516
612
356
579
291
772
633
774
381
968
504
902
568
420
794
235
133
345
893
169
907
184
96
727
617
726
546
560
732
71
130
5
20
239
820
733
692
651
382
781
415
551
746
650
244
643
699
223
847
133
877
163
958
586
269
188
95
900
517
340
145
499
240
375
164
470
742
709
332
918
557
722
402
243
888
870
416
356
861
463
815
36
942
955
448
244
111
258
167
678
387
474
248
704
571
588
669
237
873
484
822
972
483
947
414
65
29
897
457
227
81
370
257
447
696
477
283
355
829
797
571
568
772
937
541
411
777
146
93
208
92
456
297
666
642
137
959
375
816
510
710
956
460
798
575
428
771
503
261
576
278
996
449
707
328
376
143
349
902
320
145
106
60
288
97
106
37
864
564
836
547
628
756
378
805
508
283
911
475
233
871
959
534
127
877
674
340
732
605
373
848
893
527
424
172
191
118
853
379
490
306
781
567
526
255
39
896
954
511
948
381
780
671
372
123
770
612
848
539
339
98
883
624
878
504
979
513
845
564
457
224
646
353
82
68
820
626
927
570
564
717
197
839
242
915
373
277
514
303
678
393
177
96
601
319
510
691
269
100
734
430
775
579
220
169
97
872
807
431
763
350
499
285
715
385
773
656
554
250
464
192
802
515
867
622
705
308
93
129
757
386
785
410
176
105
490
784
894
478
111
77
274
790
753
426
519
694
871
598
291
151
615
340
321
794
344
776
791
304
563
290
490
715
940
462
905
567
695
679
233
867
633
266
924
573
468
284
469
765
463
707
991
515
174
64
622
328
56
929
691
652
498
713
363
205
900
468
367
795
264
183
142
908
187
913
432
744
957
453
887
458
336
100
858
435
991
493
70
927
732
628
842
619
1
984
625
733
430
830
84
925
126609.5
176
45
416
800
315
801
395
218
757
658
8
964
153
21
288
791
400
758
680
594
621
322
634
626
510
276
303
96
796
566
377
147
162
13
112
136
183
831
590
762
195
939
21
91
198
884
33
981
364
784
103
75
695
337
862
549
492
728
846
404
652
745
311
146
374
839
451
315
230
833
473
844
970
584
615
706
828
458
829
377
338
839
233
900
260
211
550
782
266
122
329
149
66
994
775
313
959
550
559
752
226
886
361
209
365
209
501
205
253
134
183
126
783
419
220
125
377
721
297
882
606
222
594
249
588
345
549
742
808
364
196
101
110
944
842
569
221
41
578
322
597
357
52
932
990
495
59
908
656
654
845
369
663
711
994
495
133
964
123
881
329
117
120
45
256
906
867
533
343
156
649
629
431
770
501
245
374
142
570
248
724
331
369
156
261
898
685
622
849
418
530
281
522
247
806
551
301
898
820
629
842
605
308
819
793
568
568
699
388
785
536
281
194
934
667
256
336
879
516
761
153
902
614
764
790
627
961
545
207
889
795
617
565
268
173
862
242
857
528
738
684
416
432
220
395
773
543
684
473
279
104
7
245
887
82
18
661
735
611
336
615
284
248
867
359
131
583
743
894
472
231
878
899
422
552
711
872
435
119
70
245
802
395
204
728
714
556
312
724
569
627
611
452
267
270
211
880
452
353
171
564
688
157
101
246
878
657
305
462
742
59
988
240
830
550
718
240
81
404
803
751
561
226
195
175
122
136
116
55
47
298
827
183
863
620
290
515
726
388
794
982
551
246
123
554
810
860
503
112
14
268
858
409
191
572
710
880
504
215
134
155
36
298
120
684
389
687
712
338
148
943
541
621
332
22
984
954
422
295
111
657
745
369
822
80
53
479
228
636
336
879
640
363
816
710
338
335
825
172
90
320
75
145
925
136
28
179
974
377
127
821
482
602
699
585
768
801
617
887
484
637
614
399
210
217
880
627
665
495
781
498
732
767
382
71
964
853
625
625
629
813
651
949
461
222
817
134
26
313
146
775
573
307
115
294
71
826
333
393
205
637
660
508
268
404
171
704
390
86
30
677
364
253
836
143
992
976
529
812
592
449
872
3
3
461
768
110
969
505
221
600
380
248
166
613
341
526
690
849
628
419
698
68
994
966
509
74
995
364
855
645
714
259
883
117
124
551
276
217
825
416
162
606
255
938
505
806
632
303
172
550
260
674
715
142
918
559
654
774
570
385
801
804
384
544
669
665
681
635
280
741
606
392
237
227
802
348
232
389
218
709
379
314
872
460
763
338
851
974
557
702
396
587
664
90
25
552
239
467
210
963
465
329
798
568
260
21
914
643
631
497
806
260
866
940
465
912
490
495
728
273
178
773
601
584
357
348
171
946
417
696
669
503
761
803
346
759
556
992
411
863
433
467
209
413
788
257
123
8
3
296
858
865
439
919
537
648
344
196
908
160
956
327
240
579
302
698
693
661
677
583
348
382
851
615
337
414
219
160
83
206
90
500
735
134
917
969
421
348
761
497
741
325
841
512
339
754
663
872
492
741
650
204
127
780
559
279
231
303
105
103
72
891
539
229
970
317
787
884
574
493
719
819
453
556
255
202
120
347
100
965
617
780
589
106
877
941
520
203
940
416
813
706
359
461
748
178
103
944
465
572
274
809
439
459
238
200
818
244
941
720
673
714
259
73
79
382
153
688
301
970
509
962
448
441
222
425
802
529
673
895
615
794
630
167
888
201
180
391
765
74
975
120
988
59
971
959
487
863
455
627
337
361
140
656
623
974
531
177
144
835
447
324
106
753
609
788
481
456
213
825
389
423
757
363
845
791
553
729
630
904
426
611
682
294
145
877
437
785
541
733
399
288
929
841
479
951
472
323
840
742
423
986
509
986
499
906
386
564
714
764
635
160
940
924
472
956
514
587
321
306
96
133
54
561
754
608
700
678
631
96
940
512
725
709
304
88
975
798
623
885
446
313
760
181
94
869
545
702
586
671
683
966
519
691
322
519
815
222
906
827
415
701
385
528
771
268
783
755
609
790
674
332
857
461
195
900
548
232
939
550
262
809
606
653
260
860
499
311
787
812
625
324
116
445
218
614
659
736
610
419
216
785
577
881
477
720
309
243
199
507
754
749
366
549
715
387
214
616
313
930
391
290
871
673
620
98
99
612
254
515
290
468
713
743
625
463
179
400
808
4
12
268
93
447
180
966
465
949
495
275
829
870
471
942
449
107
93
657
331
619
301
17
73
473
283
225
77
238
120
127813.0
154
910
503
280
536
265
398
724
718
358
106
4
53
901
390
163
340
161
719
400
669
672
844
384
579
796
150
859
828
441
268
787
72
967
270
919
413
241
510
268
162
13
131
913
105
71
12
33
406
266
200
873
763
669
882
437
464
214
955
525
601
352
299
867
307
116
676
681
347
104
474
253
915
467
694
311
911
574
818
543
187
126
194
120
540
770
356
149
226
861
226
890
42
77
719
659
804
377
553
295
171
111
372
786
312
864
537
722
251
916
278
912
919
495
125
910
520
213
166
131
387
864
387
834
673
628
660
350
777
610
210
862
124
87
723
356
125
884
540
708
621
712
182
142
948
592
303
122
702
342
615
718
747
362
858
547
92
21
170
122
259
785
36
933
231
40
785
413
394
764
549
273
322
139
575
762
265
947
407
795
588
668
261
822
293
106
784
374
883
536
541
746
625
716
949
432
208
162
679
307
808
436
446
210
832
454
660
347
408
246
472
810
66
32
460
741
332
171
459
218
272
136
492
262
824
440
805
414
197
42
927
465
422
818
264
212
315
76
496
168
917
549
431
808
496
215
597
331
597
749
96
917
152
18
22
996
514
242
584
665
575
663
335
134
287
866
519
175
975
496
233
207
856
546
630
355
810
605
196
972
480
258
308
799
593
298
612
600
868
399
583
293
552
681
447
776
894
558
352
821
631
289
196
983
224
31
562
727
569
283
120
14
394
243
469
239
213
963
405
119
941
473
407
793
284
779
140
951
156
923
392
253
255
148
524
769
535
223
436
283
963
535
356
811
355
154
994
494
15
930
273
160
379
836
668
310
836
400
275
941
102
984
313
878
856
520
506
304
283
825
826
445
778
601
164
112
826
541
146
898
544
206
478
224
33
997
606
694
707
683
766
459
260
165
735
623
352
228
334
856
92
928
148
11
120
951
91
54
378
843
970
459
479
242
566
260
844
374
969
443
684
332
411
771
100
55
782
382
357
222
694
331
839
625
64
128
875
427
830
468
618
287
979
494
481
263
187
877
400
778
758
416
258
833
162
963
719
669
522
701
533
292
558
805
192
886
783
548
185
878
874
536
342
243
148
86
953
486
774
410
221
183
2
974
483
158
78
21
370
875
792
573
414
746
727
617
455
237
730
407
589
292
18
55
887
461
172
67
307
94
450
249
252
69
342
830
537
716
430
202
298
922
428
751
886
573
782
320
495
766
627
651
723
368
115
100
636
293
780
436
503
226
848
566
600
362
732
412
437
755
651
309
486
779
412
289
392
801
432
768
886
548
268
172
530
219
344
229
874
493
781
552
612
308
78
972
551
670
481
735
872
503
517
267
509
750
177
167
753
298
398
181
135
60
964
489
974
529
436
257
329
755
745
325
771
565
445
783
725
656
767
354
396
196
676
666
993
458
823
607
953
468
454
786
314
165
385
811
25
993
386
219
873
654
844
367
669
644
270
157
115
42
495
822
652
679
653
375
665
290
694
661
415
225
599
744
526
718
331
820
98
982
429
169
129
53
793
595
318
172
589
268
241
153
750
641
595
355
970
514
682
410
273
868
852
420
433
810
188
846
150
837
947
396
79
58
517
305
899
504
548
362
847
563
355
808
322
802
93
941
646
325
907
447
278
106
877
469
52
52
376
106
721
734
564
275
144
988
962
525
626
711
819
644
435
827
256
109
135
86
623
248
521
787
211
947
325
783
498
746
965
432
891
567
402
854
514
245
690
395
708
381
591
271
213
39
460
741
427
269
158
54
21
100
62
50
989
542
998
556
749
644
389
840
733
439
944
483
341
790
948
513
49
965
700
382
859
573
398
725
676
613
362
192
341
246
998
541
732
395
881
507
700
351
185
947
835
557
836
467
741
666
129
63
911
549
866
437
320
85
941
575
906
492
939
480
855
563
494
259
732
291
190
154
934
441
928
405
589
726
108
999
158
850
661
318
706
327
739
434
249
139
467
199
603
788
71
16
796
397
869
496
409
259
126
958
767
389
845
449
607
356
962
422
670
715
312
178
164
21
941
558
714
668
358
225
484
247
769
292
496
258
202
150
431
739
981
509
69
10
389
773
779
310
488
825
866
420
605
307
694
324
107
939
553
718
830
398
650
323
318
859
803
413
821
621
572
673
401
867
558
324
811
596
595
261
426
811
595
757
796
531
222
145
733
303
199
833
490
831
606
667
541
197
861
394
414
849
349
201
140
920
342
833
390
754
877
538
935
478
346
85
819
593
943
479
202
907
561
712
767
609
324
839
472
794
179
929
196
899
128518.0
129
36
580
783
537
664
432
179
698
699
66
998
314
183
407
793
469
775
798
571
719
317
702
636
517
216
341
128
911
516
467
286
105
13
121
130
506
735
717
641
147
909
289
170
261
846
120
947
620
634
273
171
763
367
929
479
465
800
946
391
667
600
252
33
208
856
672
378
152
980
482
695
937
524
714
630
917
496
973
515
113
946
176
845
454
183
276
791
363
196
317
199
108
920
585
289
741
563
560
709
154
959
533
237
251
111
507
218
248
64
130
61
959
489
108
61
520
739
155
965
165
54
493
253
559
286
706
583
829
405
214
148
232
940
741
633
178
19
588
295
477
273
119
950
934
484
220
900
666
635
504
310
890
552
925
422
98
970
226
846
485
311
309
159
16
983
737
628
554
304
544
663
255
893
416
222
112
137
503
199
771
372
396
194
160
938
632
687
786
417
569
252
648
333
919
558
167
899
811
594
925
594
344
889
903
542
687
601
610
672
439
255
15
984
477
165
259
832
477
825
282
860
525
748
763
657
871
641
168
944
990
487
271
160
438
863
40
985
290
817
899
513
499
210
380
738
721
587
441
220
186
57
13
921
155
62
461
731
664
299
708
363
210
832
111
69
264
887
913
478
330
874
785
377
707
633
848
467
133
38
593
690
398
165
570
678
811
438
751
694
570
710
482
236
498
259
881
436
358
94
510
759
53
37
17
981
498
181
500
706
49
976
401
742
554
738
184
124
148
875
995
432
280
171
458
157
180
75
160
134
455
759
248
849
483
275
474
842
720
644
907
399
253
112
444
750
974
573
129
77
251
889
330
84
510
733
721
588
133
146
76
86
219
141
956
412
752
609
364
146
883
537
817
431
204
834
921
539
92
76
398
798
536
724
138
93
576
271
539
319
849
514
267
838
676
318
571
734
352
130
175
168
129
980
188
52
119
859
298
115
922
549
486
808
483
805
714
627
947
521
660
744
537
281
149
861
753
659
434
737
677
686
691
404
417
807
798
540
957
463
567
666
996
462
546
775
247
204
570
252
754
654
292
153
144
21
818
424
621
391
605
638
254
95
277
107
785
388
306
90
884
367
478
758
311
818
909
513
865
552
234
874
224
110
292
904
107
911
347
132
814
382
543
320
741
348
350
796
837
517
699
618
195
907
954
486
184
863
115
978
411
839
220
837
344
177
601
348
468
816
87
103
513
170
855
389
694
682
501
301
727
413
713
564
101
946
624
608
843
503
478
735
931
530
736
575
777
575
424
255
599
759
418
292
621
756
338
161
429
148
875
451
445
747
480
747
424
858
899
468
825
396
651
743
177
124
522
237
516
329
888
441
464
773
610
344
440
795
657
700
387
725
125
944
874
449
939
494
618
697
559
336
632
637
810
390
418
165
811
444
725
641
443
722
804
406
812
574
812
443
797
605
290
152
376
802
387
140
69
74
518
781
530
266
838
619
770
350
438
788
109
995
345
246
790
420
724
650
706
618
698
332
414
875
576
258
645
364
351
100
77
98
388
855
72
887
872
462
477
749
424
774
281
865
811
363
659
668
868
433
697
662
160
70
758
594
269
150
136
79
351
178
723
601
132
846
486
790
901
486
765
676
979
467
363
257
480
197
224
88
726
691
889
476
199
865
898
565
11
967
196
915
653
305
468
721
66
10
817
383
625
321
775
425
333
185
115
906
157
931
500
775
473
230
53
92
261
144
649
345
862
594
807
358
190
142
528
668
680
672
690
642
564
785
94
978
558
283
542
768
107
937
91
909
197
929
874
394
936
462
810
412
362
220
836
559
930
601
500
282
976
472
175
42
762
635
832
430
416
202
726
334
267
853
506
840
852
398
824
602
914
537
664
669
127
74
887
498
849
604
727
365
223
888
948
453
795
553
214
832
705
361
883
513
924
593
816
425
642
703
615
689
231
897
891
495
724
665
557
340
122
25
355
248
696
628
651
582
821
517
432
793
509
778
537
251
15
971
777
640
966
554
450
734
206
100
759
554
866
501
871
554
821
626
601
298
355
758
82
987
789
421
581
243
516
722
354
812
565
654
672
686
201
853
577
334
911
392
9
991
434
185
629
636
315
214
857
639
553
667
767
576
49
41
584
376
723
689
591
777
282
42
822
598
694
320
610
261
179
57
655
681
789
472
505
672
260
116
429
222
887
513
416
821
636
738
278
168
342
240
714
333
366
895
900
558
428
237
416
757
319
161
451
213
572
260
923
449
905
555
102
950
715
365
894
513
288
98
509
247
752
332
290
98
470
188
128
5
175
27
127712.0
102
888
442
279
642
257
265
820
579
344
99
82
263
834
377
120
426
252
828
428
565
709
596
313
404
780
118
969
864
401
480
757
144
889
108
925
612
300
571
309
252
147
292
798
394
149
156
69
822
370
323
779
744
705
901
489
473
297
805
647
847
471
138
988
218
128
806
549
56
28
587
341
993
450
656
338
991
445
922
423
226
94
211
84
418
809
358
244
437
781
471
828
184
49
653
633
905
390
585
194
59
74
499
668
256
907
288
838
51
954
138
953
950
456
54
921
522
296
50
104
142
919
644
677
665
678
772
363
754
692
317
888
60
31
657
279
11
975
521
701
526
666
173
117
849
562
229
61
757
303
769
623
881
479
822
566
107
120
325
111
619
780
217
865
37
38
637
313
584
729
669
313
261
100
307
874
223
882
561
729
617
669
269
899
201
129
619
236
829
584
409
845
730
688
933
467
112
47
781
375
939
457
332
149
910
481
824
421
701
296
508
778
46
80
407
839
149
70
241
105
207
50
553
234
716
326
825
415
55
13
928
460
264
890
138
95
9
16
205
84
880
546
511
737
408
246
733
392
530
733
67
905
32
16
232
903
410
223
470
744
881
539
221
149
125
848
149
87
933
611
288
163
712
643
787
417
877
606
169
908
495
267
231
857
720
418
873
487
569
271
596
368
380
825
429
769
956
469
200
961
605
328
136
892
79
114
308
878
623
348
163
89
565
258
612
334
157
909
244
42
856
640
245
860
340
911
185
896
235
819
471
309
338
197
568
753
162
76
760
387
809
557
201
907
386
173
795
390
80
947
231
50
235
870
608
339
746
412
129
928
26
984
160
943
721
682
736
346
183
920
898
372
795
660
168
78
981
553
7
975
430
144
478
199
159
940
452
783
694
675
845
583
175
95
774
620
658
326
299
819
387
833
130
116
194
850
188
41
318
863
909
454
450
245
519
287
792
468
830
439
526
324
504
764
204
154
799
427
530
249
559
326
742
573
366
229
904
365
913
573
672
255
887
523
501
290
235
877
529
784
705
435
482
747
56
981
829
672
926
558
699
284
184
936
258
927
702
698
186
958
671
609
493
252
442
206
908
529
938
460
259
56
196
929
196
169
179
102
312
914
677
682
646
689
778
571
409
270
876
545
693
361
180
180
901
505
268
137
178
56
308
91
197
128
448
764
737
698
422
190
229
894
348
772
767
635
523
235
709
670
813
576
878
535
182
37
840
427
989
490
505
168
800
408
901
494
904
427
472
763
590
253
583
754
464
204
292
842
295
849
935
543
397
182
388
203
341
149
964
451
840
505
578
273
326
893
540
724
753
671
985
509
429
199
800
609
458
255
742
382
512
272
123
156
818
541
790
606
469
213
504
736
679
272
836
512
210
882
771
620
650
275
459
191
797
660
902
511
879
612
793
440
252
872
435
166
406
768
146
964
512
194
566
686
668
375
891
551
406
197
20
34
480
812
791
533
853
440
709
320
833
573
92
40
575
749
748
573
115
934
186
945
147
80
243
92
798
569
460
160
484
191
210
112
715
694
722
423
879
593
598
245
145
976
837
496
327
810
254
874
369
905
861
417
319
153
391
225
924
473
663
314
925
535
473
748
345
874
164
906
524
294
879
610
194
76
946
464
98
26
37
12
576
631
441
191
8
990
800
593
623
765
886
520
504
724
236
66
265
145
509
266
342
835
107
972
320
825
669
703
771
441
606
726
182
942
712
428
771
362
616
347
493
209
77
69
554
661
399
199
87
25
189
64
195
137
728
663
913
611
866
611
290
868
906
489
849
478
533
699
984
470
42
959
897
443
867
487
299
832
521
721
403
167
319
231
670
654
888
492
727
363
728
402
160
999
913
557
737
342
659
689
225
64
872
495
806
383
332
202
746
561
887
558
764
401
859
497
616
219
680
382
257
169
975
470
706
405
557
719
148
905
468
709
917
455
812
468
887
566
420
187
453
270
564
716
224
123
850
402
976
518
530
358
145
988
927
450
991
515
751
356
752
317
702
631
320
166
27
111
859
491
618
682
427
183
241
115
789
419
464
236
219
49
698
615
784
626
75
1
431
817
700
435
398
878
698
391
674
251
862
426
181
954
720
617
725
395
446
158
176
897
956
490
619
676
501
689
67
905
707
390
947
532
709
421
229
905
449
852
921
454
248
136
512
274
367
732
307
850
715
576
96
10
928
448
481
809
396
144
253
926
301
834
635
681
981
518
951
484
147
109
618
685
876
543
174
867
382
821
691
714
85
998
388
751
92
947
129
917
127060.0
246
153
497
701
459
801
340
102
843
562
120
953
265
196
240
790
649
688
664
665
646
300
610
728
529
212
84
57
699
659
571
272
189
17
150
122
455
774
643
647
119
936
462
280
438
774
225
905
607
688
488
279
557
242
968
546
529
722
779
443
866
590
70
96
268
868
978
482
192
906
571
738
788
567
717
639
913
526
779
592
261
881
337
835
442
225
625
697
432
240
190
78
212
870
826
400
853
616
283
822
209
863
704
310
156
82
264
131
186
111
125
120
991
492
186
53
562
703
329
864
255
175
650
339
634
329
796
580
533
279
174
13
77
958
474
709
59
122
662
366
528
270
239
795
964
443
158
862
657
638
737
403
875
521
881
470
291
906
255
941
349
134
275
183
180
920
606
628
548
256
582
709
45
957
258
47
208
89
504
195
742
399
284
132
437
772
336
827
665
348
343
121
668
259
965
457
13
996
722
610
884
600
254
846
873
542
734
647
491
803
521
290
270
907
188
90
122
881
158
877
237
872
392
805
784
618
838
513
85
988
854
528
81
65
125
870
159
927
156
970
833
376
454
257
404
778
879
516
517
324
191
3
89
973
334
143
455
753
555
337
935
531
253
801
335
202
250
824
790
458
395
850
875
431
748
601
841
382
54
49
576
680
213
159
874
632
968
561
601
647
749
574
275
154
565
255
901
467
209
72
810
599
291
187
136
974
127
62
719
636
225
950
417
828
696
656
25
8
83
940
850
407
213
55
291
130
310
176
419
240
639
695
369
851
464
253
149
915
623
671
911
388
218
75
380
865
779
644
12
58
4
990
285
118
812
625
764
627
157
43
126
115
197
83
466
221
693
660
142
152
731
601
650
310
119
933
867
484
14
24
284
843
310
802
161
105
484
246
669
409
695
353
162
934
668
280
697
585
465
232
242
67
224
863
368
208
65
919
354
215
961
564
318
845
448
748
861
580
872
500
616
720
494
194
295
824
864
563
533
770
768
621
883
512
359
804
731
602
670
332
410
790
925
562
600
617
282
181
630
314
758
609
465
157
93
61
578
345
922
490
633
642
34
67
237
136
640
392
193
107
812
443
489
719
516
731
945
506
937
593
80
892
54
14
368
879
234
799
106
88
797
390
617
304
875
482
584
665
871
404
674
644
278
821
917
536
201
908
49
956
88
983
322
823
368
161
483
227
486
714
58
21
567
307
833
428
450
809
625
269
724
358
921
407
75
931
894
529
961
421
383
833
672
683
964
523
756
619
476
185
600
698
472
203
346
875
394
247
382
159
993
478
291
913
546
709
380
773
804
607
997
528
508
821
329
170
480
263
640
326
954
414
451
739
704
318
622
732
794
682
543
820
337
855
890
478
775
328
483
723
639
336
564
784
978
449
201
141
740
426
619
717
499
733
677
295
937
430
796
371
935
543
350
162
419
817
415
172
166
37
537
736
717
341
893
580
902
440
405
755
87
872
341
206
908
462
889
486
474
773
904
451
18
955
573
275
865
365
14
48
90
68
216
956
161
950
883
453
437
745
489
720
246
861
550
246
836
650
677
360
525
810
31
99
886
554
342
137
214
143
235
118
657
667
213
914
484
785
807
585
687
606
748
380
466
162
203
93
187
63
590
664
602
299
226
948
905
527
61
880
164
940
652
378
318
786
120
99
791
399
455
265
910
462
498
234
162
898
301
911
529
646
368
220
77
32
454
218
569
289
935
588
554
217
246
93
985
512
849
593
634
665
332
795
125
920
682
257
516
710
53
994
136
902
112
948
712
375
869
404
917
435
257
125
942
471
994
445
573
297
876
554
118
134
921
594
989
426
250
142
556
296
310
851
562
694
609
254
942
552
678
694
821
514
84
55
913
429
804
584
616
403
164
982
935
602
745
605
236
891
817
438
808
400
820
616
821
582
306
822
589
717
380
748
889
454
908
552
622
375
157
59
487
266
918
520
877
593
866
467
407
770
609
759
584
337
320
800
703
651
830
387
773
650
28
96
758
605
946
406
722
685
505
729
556
277
417
769
328
883
927
606
505
267
406
841
282
904
800
655
512
800
136
976
845
418
836
399
89
956
269
175
964
471
189
23
803
572
466
823
771
563
233
90
638
329
903
537
214
851
106
92
958
563
619
272
673
275
233
56
733
658
874
390
840
535
169
169
329
176
914
632
338
819
421
754
439
196
352
139
851
432
70
921
996
540
354
108
110
943
158
47
255
86
523
261
858
454
893
610
369
803
470
246
954
457
312
228
236
79
680
310
83
4
529
328
58
42
120
94
128547.5
246
946
555
259
271
121
189
945
890
435
125
99
440
713
509
225
729
351
661
243
485
753
584
349
552
735
289
856
673
371
520
725
6
932
130
912
582
320
760
316
204
119
506
692
528
259
135
101
585
234
466
737
516
669
973
533
530
310
771
598
830
375
267
877
365
180
983
573
277
153
502
285
894
469
558
270
901
464
798
416
139
95
428
212
579
735
698
327
520
765
59
949
178
102
779
632
648
336
428
221
360
200
604
675
54
943
369
854
249
830
228
819
876
570
39
914
730
359
354
156
332
869
622
660
764
604
905
493
565
724
57
927
62
45
468
204
265
785
663
638
480
701
285
121
862
521
299
137
684
407
922
553
900
508
976
467
101
27
100
7
332
812
372
750
249
143
737
333
483
795
618
255
136
20
8
974
96
994
532
756
673
665
249
879
399
138
398
263
798
621
197
914
665
644
925
447
133
64
811
350
650
332
201
96
869
384
814
444
384
112
519
690
150
132
106
944
187
120
219
169
273
64
371
236
764
363
903
541
53
72
939
512
252
873
174
52
319
152
29
73
711
635
538
765
338
164
817
418
732
614
54
939
7
24
120
934
516
296
624
728
973
507
420
234
273
892
339
242
949
521
199
100
773
606
731
329
848
583
174
924
632
227
151
910
666
358
925
435
596
262
786
426
300
851
532
727
906
513
152
958
887
391
256
903
212
111
184
886
758
372
219
77
294
148
831
425
32
983
119
134
850
554
125
991
319
900
481
740
444
838
643
382
437
236
460
845
205
156
720
390
841
524
64
993
266
145
718
307
117
967
2
15
177
889
694
319
726
402
105
859
295
860
202
935
276
869
655
318
365
809
845
430
662
602
97
74
938
552
142
955
390
221
381
220
136
914
475
756
939
510
811
620
169
77
545
790
947
507
582
728
139
900
309
182
517
772
116
61
385
871
802
436
302
225
408
164
964
473
893
441
708
339
368
800
326
183
718
356
498
240
903
473
906
568
278
131
674
369
748
675
410
218
941
511
631
318
458
789
812
587
759
340
481
762
103
872
730
599
895
482
827
372
124
905
314
798
796
617
288
907
773
631
503
262
443
199
996
407
846
415
267
158
16
980
235
148
503
262
132
938
813
528
491
747
931
445
736
421
798
691
645
301
454
244
946
486
101
79
49
64
141
34
500
275
375
854
481
747
569
189
193
913
641
759
875
614
387
188
513
812
691
701
930
575
268
103
919
435
821
654
308
186
744
393
942
435
774
296
540
727
516
246
413
848
341
132
647
664
206
917
947
561
113
101
619
293
296
153
647
354
994
486
481
226
382
837
425
745
829
575
666
671
633
355
780
634
572
361
711
348
442
200
406
214
927
500
606
640
569
214
750
579
449
214
882
526
423
782
871
474
560
220
550
285
616
642
819
580
649
678
979
474
270
902
297
128
317
884
115
993
452
205
850
572
856
361
991
506
530
197
343
166
360
792
831
604
936
553
383
176
759
615
90
17
584
720
746
651
112
961
126
967
128
33
129
112
972
568
516
299
709
376
353
179
611
698
806
416
742
570
373
117
307
805
906
401
406
770
124
926
214
908
718
375
181
39
276
155
834
484
607
313
676
627
343
832
154
965
186
890
728
329
638
720
82
15
874
480
403
194
221
143
642
653
435
188
142
986
741
619
604
705
915
481
396
857
258
102
51
10
712
418
493
724
111
890
364
813
770
617
813
442
358
877
164
911
868
443
767
412
743
365
518
282
134
51
525
653
518
192
135
72
318
180
15
49
791
557
789
564
877
493
258
853
832
582
828
652
747
632
854
381
336
860
791
357
749
629
217
881
735
611
366
178
491
231
501
845
836
374
515
287
956
395
292
847
772
559
871
419
715
636
154
112
827
406
883
457
144
56
848
657
741
662
768
419
832
499
476
230
406
222
468
296
866
561
792
374
871
540
289
850
525
752
979
482
883
411
869
608
623
314
499
263
588
718
344
236
621
277
755
575
831
415
164
876
751
395
971
523
496
238
520
305
406
771
526
319
243
137
755
412
530
687
422
184
373
188
791
392
396
194
127
28
787
553
821
617
18
21
182
895
941
518
118
883
839
381
280
133
765
349
203
933
639
654
857
461
291
222
175
847
844
377
521
722
636
668
18
975
609
326
755
686
923
431
345
882
419
789
804
353
419
199
548
259
459
720
338
783
850
613
174
33
897
448
266
869
140
42
80
995
231
818
422
812
879
573
665
293
335
131
450
705
867
533
496
698
197
927
664
604
56
947
662
677
4
996
299
821
131049.5
92
11
517
813
436
785
289
151
717
663
134
999
605
308
308
833
728
660
493
748
426
213
632
711
610
318
417
234
719
712
484
201
168
151
110
67
772
616
535
734
137
932
505
267
531
674
184
858
328
829
683
359
658
403
930
380
721
603
871
469
694
696
281
198
280
878
939
490
379
832
593
786
874
607
602
660
953
456
678
662
171
944
386
806
368
165
501
740
439
223
22
58
306
894
600
320
653
699
456
705
265
871
698
312
142
154
223
64
492
230
431
209
845
422
223
122
596
729
252
902
209
155
697
408
799
394
878
602
604
313
191
102
25
982
511
762
328
118
722
313
537
318
213
886
955
576
135
914
963
540
740
388
941
397
934
544
86
954
17
907
412
172
556
348
300
792
554
714
406
300
694
647
54
957
126
64
59
66
477
148
670
425
305
113
321
844
549
651
704
419
59
17
783
414
764
629
71
914
804
560
563
740
228
909
811
654
826
559
256
956
636
304
312
902
270
151
389
826
352
878
298
855
363
854
699
565
752
385
132
928
962
513
224
35
106
991
337
907
213
929
625
308
584
271
315
813
794
594
929
466
105
35
137
966
89
67
687
670
634
321
902
511
514
764
107
41
618
658
970
476
334
842
823
404
616
715
882
448
217
86
413
721
219
101
707
601
824
601
533
811
815
542
155
79
537
333
889
479
166
100
757
646
283
87
335
804
199
95
734
691
327
839
361
801
832
497
125
25
310
893
876
483
172
87
293
97
579
278
352
99
799
549
417
864
366
162
270
913
825
606
984
559
81
7
273
776
734
615
131
13
183
922
285
127
756
645
775
624
328
155
301
176
26
11
342
118
568
718
415
212
845
609
648
323
256
867
964
542
209
82
555
721
361
813
185
12
449
149
845
449
866
415
169
870
444
296
976
442
449
211
213
81
336
848
586
278
167
870
267
69
966
535
624
676
208
906
928
460
816
562
733
671
395
103
515
764
787
576
539
748
1000
494
834
471
354
857
751
588
519
248
501
705
925
495
457
765
422
266
776
438
744
561
550
296
203
45
773
402
942
440
888
555
247
119
278
157
708
377
315
139
740
365
688
652
345
827
843
552
893
529
373
775
156
43
283
821
606
648
147
87
913
567
642
303
909
469
799
655
611
345
493
758
630
678
962
466
162
922
68
934
83
984
515
743
289
53
560
241
542
735
209
134
443
278
917
467
309
865
422
194
635
295
917
422
105
995
879
596
826
431
454
808
670
650
924
467
612
695
533
321
559
677
298
165
280
930
668
284
195
123
732
378
224
974
468
755
351
784
842
607
897
544
562
680
333
220
332
175
843
458
709
404
799
629
720
383
609
701
747
553
485
754
468
833
935
560
765
401
343
779
790
435
381
759
970
489
431
262
915
498
512
736
676
695
671
263
900
501
788
401
942
475
300
146
240
803
161
135
154
96
338
812
815
459
699
635
931
415
522
746
309
774
510
240
975
479
835
357
443
822
737
327
119
942
598
343
731
416
128
40
41
71
76
951
329
796
761
343
582
622
856
529
324
756
699
380
866
559
835
483
273
913
314
176
830
508
363
204
63
19
160
1
635
682
16
980
290
801
983
510
679
620
869
446
337
92
190
120
212
24
567
726
688
321
74
986
999
522
365
804
438
801
622
260
300
882
139
38
740
338
494
223
921
457
195
119
199
821
103
934
745
610
484
297
224
105
434
239
726
366
877
612
313
159
266
185
760
620
844
570
653
622
616
666
112
930
857
447
309
899
192
971
344
817
42
924
863
409
874
521
871
590
128
77
814
426
598
304
681
358
633
717
300
70
748
555
892
461
231
64
809
475
343
874
368
779
270
74
842
539
539
659
882
555
224
91
866
359
978
498
722
397
289
841
818
607
949
450
256
888
806
421
574
307
790
545
983
551
367
847
459
750
644
698
898
371
744
688
991
540
235
94
456
277
932
468
767
544
860
431
637
702
526
742
520
313
609
717
622
737
782
363
902
560
268
108
740
613
1000
532
421
823
638
713
562
312
639
734
225
858
834
664
667
384
452
777
540
746
798
618
381
820
18
915
944
421
716
424
9
975
367
177
901
409
209
157
623
697
336
853
686
599
267
143
678
322
984
514
501
800
235
120
840
630
618
267
826
430
98
67
807
594
632
352
929
509
203
152
365
116
594
746
410
842
474
725
638
320
347
153
794
408
70
991
906
634
211
170
34
908
57
48
512
250
378
166
877
463
611
607
180
925
566
270
911
385
460
216
207
123
757
370
166
88
660
373
164
61
263
149
132121.0
57
961
359
98
399
278
239
897
642
313
57
53
483
753
283
102
635
260
643
299
456
785
466
260
557
686
302
840
489
278
335
774
335
885
303
848
824
395
607
271
225
153
413
816
622
348
282
66
285
82
741
623
822
523
645
681
692
301
974
458
655
306
446
761
365
203
903
533
407
239
494
231
751
373
711
380
912
495
703
414
166
131
432
141
525
737
656
296
467
720
137
961
151
117
736
621
739
362
593
276
181
133
659
669
304
848
47
970
447
771
298
851
937
538
245
799
621
311
357
187
310
826
996
494
793
570
828
396
614
648
360
830
81
29
460
217
179
962
765
593
527
751
269
141
920
450
61
3
920
499
810
637
848
595
980
472
85
22
120
101
173
920
671
719
284
155
493
228
678
625
740
426
162
132
179
877
65
910
221
876
804
578
232
856
354
123
804
425
944
571
2
949
843
587
851
470
266
107
932
484
457
166
339
151
717
344
900
486
46
80
569
794
297
176
175
889
327
197
164
123
353
161
415
181
902
515
724
639
73
14
875
561
178
941
141
100
72
54
76
49
619
764
553
735
408
279
821
330
945
589
223
891
140
35
162
893
781
375
611
619
905
460
539
257
163
968
773
432
991
502
304
114
829
659
610
270
915
548
197
964
565
208
116
987
816
386
802
377
351
244
845
443
99
967
685
690
882
585
170
917
768
376
145
984
387
99
255
815
521
287
378
134
408
167
868
441
101
976
308
167
887
538
164
921
182
818
512
697
326
852
999
531
302
169
350
840
113
103
906
446
874
402
95
913
430
184
759
312
151
934
256
106
203
826
703
375
727
323
305
913
540
732
97
995
328
848
563
350
452
791
826
443
631
634
417
194
906
488
241
895
510
190
254
103
10
931
339
863
893
616
883
554
425
200
641
615
890
624
476
835
184
820
281
120
532
814
351
196
204
877
819
401
638
311
130
59
994
552
942
422
739
319
369
802
536
324
969
498
669
317
900
515
964
561
120
48
810
353
594
696
654
379
899
479
613
293
620
709
828
597
907
535
521
766
219
879
911
546
875
544
845
482
94
927
384
838
786
618
304
776
832
554
650
364
243
96
922
522
815
443
434
169
72
998
376
177
716
349
184
976
816
366
496
731
924
618
672
281
623
643
518
216
563
280
894
579
248
149
210
62
68
105
537
311
88
978
286
857
483
260
323
845
680
640
791
612
205
155
359
864
593
699
969
530
110
22
863
443
765
613
457
244
650
272
945
600
691
397
601
741
634
271
469
772
161
12
584
798
280
855
811
664
217
109
575
249
310
118
676
326
815
414
593
296
411
718
290
795
880
539
836
520
649
364
700
652
683
393
793
385
558
268
475
210
912
513
935
538
435
279
980
471
487
266
883
568
521
742
984
524
417
169
740
338
516
735
860
583
807
672
903
483
163
895
455
246
267
851
279
912
393
199
855
546
684
379
903
604
396
231
478
215
397
802
964
481
605
667
339
78
744
627
207
101
559
691
728
633
66
970
168
1000
122
79
374
234
691
633
701
306
910
499
387
201
830
643
890
502
892
436
186
159
302
838
926
481
459
707
74
909
31
989
489
220
163
66
362
248
908
485
907
475
844
558
92
990
231
832
97
939
462
276
625
601
11
28
992
434
489
236
453
196
488
792
287
118
100
916
697
591
432
755
926
496
56
966
344
244
32
35
779
299
549
781
350
839
380
841
715
630
887
407
358
857
453
794
796
453
891
418
745
427
702
314
10
9
866
513
170
125
162
73
501
280
193
34
819
681
903
566
839
434
232
900
853
532
620
717
863
582
628
247
166
985
976
453
979
579
23
986
754
622
267
175
543
291
229
838
772
381
657
286
921
470
169
898
600
709
863
576
793
631
333
253
839
462
858
618
96
74
780
622
498
742
816
379
806
396
342
107
364
159
546
216
793
575
530
312
805
406
100
912
498
732
882
434
756
367
868
655
648
323
686
338
492
776
518
243
564
214
779
625
836
402
199
888
710
293
883
505
438
171
594
246
648
733
492
258
390
178
701
317
875
583
384
141
477
270
626
304
284
145
289
126
926
560
714
628
190
101
168
921
842
557
389
791
668
316
239
174
969
482
290
908
693
703
905
583
490
214
379
780
830
393
599
689
861
668
191
857
883
497
709
633
907
541
236
876
166
875
508
351
154
75
524
232
672
693
221
941
847
531
31
28
705
363
371
794
169
107
123
950
509
793
261
894
893
631
779
443
234
136
633
695
805
538
286
844
155
942
739
660
120
983
820
539
272
840
433
786
131465.5
115
105
324
824
615
714
221
69
542
731
84
905
445
292
112
947
498
840
577
637
374
136
552
680
564
254
208
107
477
805
533
242
281
187
420
252
905
557
418
772
187
937
384
252
645
687
3
975
122
962
766
292
904
450
538
312
512
750
919
464
701
705
508
185
333
893
914
456
529
757
448
711
839
577
861
591
959
508
704
666
328
864
318
842
716
360
648
623
634
289
249
125
198
892
864
468
801
578
582
692
357
790
790
364
348
248
121
114
419
241
400
191
857
364
368
211
751
609
365
745
451
202
998
436
850
444
682
681
885
449
369
116
64
926
267
864
92
41
821
414
551
239
383
813
915
506
103
926
948
548
722
398
929
430
928
450
61
990
86
956
246
148
622
309
161
944
469
853
698
419
965
511
112
958
98
41
266
148
100
73
823
484
337
161
129
925
822
611
843
361
110
90
911
432
906
626
134
902
841
562
361
852
135
920
732
689
999
526
279
882
484
284
322
883
377
189
260
860
263
800
450
744
402
816
930
501
763
395
24
904
839
412
91
50
150
923
17
992
101
968
498
319
372
174
642
647
719
585
839
498
226
26
141
988
251
136
582
705
824
463
903
453
466
783
63
119
931
493
983
487
268
851
744
384
640
674
886
454
167
56
554
731
96
4
871
585
859
545
511
684
927
558
146
95
583
241
943
433
124
102
757
660
3
63
263
883
255
125
611
642
152
923
293
850
796
656
47
118
336
902
865
410
286
169
428
160
562
263
432
207
875
437
408
836
372
203
292
902
862
614
825
559
226
118
226
912
756
626
81
103
198
821
383
218
762
572
820
592
225
119
711
358
176
87
413
252
721
696
326
183
965
556
823
368
383
775
847
610
144
123
437
741
234
880
124
26
248
86
660
316
854
481
465
832
799
416
659
325
240
66
236
96
364
855
413
185
529
747
177
70
772
544
596
767
241
863
913
459
659
674
522
746
522
230
786
635
873
550
764
600
823
417
858
405
39
995
803
552
714
349
655
661
916
603
463
734
590
298
807
447
967
429
435
230
100
24
891
518
790
389
890
567
273
161
193
100
728
345
528
285
871
397
804
546
58
952
941
498
920
580
361
775
3
73
239
919
884
559
194
117
670
662
441
221
722
380
558
763
873
448
455
774
653
645
995
474
264
894
177
850
279
845
552
753
41
12
374
131
523
739
368
178
681
352
772
395
427
780
270
218
565
303
859
455
78
997
837
646
785
414
470
749
631
635
839
371
786
610
669
351
393
828
593
274
111
991
345
127
293
165
649
364
206
817
486
744
307
815
559
718
832
562
648
676
626
332
513
280
844
413
818
434
726
543
780
410
905
515
940
540
471
725
496
730
895
528
986
480
525
676
981
547
587
713
988
476
510
323
900
454
228
898
708
588
506
327
780
425
644
311
941
511
136
72
466
824
279
83
252
177
317
816
877
373
738
721
783
429
428
720
421
809
301
179
994
503
552
252
194
887
704
408
97
948
465
247
885
429
33
50
13
12
224
875
386
818
613
299
470
771
869
544
436
790
761
403
972
540
707
645
262
920
379
173
809
588
498
303
239
86
186
92
510
782
47
997
529
792
937
489
950
433
823
470
137
27
290
215
158
97
719
644
803
367
88
934
724
660
556
691
341
810
284
169
137
942
143
56
839
445
333
181
879
552
28
41
527
756
122
994
610
760
503
278
401
193
502
252
803
436
898
570
237
146
402
282
923
524
831
611
817
517
687
632
56
913
928
557
107
936
183
934
507
700
45
935
767
368
816
404
758
661
279
141
956
425
584
356
949
472
371
831
28
31
932
447
959
493
111
55
733
339
241
905
559
763
275
129
780
650
467
728
994
442
296
168
507
242
756
327
731
392
422
834
992
465
863
479
151
944
633
320
555
309
835
570
798
629
253
910
438
817
540
716
881
432
635
602
716
642
153
138
337
169
858
629
603
675
573
289
735
615
697
565
467
162
470
790
552
760
712
319
816
517
274
93
510
720
910
533
364
810
461
854
593
352
475
744
500
748
712
646
806
489
225
945
459
735
506
751
199
951
267
798
822
416
801
467
216
894
237
119
886
422
334
193
710
690
377
773
885
608
187
3
522
284
908
469
416
776
359
172
842
542
555
269
729
309
285
52
863
554
813
417
936
508
281
60
258
71
752
633
100
889
420
833
722
379
173
109
912
442
52
984
659
666
419
272
288
885
156
57
295
113
194
19
701
284
764
632
326
902
608
246
975
560
248
110
57
25
767
355
129
54
940
491
234
80
277
140
