500
12
132659.0
896
594
850
556
841
545
648
744
886
413
444
86
903
534
356
201
392
77
916
622
123
900
913
680
933
450
908
529
476
659
644
312
352
2
549
302
900
530
963
465
864
343
721
606
137
859
565
687
611
579
804
558
171
40
419
967
237
74
437
142
570
932
556
263
813
632
859
419
730
436
352
138
733
820
568
797
624
681
593
393
530
605
144
66
658
577
755
608
436
58
227
924
203
132
794
643
369
891
773
774
487
632
842
696
499
621
127
78
767
693
330
819
201
936
127
950
440
211
311
104
904
538
260
18
910
536
374
4
375
170
774
417
463
213
658
496
164
236
401
687
506
216
301
159
613
160
573
751
805
421
801
327
452
270
885
448
290
840
712
478
904
457
453
267
455
164
971
493
273
128
288
808
274
815
645
435
605
239
845
162
233
232
947
594
191
841
82
93
273
84
243
164
297
878
683
433
304
51
256
125
762
408
571
774
956
568
228
861
284
840
108
904
857
646
681
671
215
740
97
74
293
75
405
184
244
42
271
79
668
646
586
145
749
309
252
814
893
501
484
194
833
572
349
849
461
296
102
104
679
780
757
840
157
97
469
108
756
658
547
214
928
568
399
239
436
131
589
347
328
117
875
492
72
87
557
341
260
1000
425
754
211
963
532
628
366
991
815
556
353
815
329
910
685
430
265
83
122
103
904
273
493
781
675
722
455
182
833
450
667
531
352
954
258
162
502
805
740
200
907
504
823
518
415
883
531
665
965
209
444
311
770
514
274
920
852
461
639
822
546
389
334
877
233
981
467
483
492
207
199
936
306
189
915
438
184
49
610
567
197
68
362
872
521
219
911
506
970
360
208
95
61
971
53
958
418
847
138
893
491
280
366
742
231
129
781
626
990
533
239
74
116
804
869
456
650
213
653
262
915
482
393
760
941
575
969
638
215
787
454
690
762
430
848
502
382
146
642
287
924
530
346
931
199
57
256
50
222
778
609
393
530
93
709
577
550
136
256
93
390
854
486
772
692
306
396
839
114
949
959
532
605
728
717
466
424
785
314
999
423
717
453
562
215
123
808
394
774
399
463
811
727
294
816
554
731
674
509
264
492
146
677
500
368
876
550
618
242
895
973
397
875
433
903
571
899
564
421
700
174
837
555
780
449
690
435
377
281
205
591
433
580
714
529
318
172
988
911
424
957
507
90
992
62
984
398
773
885
693
499
187
221
157
430
843
541
277
331
766
781
347
307
946
693
779
661
263
455
208
454
343
807
399
668
475
628
392
190
940
411
795
784
378
914
472
216
180
836
603
350
772
968
422
876
501
879
459
483
647
572
886
782
582
455
230
309
867
864
376
364
872
654
760
478
939
522
336
1000
329
831
562
247
936
218
197
726
751
573
337
343
915
783
658
680
710
329
974
932
385
127
188
717
387
530
226
538
356
858
806
783
580
424
123
755
394
540
877
580
233
471
761
810
589
462
88
98
30
239
144
856
623
958
566
626
307
605
353
569
628
144
58
355
776
983
397
547
153
383
221
784
388
715
738
631
739
600
740
632
177
475
84
165
892
290
70
507
859
751
745
626
591
588
314
895
496
301
101
481
621
377
753
131
43
494
346
473
813
677
348
865
478
521
658
517
722
582
712
156
78
883
432
432
755
959
445
137
954
46
59
238
169
500
313
792
595
898
530
894
501
860
564
447
175
694
602
461
32
447
855
243
99
427
280
334
791
669
684
735
490
891
381
891
516
938
826
125
36
506
801
897
472
886
197
656
470
626
718
912
529
432
256
838
336
926
586
106
41
974
619
434
88
753
448
197
905
157
943
631
801
308
222
24
22
679
513
328
904
771
456
838
586
761
623
473
290
171
8
9
951
168
87
983
536
808
752
286
967
342
255
752
394
343
299
945
462
817
757
678
484
524
349
992
581
906
449
799
524
285
284
399
279
267
663
922
370
489
384
531
369
352
137
245
83
226
830
94
4
949
521
266
161
104
975
586
429
209
144
553
219
648
344
625
177
409
248
161
61
355
983
112
40
308
762
994
526
640
459
920
526
896
575
12
993
264
167
415
942
563
611
432
312
346
909
792
446
45
973
187
191
193
999
617
721
145
99
555
193
361
896
144
47
888
420
418
789
410
260
687
317
226
866
412
423
437
687
383
759
855
436
343
166
658
352
398
138
321
182
776
600
346
771
191
883
579
443
143
124
759
619
223
895
764
635
46
997
341
187
144
950
485
688
579
172
381
936
573
349
139
4
835
310
324
57
746
813
829
594
766
578
885
572
129484.5
810
485
861
447
931
520
500
201
713
622
161
918
898
455
383
773
152
859
698
410
325
194
559
328
765
632
910
430
646
247
717
646
65
908
555
705
915
446
919
515
532
722
856
472
210
120
778
407
769
323
963
542
65
971
119
116
249
847
250
804
291
124
590
770
763
306
809
557
916
478
236
897
274
152
355
232
502
227
809
614
708
304
194
872
931
502
712
402
66
923
143
5
214
913
806
438
199
26
600
279
828
383
646
292
673
392
112
877
624
326
382
192
228
159
11
32
620
689
211
949
909
469
55
951
932
469
18
978
486
759
848
536
314
873
917
591
385
841
533
286
377
782
335
771
375
814
404
250
962
522
656
625
500
705
890
488
151
78
924
438
859
559
539
772
436
772
927
471
422
805
375
223
290
86
978
487
446
752
452
772
355
808
857
475
388
166
149
967
56
945
354
865
193
90
748
665
138
882
247
882
923
508
356
148
942
509
318
182
315
139
219
95
735
381
688
427
560
276
180
896
252
829
206
913
104
982
25
998
657
332
377
790
594
724
281
123
940
590
492
732
762
374
308
245
420
791
272
883
577
310
343
224
197
957
346
833
654
368
387
758
949
438
536
779
264
789
643
702
230
946
969
514
101
969
501
744
147
50
499
166
101
3
723
272
36
102
884
493
398
151
166
173
891
499
186
921
188
942
544
714
465
305
365
180
455
720
747
610
999
486
224
122
219
916
476
275
511
780
851
438
837
395
373
209
636
350
513
709
626
699
887
480
239
107
922
448
380
261
769
621
294
202
104
15
989
503
351
874
150
63
252
896
977
481
102
914
752
379
230
915
307
108
419
874
960
404
694
649
202
807
208
83
125
40
313
91
366
167
592
702
479
300
222
959
687
411
776
394
311
859
460
188
904
643
358
758
674
679
940
427
471
212
913
497
697
371
478
292
616
231
708
655
934
582
278
877
566
781
968
399
167
41
215
933
200
879
394
231
688
675
175
946
926
412
255
814
279
907
338
152
256
128
744
629
282
128
88
18
837
376
531
321
961
447
297
131
60
99
431
240
727
364
217
826
915
539
903
505
495
279
593
743
917
400
607
340
514
751
398
770
880
528
170
74
699
296
239
177
707
644
879
609
865
522
795
349
581
343
423
206
314
185
514
259
712
654
416
786
948
471
616
244
589
694
188
105
815
583
932
498
159
74
137
36
493
191
759
376
477
760
153
919
293
64
599
698
574
246
671
699
286
147
558
244
625
649
496
740
641
714
940
517
927
558
662
645
14
43
461
292
778
622
998
455
346
828
696
318
375
224
826
646
905
487
972
575
709
277
401
210
943
506
486
784
198
51
843
527
371
188
301
157
162
65
687
712
588
663
897
384
145
50
432
814
551
223
749
623
228
85
714
381
489
298
193
88
866
618
291
814
747
685
570
680
882
554
467
242
790
405
297
825
772
603
295
223
498
788
563
327
915
501
257
897
29
973
379
820
855
387
945
461
611
724
814
578
878
408
133
875
508
234
806
569
405
754
438
775
758
673
584
349
516
330
580
346
368
854
222
874
60
38
263
877
442
237
589
263
835
391
549
689
897
500
226
970
674
287
554
268
25
949
786
555
385
217
754
676
875
441
640
266
488
235
560
257
76
927
819
661
494
174
910
587
157
17
156
960
303
917
533
739
734
349
955
507
855
436
975
525
245
891
864
428
108
892
312
93
245
876
460
767
545
243
682
378
837
560
711
617
923
491
271
149
122
917
459
202
864
430
231
901
915
457
467
244
852
377
517
818
690
669
843
380
60
893
779
399
7
982
773
598
341
160
178
23
358
209
261
871
108
988
925
406
367
193
923
529
872
437
758
334
591
777
9
927
55
4
232
905
959
562
435
274
102
128
496
809
765
617
591
770
936
480
427
191
927
502
625
685
951
510
819
615
877
388
512
804
553
817
687
275
701
600
699
677
577
705
289
763
45
951
278
184
170
923
869
383
363
846
13
40
898
601
339
769
352
807
691
590
334
870
539
749
147
843
43
115
216
896
495
174
923
469
887
549
996
563
892
525
137
86
408
826
28
35
699
331
701
599
201
173
938
489
20
52
516
729
80
5
371
190
168
957
403
709
316
159
268
869
867
646
476
307
437
798
529
722
244
41
919
602
713
358
525
229
950
488
385
734
728
645
144
914
353
908
817
443
358
173
386
184
871
630
208
925
839
458
102
32
888
439
151
69
439
782
65
75
681
310
369
790
58
19
741
612
73
946
625
613
118
982
325
184
692
347
818
425
821
411
128717.5
972
508
997
493
853
576
541
742
886
449
263
147
846
625
556
260
396
165
897
529
374
892
761
640
760
399
732
627
579
719
657
288
177
178
595
326
986
529
808
392
594
308
914
443
163
961
794
630
506
763
960
535
217
94
276
821
265
179
314
137
380
844
500
242
731
666
706
360
944
482
196
83
387
760
409
754
378
807
791
395
741
645
183
115
948
494
821
575
159
158
126
950
320
146
886
561
105
920
503
800
603
690
666
638
662
683
185
35
527
742
467
724
209
911
75
891
640
373
148
11
897
501
44
57
941
435
81
35
634
326
903
551
143
87
953
451
218
132
410
802
510
236
360
157
331
230
601
687
944
506
720
383
742
378
952
489
116
892
769
616
779
431
356
218
493
270
978
493
483
234
440
717
144
868
837
606
486
315
483
291
292
158
956
473
204
876
27
14
140
71
241
36
296
854
616
312
266
206
116
42
958
450
151
936
880
481
245
883
152
890
235
852
851
524
726
654
431
760
381
195
464
260
162
52
194
107
88
43
663
591
419
143
610
319
200
844
855
495
522
329
689
599
427
855
393
131
250
94
547
784
265
859
216
79
424
182
830
600
616
338
864
475
386
264
462
183
627
376
110
17
957
552
82
18
395
166
113
982
251
839
45
951
546
765
330
855
958
516
335
900
362
884
951
489
104
37
11
20
650
334
664
675
458
819
574
229
858
441
918
430
256
942
56
2
583
711
388
263
782
569
868
525
377
800
780
656
773
385
472
264
961
453
208
961
989
493
524
827
586
280
405
895
20
913
837
419
102
65
74
923
115
49
955
482
51
2
893
537
194
47
222
842
116
62
885
510
636
319
265
136
167
899
69
872
183
845
316
825
694
351
700
692
140
63
770
686
785
637
261
126
314
886
865
418
400
194
598
221
962
547
514
769
880
566
758
552
488
715
565
733
706
322
708
372
322
169
448
200
874
551
190
933
187
103
271
73
399
840
688
309
87
96
814
508
415
211
383
192
294
821
195
970
629
328
339
841
101
919
782
679
657
626
923
477
364
794
172
848
539
704
675
648
431
231
927
501
967
559
456
788
490
168
651
653
798
611
477
254
527
251
791
378
95
943
474
724
315
817
699
331
791
410
789
393
801
583
692
659
296
865
373
758
434
758
714
288
314
151
826
575
424
848
712
375
169
915
863
466
876
539
53
932
94
887
561
723
849
534
558
321
191
164
85
901
485
245
482
846
586
277
413
767
476
680
745
376
553
264
459
255
988
473
793
395
613
276
75
987
547
807
795
376
868
595
363
142
668
628
586
734
785
377
928
447
757
359
496
760
389
797
982
440
510
293
209
868
997
492
541
722
349
830
104
993
428
200
737
337
816
607
124
886
327
92
432
718
819
424
170
863
660
665
580
680
17
996
703
393
289
90
640
268
692
314
924
481
457
784
759
666
448
229
741
431
525
735
558
282
770
599
871
557
86
66
84
21
291
160
848
599
994
524
483
303
802
424
728
653
160
124
465
769
883
487
495
151
526
249
542
254
557
714
680
631
676
598
361
210
205
135
144
862
379
165
648
669
546
649
692
603
580
363
970
492
129
95
602
650
434
753
76
79
963
430
495
695
627
299
923
461
429
807
397
784
378
822
86
26
533
273
361
829
771
322
105
952
229
99
154
156
487
199
805
551
871
563
994
533
796
421
214
126
834
598
261
151
87
927
130
43
428
210
429
814
790
650
842
484
831
448
939
536
380
817
98
99
525
703
780
616
349
187
919
497
503
741
662
625
453
239
809
384
760
524
253
87
889
524
49
76
746
321
319
857
25
951
537
694
246
42
102
78
929
531
552
708
903
432
995
484
527
719
410
269
174
91
114
975
179
112
794
377
586
716
76
964
355
253
641
358
558
243
798
605
519
716
891
549
617
295
1000
438
777
474
883
551
274
111
225
98
446
825
780
422
462
235
580
279
588
300
68
18
411
803
272
151
785
692
346
97
145
952
738
302
542
211
488
224
876
466
328
193
427
169
330
203
318
840
185
89
338
763
990
519
818
419
808
461
934
480
255
817
378
233
105
981
723
704
799
378
394
756
945
502
114
953
680
368
130
911
387
844
44
58
524
221
312
928
169
132
839
435
658
728
294
139
621
312
51
971
681
309
730
679
383
816
951
486
563
208
777
448
222
108
115
108
784
575
437
763
369
781
727
294
160
140
880
514
159
931
847
644
276
870
545
247
71
995
651
750
422
200
187
924
803
478
29
11
686
378
207
90
320
853
598
685
734
658
912
503
129372.0
956
497
885
521
878
377
379
194
990
464
260
924
635
349
621
734
195
884
838
439
150
106
800
454
876
602
656
334
590
259
659
659
321
871
621
767
990
452
763
568
564
740
895
645
65
44
753
303
529
197
928
443
161
896
316
182
224
912
389
818
302
142
554
706
807
393
684
696
870
577
245
881
621
327
526
268
420
188
791
674
687
284
269
888
876
431
945
500
380
778
144
109
201
948
947
441
174
111
491
281
554
226
808
419
537
319
48
899
444
215
649
285
83
78
43
33
683
716
124
924
964
512
210
928
941
509
15
928
556
744
881
453
281
903
995
472
123
964
402
250
579
756
212
926
419
838
604
315
936
491
686
606
732
704
906
435
194
93
836
457
841
498
529
724
509
663
997
491
599
669
517
200
342
146
807
329
590
695
475
739
324
845
921
626
248
75
129
947
129
904
139
874
167
121
584
682
424
882
20
985
843
621
138
84
978
428
269
70
299
167
353
122
982
491
697
411
311
159
478
739
341
837
241
870
212
862
193
878
738
314
357
816
556
666
287
163
906
441
743
653
955
487
457
233
399
778
98
914
293
162
321
176
126
994
372
833
713
392
613
742
827
608
554
789
440
758
759
546
132
945
910
382
29
906
273
891
120
48
161
61
193
68
465
202
291
90
929
434
261
135
209
22
996
438
25
914
23
935
679
572
633
252
454
257
587
707
963
519
764
665
56
53
63
951
414
198
475
825
891
398
937
522
341
167
757
318
819
663
416
767
796
566
103
10
948
601
505
263
445
735
141
54
328
163
898
606
31
948
139
61
136
879
880
505
52
981
879
492
186
959
356
194
188
855
905
579
590
638
271
863
45
44
295
81
145
90
497
235
814
631
580
305
93
991
673
331
693
350
187
883
190
28
843
539
347
869
517
759
966
519
385
219
757
376
887
455
673
288
518
194
708
656
760
601
476
739
395
851
746
357
104
119
128
949
175
861
389
150
468
758
276
866
952
492
523
703
307
899
431
203
56
93
641
626
292
190
80
83
461
237
815
451
913
509
383
120
235
167
551
299
651
295
455
869
957
436
805
373
407
159
336
897
640
259
781
303
501
666
529
736
898
526
213
103
547
327
222
133
595
684
726
652
805
613
829
434
779
377
301
144
519
326
385
175
565
773
351
891
982
500
264
176
802
582
183
30
811
555
967
505
151
42
111
25
500
319
854
407
630
602
442
813
241
55
388
799
201
61
437
750
482
219
753
359
740
633
496
819
368
839
989
470
866
528
431
822
146
33
380
180
739
598
879
400
337
821
865
418
572
207
811
623
920
507
658
661
334
171
502
296
788
632
578
780
406
202
902
517
388
205
338
245
153
93
343
853
707
567
827
481
270
201
174
818
493
308
715
647
196
151
616
286
709
393
36
35
781
624
263
861
547
756
692
645
882
605
551
290
593
334
530
795
703
656
495
288
541
688
727
331
910
374
270
868
120
992
336
868
781
332
913
529
687
623
686
671
588
274
219
976
382
156
989
501
383
794
577
751
551
650
558
306
790
461
748
304
409
852
384
768
391
220
319
849
572
306
740
440
848
419
687
702
927
451
293
806
599
260
514
290
104
967
826
507
789
384
538
763
843
637
400
236
402
194
429
205
31
997
547
699
298
144
828
579
226
83
234
868
122
941
447
748
991
486
896
383
939
520
704
638
263
919
810
369
437
754
153
153
134
959
498
743
182
95
697
428
985
596
874
584
991
499
326
236
152
851
664
312
728
411
399
730
961
522
545
313
798
371
541
792
809
554
809
393
57
967
982
460
197
956
755
650
389
222
50
101
755
358
46
994
235
888
873
382
581
373
896
578
887
513
640
310
436
760
52
957
156
61
195
947
696
716
494
294
52
28
419
816
752
627
322
821
931
447
545
323
930
526
687
647
874
493
919
457
871
351
254
814
76
935
320
174
833
513
352
844
604
749
480
785
123
908
349
115
234
905
599
332
188
949
108
46
719
640
476
804
502
733
888
544
317
811
355
881
385
883
260
165
169
939
475
173
980
545
783
652
922
546
958
486
493
272
416
854
54
99
586
250
583
707
499
227
918
574
98
27
692
725
231
60
462
223
181
940
520
715
185
158
273
844
946
503
513
174
271
950
665
733
80
42
453
765
606
310
330
121
941
470
344
854
966
542
202
892
156
987
746
402
530
216
347
125
520
803
289
781
971
402
278
128
715
300
333
127
442
788
159
66
513
285
542
757
175
136
918
477
113
901
893
574
218
810
334
223
798
384
693
364
857
449
127444.0
914
408
819
381
604
718
431
800
858
536
235
104
817
560
530
231
294
92
987
545
240
905
901
510
736
303
626
645
586
773
671
373
299
171
536
217
974
461
951
424
550
313
820
369
228
888
623
650
375
829
833
608
315
204
383
799
111
63
400
244
150
913
765
381
819
516
553
326
730
370
129
24
740
667
536
665
371
779
486
256
634
705
335
188
892
489
967
512
397
247
273
883
59
1
890
590
203
849
629
734
434
768
849
568
585
757
211
106
492
729
617
765
23
995
72
927
519
265
229
139
913
552
126
147
941
539
252
110
476
269
803
588
240
107
931
597
107
112
581
666
375
202
42
41
414
199
623
746
900
494
853
365
493
199
922
485
221
840
992
457
998
561
664
302
625
278
966
465
617
338
333
794
286
821
612
668
629
255
524
358
286
63
712
341
159
864
163
52
228
193
97
42
262
786
515
285
312
193
33
27
792
377
123
880
826
573
129
989
258
825
210
946
850
570
768
602
208
924
436
224
346
261
239
52
379
144
67
38
598
681
343
182
858
434
280
846
923
476
593
327
955
468
453
720
436
224
204
52
343
839
352
731
47
74
414
219
689
660
453
168
689
298
347
142
488
156
765
403
61
18
691
695
114
77
252
44
90
974
62
987
119
951
504
727
162
860
878
604
359
837
17
931
850
652
100
52
158
150
670
335
526
810
599
654
573
329
930
513
514
244
220
907
111
63
293
876
515
271
761
648
974
554
395
786
491
763
681
369
558
285
838
390
12
922
784
341
427
788
483
304
224
907
307
839
884
473
250
128
118
947
380
178
973
437
138
56
902
442
151
96
346
778
291
98
854
394
771
400
200
62
49
946
70
945
33
974
549
683
681
399
585
781
3
10
688
598
851
563
279
188
137
923
910
373
441
216
329
164
997
549
517
682
633
677
982
551
686
678
382
846
693
286
653
340
519
208
200
122
699
699
351
804
206
64
160
87
301
835
429
166
253
130
977
546
545
220
186
9
406
733
206
907
831
382
390
804
6
999
509
671
932
457
909
559
183
939
403
820
717
633
689
613
349
205
950
494
716
712
298
782
342
149
489
834
583
676
555
269
567
236
827
387
219
865
641
733
258
961
640
412
633
307
667
376
865
575
764
553
377
860
531
710
380
728
645
323
310
143
906
443
318
805
815
348
31
970
973
511
942
511
220
880
28
924
671
727
870
613
788
367
458
189
167
874
321
134
62
951
370
212
453
796
744
675
570
298
321
190
394
258
950
467
941
410
451
222
132
964
227
853
767
460
902
550
284
139
852
517
451
721
649
301
882
576
728
436
353
856
609
627
725
350
394
225
583
707
984
496
362
884
589
684
298
868
202
150
899
471
959
516
385
836
309
217
695
621
776
362
413
823
620
616
710
682
117
945
607
331
211
125
603
313
625
268
825
337
625
660
648
746
431
183
803
416
483
707
619
386
642
647
606
705
375
160
1
9
312
200
776
609
930
552
774
315
670
301
641
664
103
36
162
925
999
433
452
167
488
273
768
415
494
744
968
494
522
784
310
225
520
269
436
706
253
51
637
754
909
519
654
668
698
338
851
587
390
194
440
806
483
742
219
96
846
413
743
577
504
278
825
396
507
808
388
727
439
835
13
69
556
225
252
920
738
397
105
911
288
133
121
49
479
192
946
482
746
545
924
402
768
450
32
39
667
602
482
319
485
763
215
121
541
283
223
865
913
591
810
405
857
447
894
493
455
697
169
80
754
604
985
499
657
294
900
573
666
603
686
692
315
198
807
358
743
636
145
131
922
490
93
30
723
282
530
702
218
924
727
660
171
70
133
40
801
579
638
715
924
508
864
443
676
679
492
326
101
39
158
953
183
107
543
308
551
750
78
947
343
125
675
299
368
238
847
520
695
679
942
526
643
313
846
417
825
570
736
677
314
205
97
119
302
852
909
498
381
133
510
267
299
150
248
78
132
981
255
101
831
570
117
58
207
889
729
305
322
217
478
265
783
410
440
254
224
137
301
90
325
782
116
21
457
805
872
390
772
342
785
369
881
578
570
667
339
104
225
954
474
742
513
260
409
732
976
509
97
888
498
232
281
851
614
695
122
77
492
292
256
904
494
247
830
582
326
843
194
145
603
353
67
945
361
220
447
784
193
968
905
504
436
211
986
476
213
129
126
27
860
606
516
707
314
879
359
172
358
177
895
595
230
882
612
729
130
915
423
130
16
954
579
713
537
271
294
856
897
567
279
96
749
355
447
217
567
736
737
596
837
541
855
549
128685.0
777
644
732
680
666
353
268
168
983
544
143
931
870
512
401
865
174
950
954
512
173
143
964
557
769
613
692
374
386
227
683
657
462
762
351
775
884
610
850
485
608
767
771
645
238
92
769
373
212
126
905
448
395
874
410
147
64
990
494
739
167
171
714
667
982
534
776
590
761
708
28
950
689
367
619
294
560
251
539
742
675
370
409
861
985
523
816
388
503
811
244
42
140
914
748
409
127
70
464
282
454
236
773
380
639
298
221
857
540
279
508
245
17
83
173
146
657
639
312
833
817
467
320
832
959
494
221
917
385
828
755
377
120
932
880
441
226
825
662
289
311
830
81
922
398
714
446
170
890
434
844
581
276
878
979
537
274
148
836
571
756
409
701
690
557
630
998
507
699
734
456
199
314
227
597
286
505
690
756
585
54
938
596
656
211
118
59
959
541
747
105
979
500
200
631
734
435
808
75
990
824
619
133
80
833
438
52
72
456
248
255
134
910
512
747
409
99
30
519
699
538
674
79
967
262
874
48
932
606
251
501
727
970
491
209
66
949
521
768
628
942
552
624
371
442
837
62
992
362
248
606
334
159
900
446
722
621
364
349
833
646
694
345
829
391
810
914
531
57
977
737
376
164
955
100
914
94
79
79
11
111
67
660
290
290
92
792
331
297
210
234
140
714
368
128
941
279
771
602
643
335
125
691
442
684
638
918
433
420
850
326
164
211
848
265
171
576
651
880
440
857
453
402
172
515
304
836
542
533
810
852
535
287
139
842
582
411
216
786
598
187
106
326
226
971
535
273
772
124
34
405
857
899
494
41
966
812
615
129
900
281
154
317
820
708
633
855
627
138
877
124
135
150
91
84
124
620
263
906
547
276
135
106
993
858
439
889
386
384
849
142
142
652
724
590
703
348
824
968
496
587
341
711
332
895
540
497
261
283
171
443
744
678
745
467
723
251
941
774
393
392
288
132
861
248
902
308
192
398
863
197
886
771
366
577
730
124
947
481
199
268
120
723
682
407
209
130
63
717
379
764
636
992
515
21
22
349
209
610
341
659
314
411
800
939
486
612
308
584
293
205
906
188
107
804
412
509
817
460
725
700
683
269
129
685
327
109
43
751
643
506
741
617
681
851
419
771
424
109
62
468
239
387
196
684
706
413
800
819
633
265
138
650
661
199
98
948
466
911
515
169
96
146
145
423
219
849
458
694
587
363
878
357
208
399
813
16
62
428
760
450
201
644
307
590
626
337
777
515
748
920
485
770
611
458
686
136
106
170
81
846
617
828
416
324
888
949
441
547
259
606
703
870
500
906
506
352
127
913
472
770
643
602
693
451
232
948
457
270
79
684
359
388
223
363
773
917
500
970
553
363
174
444
830
679
339
681
592
230
127
862
378
719
306
251
127
564
753
242
971
691
641
514
818
797
611
797
377
544
282
392
882
797
534
625
240
634
665
612
284
561
313
282
778
127
961
501
724
851
422
796
431
690
668
613
729
530
290
171
904
191
18
841
507
408
745
688
643
802
601
682
343
902
507
430
190
571
699
629
668
613
342
201
851
610
296
867
462
632
285
628
693
954
449
451
790
318
186
570
224
200
947
791
606
834
379
638
722
860
623
372
125
524
204
375
234
216
840
451
768
162
9
814
583
320
131
374
786
249
897
437
765
842
548
921
406
835
611
831
525
179
908
775
383
656
603
419
268
153
934
548
644
354
184
858
493
977
495
938
487
915
509
541
336
230
833
628
331
846
593
612
621
787
414
815
392
562
324
410
793
645
710
618
336
121
929
881
470
51
955
399
792
542
263
183
102
732
320
224
886
110
936
708
362
487
234
967
476
923
606
645
268
653
627
132
907
184
113
368
818
545
781
376
198
125
144
252
894
645
736
605
697
997
551
585
281
875
499
661
641
805
551
998
495
733
346
320
875
100
933
332
118
886
513
213
875
680
667
285
812
191
845
74
85
125
976
798
416
236
920
333
168
565
745
455
797
461
728
909
542
575
718
263
910
111
984
372
119
54
918
515
269
874
543
686
680
714
555
907
446
525
285
169
894
155
104
569
223
383
834
527
336
899
415
150
34
488
826
176
116
458
205
149
875
587
718
212
121
486
838
870
514
249
168
237
852
689
676
9
41
305
846
412
139
22
66
982
505
432
871
894
533
292
846
25
931
834
360
486
239
150
30
272
898
377
841
834
384
274
69
486
290
200
72
235
807
154
21
528
303
479
693
457
237
969
473
155
995
766
622
566
733
701
344
872
492
914
367
979
547
130245.5
522
264
687
418
639
625
372
732
789
362
154
28
949
520
313
163
234
115
918
466
131
928
785
414
797
472
877
541
465
827
637
258
522
281
508
303
757
312
912
518
606
328
577
310
218
838
830
564
326
888
995
507
287
183
179
928
100
26
540
311
494
749
507
256
849
433
673
339
756
367
203
145
765
539
491
763
627
662
636
294
697
683
366
228
996
501
854
617
365
221
154
956
71
2
794
644
136
906
609
756
492
816
671
653
447
758
184
106
604
679
558
702
277
875
289
844
601
282
377
151
1000
483
319
154
880
562
114
77
430
192
648
671
203
135
817
606
287
80
487
743
461
213
191
170
471
276
526
732
814
523
799
458
135
91
800
409
343
873
956
490
843
493
549
308
595
290
839
419
475
227
488
798
374
844
630
720
588
358
696
381
38
30
787
359
242
952
92
125
494
224
133
121
362
879
581
254
287
102
66
110
641
309
304
834
975
553
60
920
605
709
257
936
985
492
702
644
7
999
691
301
599
243
156
91
265
190
112
28
555
707
397
182
920
420
222
874
1000
507
613
285
988
475
731
565
310
98
116
53
629
678
705
607
87
61
387
192
764
604
345
235
724
403
237
161
515
228
953
509
68
15
906
563
84
11
126
124
152
832
141
934
170
927
549
779
290
895
661
578
366
858
249
849
631
709
122
22
498
207
837
456
298
846
859
588
611
301
870
529
126
57
384
766
208
107
409
859
716
427
796
567
798
639
268
875
692
687
868
478
485
247
920
553
200
932
969
466
539
767
719
344
379
807
529
759
748
380
571
253
67
926
350
166
884
520
25
53
645
285
296
125
262
876
532
253
697
358
673
393
238
43
144
897
75
964
424
797
463
748
885
407
345
841
53
26
898
547
664
633
324
191
215
919
584
322
501
266
452
201
826
573
705
727
617
652
964
538
615
676
201
887
499
272
454
252
560
306
125
123
839
647
500
711
195
123
264
123
378
780
330
138
306
203
718
630
377
186
156
65
423
792
235
898
786
393
385
846
210
930
701
598
902
445
969
579
123
938
375
828
661
753
556
783
289
114
870
545
694
629
578
736
327
136
293
845
969
500
281
98
644
334
560
292
254
810
662
610
122
958
730
295
507
184
669
326
748
576
698
629
221
888
483
839
239
862
687
321
433
281
754
399
396
787
568
260
283
883
807
586
999
476
237
894
414
788
415
763
915
515
879
380
310
111
384
795
456
257
175
945
377
228
528
721
658
611
886
422
474
215
489
181
987
509
680
324
789
402
387
798
182
955
729
330
878
538
75
50
788
588
448
818
671
337
858
593
944
583
169
875
845
555
687
418
560
332
427
812
886
546
284
884
799
579
367
814
549
313
948
585
870
390
259
845
247
87
786
627
972
507
420
779
783
526
449
791
228
859
569
297
32
72
724
458
416
186
767
406
838
639
673
690
252
160
959
509
553
660
687
380
428
800
554
754
404
264
167
41
541
237
821
664
883
515
636
329
545
227
693
662
117
66
190
895
904
533
582
276
605
299
734
402
516
742
909
498
452
803
584
323
609
267
616
715
231
87
617
638
969
574
518
707
602
376
894
638
430
133
201
908
466
842
96
6
849
417
743
561
560
202
864
440
229
923
461
842
426
807
311
63
503
219
175
891
862
425
126
927
420
198
275
93
392
199
951
403
843
506
760
380
943
571
219
175
853
566
980
488
499
784
141
73
653
280
424
820
906
579
912
447
957
563
996
423
691
564
376
119
793
585
699
385
828
438
907
550
679
674
741
576
541
265
552
359
538
708
228
70
914
506
54
51
379
143
479
791
214
910
652
603
176
30
43
41
605
705
281
863
1000
450
810
398
510
659
792
407
152
28
143
961
256
108
577
279
409
789
251
827
71
14
533
270
653
305
895
527
561
747
946
451
829
374
971
528
878
579
764
569
347
125
176
41
260
808
920
550
276
54
516
273
251
115
473
240
307
816
207
124
841
645
163
34
170
902
559
310
428
242
562
340
987
447
577
256
285
182
46
59
283
844
295
181
577
678
927
513
734
323
897
469
951
460
508
800
130
21
229
812
488
785
215
97
699
633
957
536
79
929
388
243
225
793
487
770
207
71
463
268
297
782
294
136
946
555
335
901
368
169
684
366
179
949
244
90
235
903
91
901
912
529
255
68
873
422
377
128
172
101
694
681
497
794
86
949
194
186
284
96
686
698
138
914
524
700
133
840
279
125
158
920
541
688
559
344
485
795
920
582
113
84
806
418
632
300
741
578
980
508
776
556
983
549
131565.0
515
665
778
676
626
328
611
252
682
678
45
930
829
425
311
856
324
851
971
469
248
81
789
641
842
540
916
419
219
115
683
657
654
690
490
719
627
696
927
510
822
589
652
695
267
69
811
365
172
146
843
436
325
908
153
171
196
890
617
600
612
288
492
687
874
501
720
675
632
709
169
935
974
443
542
309
818
410
614
776
599
324
538
716
980
495
916
450
505
795
168
101
71
972
718
321
288
124
503
295
424
170
692
402
547
238
355
806
781
419
642
244
218
178
182
78
617
713
457
766
865
526
476
758
805
390
177
996
456
741
490
245
447
769
820
473
128
874
490
194
382
837
315
853
618
667
608
266
915
484
973
467
197
816
1000
495
111
83
969
410
938
509
625
730
485
732
808
537
426
873
279
122
267
154
437
204
687
664
909
567
54
909
614
735
87
45
112
920
457
852
300
833
195
172
586
737
330
841
395
812
535
705
371
227
989
538
221
112
537
334
140
139
966
463
775
333
75
69
574
782
488
763
275
887
424
843
108
973
624
388
370
765
869
616
179
56
959
545
653
636
783
618
919
391
164
871
142
911
802
422
812
431
88
956
469
746
825
403
636
694
781
599
316
924
551
705
979
568
4
974
825
431
163
916
152
873
327
179
200
95
153
32
381
144
130
121
949
492
256
69
340
183
679
291
150
887
392
868
787
570
328
201
819
398
749
610
876
460
156
916
425
265
91
932
398
202
989
481
783
396
756
369
193
166
498
280
932
443
375
816
934
502
256
150
762
630
465
265
715
607
267
174
476
282
747
686
579
773
239
148
211
860
869
446
177
963
590
770
68
967
350
210
415
838
892
564
823
624
136
932
145
113
114
80
563
296
423
164
759
587
322
109
58
902
999
525
712
411
255
855
282
138
697
656
578
754
507
743
845
358
708
370
717
383
979
527
653
241
306
137
532
714
520
748
454
773
289
820
819
429
629
335
378
804
318
799
273
153
279
778
489
779
597
322
425
727
161
983
506
292
268
171
810
640
134
67
106
45
724
406
826
572
880
378
113
58
445
242
585
264
300
150
242
918
795
374
865
413
480
263
402
778
365
216
846
442
313
869
737
668
620
763
371
93
632
339
196
134
538
671
501
776
707
672
878
516
736
278
192
107
310
120
139
38
624
758
491
787
806
678
424
293
506
710
67
27
916
501
780
612
97
72
344
125
518
238
889
538
861
599
217
980
338
219
391
831
181
85
407
754
523
225
946
462
908
543
498
712
443
836
913
493
637
602
673
692
336
145
54
40
588
734
958
423
50
912
823
404
276
99
747
585
863
435
908
504
229
169
795
370
807
594
634
676
337
165
969
549
191
131
860
344
518
267
533
733
979
476
859
585
317
93
162
919
686
281
919
591
432
168
963
472
355
221
401
241
582
693
88
1000
941
609
374
768
830
639
749
439
572
348
296
815
840
590
763
327
907
526
382
145
570
290
501
748
91
986
440
846
622
261
926
425
680
685
567
739
712
383
47
964
295
180
917
548
518
760
638
674
884
517
564
344
967
454
376
197
778
625
574
697
518
328
181
970
848
426
918
484
632
331
860
603
767
443
180
964
110
10
347
252
14
963
812
525
749
402
316
812
972
478
93
30
501
257
306
159
165
905
446
783
252
179
938
578
117
70
361
808
172
859
523
771
687
660
933
453
871
530
782
410
355
800
762
409
876
583
401
171
255
830
621
753
234
109
869
362
860
526
891
462
931
516
855
514
249
939
701
384
820
557
837
547
860
404
631
321
793
436
533
740
875
555
602
317
52
999
930
498
134
906
451
758
452
214
36
33
719
358
97
932
32
987
543
278
321
101
835
595
791
696
776
356
777
536
75
976
82
107
319
802
530
658
521
302
441
263
26
936
612
753
596
689
915
514
609
286
947
599
746
706
950
423
960
487
844
455
238
906
17
997
357
149
896
435
65
971
592
721
155
981
507
709
376
206
221
870
637
352
57
969
225
27
598
752
600
693
544
729
780
603
472
774
446
765
275
882
291
234
332
842
739
338
893
501
671
678
915
477
980
561
404
176
171
901
453
252
323
152
186
882
673
299
776
392
37
45
439
850
587
288
568
304
79
949
563
692
531
227
340
775
946
485
180
93
343
878
762
681
169
22
197
984
33
23
84
68
887
568
272
833
816
677
218
852
352
827
651
261
486
225
71
82
394
866
97
963
646
263
144
158
785
389
383
132
337
790
61
80
675
337
622
752
414
213
867
505
265
853
672
656
638
672
872
466
869
458
954
544
921
507
130108.0
486
235
593
267
638
684
513
674
654
390
103
130
944
576
194
117
312
144
933
463
235
895
659
306
983
549
766
593
123
983
748
339
800
405
438
233
564
310
939
582
845
393
579
236
150
987
612
712
249
907
845
600
173
14
299
782
139
50
950
460
634
612
591
217
997
553
600
340
398
201
133
14
900
579
687
632
826
593
549
233
568
714
494
275
994
545
951
540
510
304
264
836
84
30
646
660
286
923
511
748
243
915
734
578
491
746
311
172
781
580
393
757
171
921
286
877
601
242
592
260
876
554
419
242
822
647
137
94
514
339
467
837
316
141
888
608
157
54
452
842
409
262
365
130
686
369
390
776
948
575
885
488
421
259
899
547
39
997
841
664
978
561
450
197
610
350
837
424
354
129
291
864
309
923
392
881
826
418
873
528
189
162
607
290
71
892
84
55
289
138
258
110
382
883
569
262
446
248
279
99
552
326
370
833
824
396
151
923
718
712
404
801
965
506
568
672
177
930
435
134
363
154
239
75
370
149
120
30
712
593
576
298
609
318
127
872
881
515
821
371
892
415
634
701
232
70
135
28
695
658
926
474
136
78
371
162
824
577
506
220
757
337
122
12
687
335
852
453
105
110
966
502
252
124
297
141
331
803
89
932
40
944
221
906
246
853
929
607
102
868
322
764
422
780
220
75
188
66
974
503
455
843
956
509
758
308
788
621
97
104
583
768
59
9
535
747
920
460
980
515
617
694
401
754
431
779
766
641
429
186
957
560
416
831
768
462
524
728
743
365
281
840
483
724
597
255
387
157
198
950
281
49
867
643
81
104
335
186
19
86
390
798
373
137
848
470
745
453
71
36
209
975
188
913
578
744
250
872
657
322
56
979
359
193
974
541
728
614
295
226
252
879
677
328
512
242
518
292
860
542
786
680
706
581
942
393
396
783
328
882
514
220
645
307
341
180
475
261
832
595
648
599
319
170
398
245
277
930
487
226
405
245
587
682
564
256
117
117
528
801
290
837
705
260
165
955
179
920
893
539
986
512
788
678
214
843
325
824
440
796
403
765
243
149
743
571
738
618
642
708
461
313
585
687
998
510
258
118
644
252
395
167
250
913
655
748
348
880
608
379
582
309
646
295
942
415
594
636
223
855
263
780
147
978
466
159
333
179
458
224
638
639
409
202
103
979
878
526
768
355
111
972
338
882
364
844
997
450
681
319
100
47
474
780
399
238
115
909
522
217
465
709
947
547
810
375
600
243
276
64
809
588
729
384
727
405
292
842
189
899
618
356
862
496
173
34
913
527
184
890
872
494
906
476
874
542
310
858
788
674
767
335
639
288
234
875
948
529
269
786
750
599
468
711
537
252
794
598
772
329
215
908
130
38
597
661
669
334
236
833
948
462
632
682
420
820
672
326
61
46
820
394
540
247
739
365
979
555
650
632
244
116
694
376
680
629
884
509
390
792
719
627
613
326
108
47
241
106
502
758
963
528
621
389
586
289
772
561
92
132
329
772
922
533
418
221
575
236
999
581
505
752
891
464
540
734
805
358
709
381
620
764
103
77
780
583
979
462
635
764
649
298
845
562
56
2
43
929
617
676
71
118
956
410
818
625
388
197
924
473
21
984
374
836
284
803
195
170
497
258
333
878
922
440
95
923
332
115
156
63
454
186
716
324
830
609
964
527
729
600
513
276
763
583
952
505
449
803
447
185
427
185
122
978
904
548
928
409
936
621
975
578
949
466
290
134
774
587
844
410
933
548
785
662
661
663
808
619
485
276
994
520
665
708
113
39
896
469
240
163
502
181
515
791
101
914
744
639
116
117
14
4
637
707
228
949
671
349
512
253
673
661
781
375
156
65
170
899
491
235
704
323
560
696
609
693
162
46
547
343
486
243
963
462
715
616
678
355
628
384
747
585
977
462
830
564
249
114
4
51
277
947
854
533
89
31
596
229
88
44
478
250
233
891
220
72
811
585
11
78
33
970
607
286
480
253
534
176
824
484
527
247
528
295
162
120
544
760
286
201
644
692
966
426
586
254
880
432
910
456
309
921
94
87
460
820
283
926
176
147
656
719
709
685
52
967
252
140
597
655
642
717
73
20
769
377
565
745
306
134
989
483
259
857
170
46
709
326
70
903
92
10
33
931
252
851
924
452
322
104
741
333
145
77
361
116
600
743
300
830
297
868
280
81
236
104
667
689
391
783
692
647
258
777
350
237
86
922
564
736
434
284
412
734
943
410
373
162
575
266
645
362
870
545
965
496
842
459
991
406
129950.0
515
693
526
654
739
345
665
325
726
572
264
853
942
517
357
837
223
829
795
579
236
80
635
609
935
474
702
367
99
64
675
688
886
537
473
720
662
704
796
404
837
528
390
796
143
60
557
289
167
24
798
418
49
926
459
156
122
995
947
559
843
473
610
688
872
497
678
564
520
743
83
892
955
495
764
314
692
328
335
836
474
246
411
811
799
441
815
402
430
782
221
94
60
946
728
307
200
170
523
320
224
109
921
522
408
189
374
881
954
490
471
183
315
157
140
32
430
792
702
654
997
477
577
712
831
449
229
812
661
731
262
199
164
895
664
300
179
948
292
74
607
645
297
788
675
634
522
312
989
523
877
456
500
798
941
436
57
77
545
239
951
534
382
715
759
587
849
581
181
907
219
128
186
15
214
47
721
637
976
529
299
917
691
652
158
93
63
982
335
810
303
891
315
182
581
746
454
776
171
912
621
668
394
224
787
603
78
62
490
245
466
185
921
410
741
388
168
135
238
855
431
804
198
834
279
912
89
892
798
385
747
642
739
583
280
144
965
439
759
565
888
582
575
277
283
880
125
940
798
392
886
618
187
856
281
797
740
362
441
781
831
581
86
924
653
594
913
589
356
815
864
434
183
928
201
878
370
143
28
13
159
133
175
138
464
233
808
486
238
96
535
235
358
213
153
960
89
909
983
442
415
197
937
460
697
651
677
315
188
946
628
307
31
949
613
351
837
595
933
398
534
311
466
287
479
218
780
339
448
767
748
400
377
115
844
616
645
326
693
657
303
162
622
254
546
809
339
890
38
26
13
999
716
312
221
891
252
890
176
899
416
256
302
767
968
585
942
462
153
959
155
61
142
2
398
157
307
110
534
706
78
37
273
850
829
418
872
390
459
794
263
151
782
614
619
699
656
697
961
519
607
226
940
508
868
619
367
175
336
147
563
719
678
647
468
767
620
656
872
502
748
395
305
846
441
785
116
34
461
711
489
676
673
416
540
691
259
930
329
170
204
141
660
691
239
142
187
90
951
543
980
512
634
248
265
60
437
218
433
180
365
202
396
824
887
493
853
437
759
387
700
693
688
318
854
443
349
820
625
699
440
751
278
152
457
172
178
135
854
552
664
596
488
722
684
636
678
313
394
231
542
247
12
88
218
877
304
838
442
796
732
375
305
839
78
50
950
478
778
651
240
121
272
124
290
192
736
622
632
776
136
999
438
216
617
683
341
174
512
718
544
273
902
513
738
567
376
791
112
959
837
417
706
673
648
660
370
211
161
123
716
558
957
503
85
952
966
569
311
103
981
458
994
581
978
525
171
98
647
338
538
761
629
674
146
101
825
395
338
172
820
488
537
313
456
709
845
351
600
650
189
82
107
905
808
389
536
699
351
239
901
452
694
413
506
230
654
606
150
927
708
615
594
672
769
669
939
544
615
310
352
857
749
636
633
316
887
540
433
280
712
432
694
634
216
927
201
885
494
313
922
536
890
533
453
787
851
347
286
842
440
135
954
520
563
696
505
785
844
503
474
200
940
532
530
207
794
603
642
707
498
219
299
862
860
467
970
491
447
213
500
715
873
521
94
982
121
14
500
259
311
907
723
638
754
419
414
809
966
594
97
71
422
231
468
235
365
840
611
683
165
45
832
589
166
21
119
952
32
939
473
769
812
609
787
467
943
457
762
406
430
781
827
452
971
512
527
237
448
790
315
870
94
76
753
358
811
570
760
297
807
400
832
624
155
925
792
340
726
606
731
371
681
246
665
344
880
473
522
811
927
511
687
311
23
972
881
577
437
813
263
849
250
130
157
68
871
418
363
820
39
996
489
283
100
90
616
711
576
673
637
398
707
723
242
894
49
14
485
839
731
615
696
314
468
234
204
933
617
632
475
809
926
487
883
467
658
734
747
706
785
435
995
447
928
396
146
914
198
931
225
151
885
408
122
955
359
856
184
859
461
817
322
147
81
989
921
430
220
874
151
34
682
659
434
733
542
727
857
598
565
690
480
776
256
830
512
325
356
855
607
294
917
524
535
811
884
589
760
636
120
116
126
964
460
263
198
29
245
847
389
192
556
284
21
61
334
852
513
251
539
202
13
996
840
593
553
279
421
781
874
598
354
235
155
990
583
661
308
140
54
942
124
32
462
226
789
569
80
957
560
698
208
892
80
943
528
340
409
151
372
196
231
843
264
898
670
304
465
244
876
434
453
152
404
785
212
87
556
216
652
691
602
296
776
645
274
793
445
724
761
638
923
519
947
512
817
614
778
565
128003.0
606
353
695
322
710
609
561
681
733
369
330
223
981
448
213
142
413
199
877
443
184
846
742
344
938
481
666
641
154
998
736
386
932
414
479
291
622
339
913
500
902
548
302
194
106
878
485
772
88
979
730
671
89
29
462
766
117
25
876
351
931
522
534
248
914
546
794
426
497
196
256
176
972
510
756
617
647
582
306
164
360
796
393
130
725
621
810
659
347
225
304
866
81
68
640
737
373
788
768
637
177
875
986
532
324
891
76
22
878
431
284
913
253
826
82
980
516
273
688
344
866
609
453
241
928
493
379
280
480
195
445
779
308
178
717
674
133
33
135
975
670
257
410
248
631
326
653
637
897
397
900
521
325
127
830
527
182
946
552
776
902
543
419
222
866
360
877
386
170
25
225
849
61
991
84
870
758
409
954
557
255
162
756
435
242
924
143
87
323
147
131
59
324
774
495
201
318
136
254
101
537
301
460
731
885
457
94
948
565
770
285
909
900
546
703
679
160
914
167
85
525
252
421
236
256
164
269
167
724
679
779
399
856
471
144
912
932
565
912
379
692
348
415
809
321
137
113
46
793
552
778
331
221
99
545
286
641
660
556
300
721
367
263
127
744
352
723
318
391
180
833
509
25
44
371
201
382
850
120
992
407
820
307
805
605
684
955
487
155
862
430
732
376
871
60
4
146
2
812
636
287
845
863
594
566
293
569
682
221
119
443
789
292
145
736
651
944
500
877
576
589
718
601
702
335
816
661
720
405
150
688
667
253
887
783
331
700
576
674
252
502
750
432
787
414
136
199
148
22
993
29
25
710
649
264
137
211
38
285
155
635
658
430
190
859
504
853
579
116
8
138
917
78
905
404
794
137
939
504
275
88
925
213
111
764
611
794
615
410
217
160
937
889
451
668
369
641
349
889
537
302
869
941
481
698
332
181
914
243
933
596
354
548
254
518
250
784
417
892
513
774
578
428
243
302
127
68
935
562
247
676
261
803
643
580
371
90
92
318
771
354
759
734
357
459
769
260
921
1000
509
861
585
364
832
111
923
417
804
200
893
343
848
394
150
957
412
920
478
678
613
624
355
683
633
788
609
416
259
699
342
492
218
284
831
424
791
274
935
949
517
907
447
691
339
702
426
635
761
523
795
652
656
152
845
201
97
252
63
330
122
820
644
311
167
145
912
900
541
699
449
230
954
205
971
523
726
624
299
322
147
78
51
532
693
653
349
274
897
637
362
510
703
997
554
886
429
378
182
94
28
883
522
559
262
578
279
309
825
249
889
990
513
968
544
79
82
704
345
77
945
980
502
841
370
863
447
133
884
708
688
429
214
625
317
31
971
883
596
369
768
990
598
619
644
582
210
635
663
607
322
215
842
174
165
761
543
513
269
436
714
829
536
816
651
388
784
813
479
123
22
810
326
654
313
582
251
793
394
657
696
346
177
762
430
623
659
836
476
438
765
848
571
654
373
204
129
104
87
604
658
886
397
886
386
472
293
562
727
312
133
312
860
958
541
605
354
343
191
884
447
426
723
899
529
521
746
841
423
477
210
435
879
283
232
918
626
946
518
288
859
567
233
955
470
71
98
104
996
632
705
97
101
760
301
840
672
323
215
893
431
91
900
350
850
305
837
431
183
555
258
85
885
830
511
106
914
188
82
83
90
357
213
938
463
949
553
982
506
904
595
552
286
749
609
986
442
508
759
542
250
343
119
134
999
824
595
799
333
613
646
798
662
720
302
244
75
707
642
762
456
711
676
493
738
565
729
907
478
289
128
897
507
795
607
16
43
721
334
414
284
285
190
243
911
100
920
998
512
372
188
60
46
533
690
240
884
639
349
677
327
815
592
541
345
100
65
127
978
193
128
669
305
746
615
506
755
47
34
647
288
428
160
959
505
831
576
559
200
573
236
836
543
992
479
695
665
71
13
128
146
168
932
863
508
223
121
417
240
274
172
516
244
236
911
128
34
843
525
231
43
176
947
547
264
553
214
556
361
760
331
464
250
324
151
256
79
694
640
274
175
512
799
918
575
346
252
666
315
613
331
218
869
234
134
557
707
160
877
372
128
497
740
469
788
178
842
192
72
395
805
512
719
46
34
811
360
525
733
386
210
736
376
527
681
1
11
522
262
291
948
116
28
41
977
318
869
765
414
191
129
727
327
328
159
208
113
679
679
298
873
485
790
211
57
205
8
645
680
407
769
863
608
205
945
496
284
96
900
438
831
695
364
512
761
749
416
243
123
575
338
706
357
806
409
951
583
682
298
838
405
128121.0
736
619
582
679
835
415
571
345
838
561
601
685
963
480
194
904
473
727
692
651
282
58
588
708
924
556
753
417
45
101
670
699
883
555
659
663
805
561
951
470
874
516
431
786
254
95
458
178
179
114
752
358
165
872
429
290
191
901
582
721
982
502
456
753
905
524
812
600
509
787
277
854
899
564
792
433
865
354
275
837
505
201
162
959
665
317
743
429
516
704
233
137
170
866
666
338
450
162
757
459
188
50
983
479
250
172
27
984
928
544
100
104
442
196
118
28
646
675
675
710
764
418
525
702
993
590
731
649
298
798
489
175
414
848
598
234
41
984
129
8
598
713
392
776
757
631
638
298
704
699
883
568
163
907
855
482
90
45
496
224
874
505
428
875
726
683
765
617
169
943
224
158
107
32
136
31
789
614
796
405
234
925
790
639
83
49
205
926
197
889
173
901
421
164
313
837
327
789
94
944
700
661
695
358
952
522
70
24
476
182
142
5
996
479
729
379
208
39
73
921
459
797
438
761
363
851
387
851
578
300
971
503
805
602
118
59
973
490
622
679
749
689
220
107
253
831
154
907
985
502
712
590
275
856
569
706
654
345
674
648
854
552
214
919
698
729
654
720
401
866
948
575
149
919
307
832
349
206
116
91
265
105
452
239
498
282
920
445
452
229
466
238
198
86
104
897
144
910
765
340
434
217
789
439
462
733
747
329
188
908
421
298
245
944
555
261
889
459
949
518
615
265
727
353
351
214
608
308
282
839
657
257
224
185
743
605
894
437
496
762
612
265
407
275
218
951
355
794
189
93
115
977
753
371
146
917
78
929
157
932
708
269
512
758
826
430
718
377
66
953
166
91
79
53
399
174
124
37
523
778
122
50
251
951
675
374
911
451
530
776
144
10
884
512
706
631
719
621
921
423
272
129
834
571
734
569
149
76
138
152
676
597
592
736
471
683
664
683
947
574
709
365
486
799
413
805
165
38
549
724
671
645
671
348
908
559
186
844
338
204
560
319
685
701
605
325
180
2
916
501
722
348
337
144
241
159
328
224
268
182
182
71
349
811
806
609
912
561
801
348
799
582
664
356
777
443
462
798
852
585
384
830
404
182
303
164
224
77
940
478
979
461
766
632
889
512
501
210
267
105
699
305
397
177
217
868
194
952
351
867
669
353
277
791
334
186
981
452
961
509
106
65
177
52
417
202
572
776
310
788
35
932
477
238
694
712
283
173
871
583
448
236
931
530
949
506
405
815
78
928
876
558
438
732
403
804
262
172
299
195
986
561
910
489
199
867
649
713
167
55
916
494
751
626
819
575
270
82
755
361
359
814
566
755
117
113
633
311
399
222
934
493
783
349
439
788
701
317
737
658
387
137
249
932
946
521
433
817
556
298
940
443
671
394
566
279
909
478
151
971
536
691
731
674
463
817
615
681
578
350
538
733
889
557
737
400
870
571
496
199
827
342
868
583
162
918
223
829
790
399
787
525
604
703
442
769
558
296
308
818
433
200
870
445
687
658
252
905
902
629
634
358
868
456
464
261
939
510
541
703
192
133
428
842
633
320
907
490
207
148
501
758
944
454
183
866
43
3
597
214
70
993
568
773
528
280
534
686
878
632
214
151
336
163
500
241
257
846
603
648
142
127
877
436
254
72
137
979
190
847
406
875
953
444
902
464
858
572
834
354
690
684
813
376
965
514
440
270
440
790
326
863
47
91
803
377
590
708
805
433
661
317
577
684
64
953
712
287
917
497
559
240
540
192
588
254
967
485
217
913
952
562
938
450
38
995
755
652
628
627
494
787
255
123
167
114
944
473
396
830
130
1000
622
214
211
178
658
748
586
713
696
353
610
746
269
882
58
8
277
951
629
629
820
472
505
331
19
929
586
640
228
904
911
518
878
511
359
883
365
821
990
529
973
505
490
248
37
960
266
916
152
21
963
535
204
881
426
766
293
864
527
804
69
40
68
895
877
491
137
903
85
123
390
818
340
864
639
678
606
637
582
651
358
829
146
963
570
260
346
853
222
112
769
430
555
722
659
634
588
650
145
105
263
940
528
323
302
162
346
826
553
205
338
171
323
102
80
933
541
254
470
286
194
926
790
618
435
183
376
825
870
589
557
289
165
926
557
667
211
80
148
970
155
60
251
186
960
536
272
777
565
767
440
795
331
839
657
332
259
87
417
144
275
854
61
932
681
337
366
157
638
317
81
39
555
751
123
37
292
116
654
632
579
294
713
679
319
845
706
563
743
665
737
642
886
494
484
733
836
635
