500
4
121841.5
796
389
82
990
929
561
949
516
777
432
874
454
909
471
337
814
354
254
541
679
744
689
131
959
987
420
161
922
818
374
462
241
782
373
360
94
378
824
532
240
158
65
147
973
903
485
230
829
578
368
224
17
936
564
853
431
6
6
559
623
126
45
530
171
299
215
648
426
275
93
902
527
208
788
564
262
959
483
777
613
291
185
740
353
141
53
232
90
961
521
552
207
855
562
444
744
543
216
520
321
525
262
327
118
841
654
95
956
219
874
629
787
442
126
527
778
261
885
518
794
268
906
518
698
447
271
362
787
177
919
874
439
355
152
769
366
206
949
138
118
162
173
348
776
927
400
533
324
216
883
416
263
951
512
530
267
117
973
639
621
544
710
641
628
492
681
89
21
735
329
683
598
438
121
510
684
283
752
459
791
906
526
23
12
125
48
308
77
865
572
927
526
279
865
893
509
741
324
703
667
98
38
700
321
988
500
413
753
310
243
138
4
405
875
931
528
328
916
403
209
619
304
328
789
237
843
614
689
509
197
192
976
861
597
579
287
970
489
833
579
874
437
294
39
878
431
771
587
159
951
784
599
439
123
376
235
684
344
150
23
578
815
256
178
134
884
361
806
731
696
397
181
595
304
767
305
28
939
133
868
567
753
323
798
909
475
212
923
264
910
922
503
347
231
937
491
399
256
45
984
874
564
749
317
687
296
296
872
485
221
812
423
673
352
714
368
679
668
897
503
883
456
99
990
172
932
472
815
803
609
76
34
108
27
219
880
447
207
597
312
669
774
331
151
528
707
303
1
379
894
486
239
127
882
360
173
425
882
45
966
284
113
909
381
452
203
903
505
267
902
234
45
784
509
679
696
643
309
839
587
132
92
714
261
835
547
186
807
84
124
204
112
117
8
311
83
421
215
147
77
127
60
829
384
545
250
402
710
303
146
871
433
171
992
760
568
624
368
751
511
203
962
314
245
332
841
332
200
688
326
732
381
398
199
927
489
340
826
533
350
608
408
3
907
183
65
177
138
184
106
386
347
147
32
933
407
359
718
326
205
402
271
963
455
351
180
790
557
286
805
143
958
201
934
144
4
895
432
518
142
62
27
518
669
279
986
103
971
827
426
262
173
620
313
271
832
865
361
93
14
906
461
316
116
355
238
227
121
979
444
672
167
499
744
472
239
163
69
778
396
568
661
295
833
898
576
494
832
627
563
169
861
701
290
698
339
642
672
45
23
176
120
298
146
329
807
54
964
132
54
324
184
629
312
746
474
351
164
262
823
384
201
695
438
274
856
104
983
728
601
901
541
232
930
472
195
126
30
602
733
592
352
575
264
922
571
971
534
362
838
212
128
338
127
445
321
474
180
955
510
268
835
580
738
76
85
721
420
376
798
931
535
942
541
572
201
704
293
153
929
372
722
580
797
448
324
355
775
136
920
137
979
773
320
546
734
926
441
250
161
700
338
819
607
375
187
904
642
184
903
926
541
371
70
89
53
276
151
174
987
225
10
328
178
350
885
71
77
211
981
259
822
128
26
722
663
314
68
427
262
542
696
750
312
349
771
571
692
64
950
393
269
298
81
814
410
417
159
663
326
83
12
591
702
423
894
903
523
839
441
160
985
683
422
781
560
599
378
511
215
215
909
192
823
393
252
85
995
383
236
186
39
559
745
98
827
162
108
834
565
377
184
779
496
184
98
776
604
902
352
233
48
522
252
542
301
54
899
174
23
177
983
231
70
56
956
890
486
888
507
991
629
292
871
293
103
904
326
234
37
874
678
344
868
139
895
727
597
309
886
241
808
411
263
188
944
45
941
621
806
507
677
220
792
544
318
22
962
568
340
649
352
733
654
968
569
484
813
207
981
211
844
501
222
516
311
533
240
168
85
917
553
536
779
222
907
150
19
554
805
211
105
681
687
626
264
937
374
598
377
818
585
212
883
475
763
703
362
504
821
439
261
899
406
940
516
79
991
918
381
380
123
393
750
662
228
841
607
619
611
651
291
86
910
814
454
823
601
678
597
296
777
201
926
121
15
486
810
826
430
962
501
255
153
894
486
871
605
377
123
729
379
129
124
919
422
157
81
349
736
333
179
892
487
411
914
228
115
876
594
928
425
740
323
598
352
242
82
557
309
529
628
855
626
322
803
399
808
89
11
242
65
823
537
504
743
86
8
301
48
988
515
997
432
553
317
586
801
644
255
412
143
562
785
911
490
760
384
756
609
876
532
477
257
133
885
674
641
405
820
881
481
88
960
161
64
682
291
170
74
119133.5
717
587
152
108
894
393
984
521
732
623
850
568
861
604
315
162
528
818
604
339
669
293
147
109
857
484
158
22
661
666
527
745
652
634
245
920
366
151
590
673
101
966
203
94
995
510
366
127
827
550
110
982
843
427
823
617
60
965
603
297
261
877
442
746
391
828
865
634
217
808
950
415
247
119
519
783
980
602
842
464
306
889
786
584
33
938
208
980
935
516
504
776
842
354
593
245
519
684
652
748
568
646
62
959
717
305
212
71
167
139
556
276
318
827
479
181
300
165
441
162
149
136
611
326
471
780
301
154
5
12
689
655
321
839
731
595
260
139
265
873
311
852
479
225
896
525
623
682
89
32
421
748
965
499
621
729
162
110
581
301
584
293
736
373
533
250
13
976
719
613
840
347
361
857
658
357
352
175
286
164
853
441
174
914
61
966
175
935
753
392
994
498
197
48
974
536
801
597
588
332
41
960
740
619
919
572
342
155
436
837
78
953
263
214
979
461
17
11
421
802
622
612
284
164
304
121
551
239
376
789
94
83
923
446
527
773
926
485
927
504
973
470
252
876
731
661
831
423
225
117
736
363
310
811
471
776
846
565
6
922
385
202
357
916
303
99
449
171
663
355
377
816
563
781
652
709
94
63
187
78
544
344
351
179
951
547
268
123
226
115
875
584
481
805
915
599
507
844
96
34
894
463
677
683
551
747
288
213
600
697
948
509
589
695
857
559
696
376
966
408
998
479
117
11
243
110
440
258
712
404
88
980
92
889
297
213
341
884
631
616
456
318
448
781
698
378
162
933
249
177
441
858
180
84
385
824
313
160
155
23
198
886
801
581
519
770
975
453
22
24
44
927
974
511
639
402
690
667
852
492
115
947
524
675
960
507
411
186
121
949
84
929
66
919
198
950
515
701
97
936
78
975
861
598
573
669
458
257
246
835
896
612
100
19
782
376
642
717
852
409
35
88
509
773
354
145
307
876
705
614
689
654
305
896
901
482
409
143
683
688
756
657
150
68
27
993
238
804
262
927
638
736
93
923
818
668
594
266
234
882
538
764
916
577
317
881
833
448
220
95
90
65
7
5
60
957
844
555
401
826
124
881
633
295
51
112
97
54
820
674
238
898
507
776
305
139
735
666
97
944
898
625
91
978
398
756
345
808
884
509
446
769
574
249
560
770
1
981
856
635
624
298
337
222
751
329
376
230
720
363
306
99
708
665
600
756
658
277
72
992
116
949
172
883
286
158
88
13
128
852
379
748
573
745
958
604
282
811
260
139
413
851
830
659
240
106
50
34
700
357
958
555
123
76
566
716
32
922
657
343
709
606
594
661
827
420
896
512
359
138
183
879
303
888
566
730
293
837
893
502
319
119
575
267
240
843
820
625
305
104
904
516
816
429
558
705
438
767
156
19
580
268
533
285
610
670
450
147
79
89
98
47
652
662
604
251
945
463
218
918
705
662
795
335
393
782
785
457
152
74
904
442
288
868
161
887
421
750
123
53
56
953
421
770
311
115
293
858
164
58
352
176
66
973
520
269
171
854
592
744
589
327
662
688
476
160
746
338
155
130
496
723
223
882
851
637
291
790
530
707
119
927
731
346
296
122
972
491
936
497
117
62
882
564
729
363
672
608
421
755
158
102
359
215
390
830
25
104
471
833
22
989
583
318
278
92
122
935
926
403
224
908
949
479
228
888
823
409
792
567
33
984
463
771
542
664
113
67
14
970
40
93
143
905
98
20
909
451
920
441
802
459
200
48
145
995
666
607
233
880
550
281
391
183
329
139
867
399
241
182
290
125
400
777
108
70
243
128
410
264
579
283
242
113
608
773
136
54
665
624
670
704
593
274
961
484
365
162
28
99
250
192
559
712
511
776
479
661
120
969
860
456
416
171
107
10
126
951
315
168
139
983
464
230
628
720
928
541
708
641
711
390
123
72
577
327
546
728
378
216
464
798
882
597
896
508
53
47
932
532
118
960
490
200
402
734
750
407
646
345
691
691
135
48
985
467
638
331
761
383
432
164
138
145
120
901
361
235
695
650
831
589
388
833
982
474
850
482
168
863
670
630
293
900
706
622
167
821
435
172
367
772
892
496
264
156
240
881
913
487
792
581
556
670
589
669
110
923
551
777
722
317
735
460
418
132
291
109
57
966
68
903
984
531
577
237
87
921
124
854
1000
493
847
515
702
707
378
277
506
704
398
826
409
203
875
573
741
631
765
419
919
474
375
784
175
97
577
315
264
178
838
580
53
111
88
990
625
737
223
880
119628.0
948
474
209
845
731
628
907
426
711
432
872
464
788
436
264
883
289
128
662
725
762
612
276
843
900
496
79
955
717
414
593
249
748
380
119
95
425
824
596
298
103
53
139
861
981
537
274
906
791
391
57
72
995
519
897
417
6
10
453
790
89
34
532
335
386
201
623
330
363
99
951
508
155
884
505
267
900
426
749
628
127
18
713
340
90
60
10
65
947
454
566
314
701
569
552
771
565
313
469
263
720
318
240
129
771
626
180
939
351
836
649
678
356
221
349
760
405
856
419
795
323
803
564
671
464
174
269
942
56
973
529
260
303
142
696
323
117
929
57
28
202
115
316
848
871
458
771
398
106
880
569
331
914
418
616
264
332
869
659
653
619
752
588
691
574
675
71
40
699
361
667
740
356
178
551
737
164
919
368
780
960
459
106
16
65
55
146
117
856
548
951
443
56
997
989
472
825
351
725
656
6
11
883
420
954
515
299
783
257
143
41
85
510
803
841
539
115
907
303
105
841
428
146
923
129
957
483
766
428
188
220
896
849
520
501
268
831
600
868
409
898
465
382
158
828
433
759
645
189
833
714
692
365
226
503
219
948
439
299
147
429
704
301
158
166
992
514
733
795
605
463
266
431
234
586
376
37
962
124
994
794
614
313
861
866
437
207
925
296
906
811
330
248
114
808
392
328
188
99
914
948
516
650
394
590
344
351
822
484
240
942
445
524
237
808
411
882
564
852
533
944
553
165
931
286
886
599
643
861
609
50
56
52
19
267
877
325
206
748
319
711
586
308
153
675
682
204
166
433
803
416
232
213
961
446
191
276
835
167
878
163
36
892
453
586
299
932
555
19
911
215
164
987
565
760
645
571
262
885
546
47
2
706
402
999
444
457
819
220
79
30
37
142
10
15
41
655
291
151
92
220
121
901
481
756
352
436
775
367
128
810
433
2
948
623
680
625
252
681
689
308
861
471
214
211
878
353
214
793
339
677
273
398
201
902
554
382
795
550
318
564
262
120
959
148
41
275
120
60
64
578
236
185
117
760
368
399
791
277
87
362
148
747
405
229
87
839
649
147
962
237
884
63
991
153
31
1000
524
337
221
141
31
419
778
419
789
92
987
685
352
313
130
494
273
214
849
702
433
287
142
720
391
98
89
358
146
498
246
865
447
484
324
621
668
580
315
23
30
614
278
729
655
419
844
786
602
391
752
685
698
289
877
796
432
545
215
656
655
58
4
25
13
299
130
464
769
45
990
398
195
423
264
502
309
681
342
328
135
343
847
403
173
734
299
153
871
99
926
654
665
961
457
151
961
512
233
100
69
797
622
718
409
697
315
859
483
973
521
273
877
60
28
158
77
428
198
474
244
975
514
149
970
572
677
191
63
554
278
214
866
905
510
843
583
623
318
615
307
101
968
427
764
688
655
542
261
241
856
51
994
21
952
652
335
636
684
913
612
40
38
810
423
642
650
536
243
989
490
56
989
871
515
219
137
205
14
417
220
130
927
104
137
591
272
245
835
204
43
280
848
241
904
192
118
460
728
273
127
506
172
559
691
700
348
322
892
621
652
236
904
643
283
242
110
852
411
355
217
571
246
217
60
741
668
276
789
908
462
891
450
310
849
720
360
623
647
667
302
500
226
180
905
337
826
232
145
61
960
355
202
55
15
591
648
272
891
130
35
787
601
216
156
941
549
174
65
774
600
882
437
31
108
484
234
527
259
142
966
82
8
199
974
73
68
76
981
911
570
803
587
896
442
40
939
27
32
837
427
345
135
697
636
408
788
126
942
861
615
246
849
96
946
339
169
214
880
206
886
590
642
693
687
115
983
425
228
107
964
706
307
610
392
574
696
924
512
274
822
129
988
343
830
544
277
347
205
713
312
151
34
999
454
446
741
29
896
27
17
329
812
151
106
555
692
481
237
989
544
686
358
669
692
172
934
581
686
594
261
421
791
512
268
995
496
923
437
93
918
987
493
154
132
309
835
629
350
853
568
693
642
500
253
8
942
932
541
550
707
872
592
262
893
181
895
299
111
487
729
825
387
875
435
385
185
902
583
865
534
345
237
650
361
292
100
785
371
329
185
397
798
436
156
978
529
448
775
141
94
952
509
874
411
703
382
609
339
262
114
336
145
672
723
920
631
352
870
356
803
180
49
309
148
987
567
348
834
169
94
306
195
889
508
886
577
586
251
491
718
640
327
477
217
501
791
770
422
681
338
706
678
947
451
467
218
111
937
661
662
475
786
728
374
296
877
64
40
472
309
227
155
120862.5
938
552
264
79
859
402
968
542
742
659
872
576
788
560
341
190
310
916
528
187
890
488
298
190
949
506
136
121
831
546
433
792
740
604
196
810
296
128
488
733
222
853
314
209
803
431
170
29
776
706
273
891
912
461
877
587
100
970
562
257
21
1000
540
728
233
899
700
720
324
860
964
494
84
19
676
684
968
489
774
412
115
897
612
680
167
974
212
846
931
501
642
657
979
481
442
285
642
616
469
784
654
679
275
873
921
472
136
138
247
73
626
391
440
681
515
312
160
60
525
257
292
109
518
271
356
778
204
69
12
40
519
646
332
823
666
692
216
126
31
993
59
965
354
145
939
480
660
695
121
53
592
751
860
503
602
686
184
93
566
287
476
225
631
262
598
271
169
954
823
545
577
230
517
749
504
204
175
67
541
283
859
526
207
896
253
847
369
798
893
472
878
491
133
70
892
488
742
589
719
290
85
897
694
669
904
430
457
245
190
855
71
940
556
281
998
500
341
164
322
812
762
636
176
83
227
98
562
306
461
747
189
92
939
410
513
804
923
486
743
670
974
566
288
817
950
479
727
437
196
71
665
375
392
750
358
863
847
622
320
780
607
307
369
835
124
29
438
199
847
358
554
770
463
738
855
578
93
33
73
74
876
395
136
75
785
569
159
163
111
89
668
673
297
887
784
521
416
836
23
8
943
415
850
624
745
646
356
90
401
779
762
622
564
717
722
689
844
365
960
483
938
508
283
120
367
172
694
363
808
442
69
967
153
891
224
89
569
700
554
741
857
384
360
891
617
250
444
778
399
197
451
700
65
84
338
839
449
260
268
103
172
879
820
547
483
796
872
510
304
130
396
787
863
393
703
360
677
650
884
509
101
955
807
507
766
656
208
82
98
959
17
982
139
914
82
866
535
802
126
991
307
856
963
568
670
695
391
161
311
791
772
588
201
131
801
388
617
701
571
223
256
139
273
852
316
124
267
856
657
608
580
742
430
775
790
440
289
128
532
732
467
715
78
6
103
943
340
872
114
947
370
861
115
961
776
563
280
140
199
857
297
843
908
540
236
919
775
387
83
30
263
196
134
69
30
917
947
422
465
697
140
963
316
152
549
270
147
44
606
687
283
891
674
651
379
196
803
572
344
856
791
616
265
895
330
895
398
813
911
534
809
583
748
327
547
706
55
971
637
707
684
260
258
85
761
422
473
247
582
209
199
24
875
597
486
738
626
279
18
991
67
930
345
796
469
185
63
58
384
853
377
789
581
712
662
634
277
880
231
57
290
831
598
674
122
75
63
34
696
299
886
633
222
125
523
758
144
910
778
390
708
691
557
777
962
523
1000
539
264
108
180
878
235
858
372
873
521
678
988
532
57
113
616
368
17
954
483
756
315
201
905
561
903
389
713
689
578
677
37
18
406
147
694
431
497
786
196
66
183
94
126
100
680
586
650
348
943
459
147
932
766
582
764
433
395
757
903
581
82
38
970
554
423
777
117
919
460
785
311
170
301
825
355
817
264
165
17
966
426
198
188
177
202
895
695
344
382
779
168
916
516
306
829
607
321
135
654
253
221
95
450
800
373
827
883
617
342
787
526
702
4
959
592
241
404
276
896
616
921
521
377
129
729
691
641
382
515
696
404
786
321
186
218
77
220
854
2
3
300
887
111
913
707
262
152
13
58
888
742
394
276
806
886
366
171
867
759
388
966
490
200
858
512
786
465
748
147
33
169
939
28
86
140
938
31
28
930
432
777
325
930
547
220
144
148
886
990
478
348
873
743
462
373
244
134
1
745
396
269
187
108
33
198
910
174
146
228
71
792
382
449
215
192
88
554
684
129
12
520
689
744
701
664
336
984
503
413
205
218
110
328
151
480
713
417
827
742
643
92
954
859
589
575
322
192
155
162
892
402
276
262
843
495
285
607
680
760
390
693
735
562
335
196
34
730
316
599
742
578
290
503
779
861
447
974
511
152
85
894
552
409
781
188
67
725
593
782
394
630
276
493
666
32
21
801
364
687
371
678
314
143
57
130
35
69
983
614
262
652
662
828
576
391
877
785
347
915
536
513
740
716
602
220
926
869
601
319
840
376
129
411
754
904
413
482
265
75
972
928
436
874
575
747
641
689
672
243
927
270
830
513
250
783
469
295
103
452
265
9
957
418
759
838
406
328
164
226
950
334
775
993
492
942
502
580
716
644
357
649
654
519
729
420
282
787
665
849
566
690
283
879
492
312
829
170
109
746
359
429
266
720
677
248
31
27
1000
702
698
275
922
