500
18
135013.0
999
697
506
850
270
194
433
174
457
20
509
51
935
210
812
385
595
315
725
401
800
551
560
270
870
375
195
985
183
837
408
954
530
113
665
504
324
803
488
729
512
395
226
198
875
206
588
753
465
351
336
932
258
75
246
135
732
755
450
205
331
173
201
160
510
316
799
448
457
138
780
635
659
769
912
768
151
198
789
577
263
941
838
232
744
156
749
670
176
966
204
174
768
446
3
984
821
394
177
170
412
937
608
587
652
661
520
614
667
447
437
695
899
454
814
214
772
237
411
725
764
592
855
632
642
247
688
340
239
868
260
64
82
52
304
3
279
813
784
433
403
560
729
623
864
569
199
939
737
602
580
840
612
560
894
625
472
289
927
459
148
14
248
146
905
425
835
638
897
610
966
455
641
390
983
625
506
341
466
252
220
73
614
709
815
412
896
341
771
438
258
842
727
451
830
643
766
184
472
762
402
140
979
535
34
76
503
260
739
448
483
275
780
594
949
578
884
583
306
811
877
621
329
677
277
36
575
477
134
117
858
424
958
769
306
732
124
986
944
576
171
948
599
734
85
44
288
868
632
405
371
93
308
873
421
770
959
598
636
190
94
946
649
288
203
977
658
452
928
759
880
388
319
950
551
362
600
171
820
617
889
705
618
711
420
683
711
768
705
703
688
543
951
710
406
308
796
332
505
688
159
900
577
629
996
648
649
363
574
708
248
39
324
983
417
928
881
407
327
747
486
240
288
771
654
322
542
760
439
100
854
423
393
136
870
449
824
354
616
556
839
660
310
860
436
281
670
759
929
376
393
905
448
808
534
453
218
73
2
85
334
877
784
370
510
573
978
333
747
690
448
354
98
986
455
964
361
98
230
102
856
490
751
658
354
201
454
980
237
723
547
103
312
99
867
411
373
408
840
641
420
955
299
219
299
61
479
111
227
865
191
113
182
209
451
229
494
113
225
14
521
186
672
427
583
66
840
587
545
290
365
714
488
382
832
304
335
84
521
112
533
833
546
169
707
425
237
929
58
959
868
404
605
584
478
898
567
190
379
96
878
569
779
675
542
585
659
817
282
87
380
130
864
611
226
923
868
410
373
725
292
178
183
947
302
947
344
211
907
520
899
491
341
47
730
676
544
357
765
871
445
142
715
693
622
460
875
398
408
793
878
420
209
120
377
831
973
532
927
492
848
477
445
65
956
386
575
795
537
413
672
406
945
716
633
179
430
130
270
871
233
967
631
866
110
960
661
185
314
256
316
184
272
43
740
108
355
956
720
189
209
996
401
152
358
213
185
938
260
59
898
698
877
614
644
394
437
821
351
866
463
705
426
271
711
376
354
894
223
27
902
771
468
167
474
94
215
924
161
940
163
840
663
591
746
276
738
270
219
47
202
144
916
700
384
931
981
339
970
340
128
68
379
274
606
892
940
634
321
633
818
461
691
512
729
221
360
911
856
392
366
738
832
438
825
337
961
297
180
974
469
703
542
506
357
346
967
535
742
626
704
340
986
487
478
838
539
473
414
330
407
647
385
886
203
146
628
525
429
147
868
416
374
134
566
660
866
331
655
666
216
857
167
962
797
258
550
496
721
526
807
407
917
709
350
958
366
862
889
406
482
165
883
550
884
531
267
941
729
668
546
377
345
853
126
957
684
472
529
361
590
706
40
982
509
425
169
952
798
783
194
175
456
403
635
832
760
434
328
140
117
974
522
379
802
569
291
143
312
8
280
64
509
771
612
232
192
51
559
832
202
123
672
639
905
388
305
217
425
796
827
303
249
174
807
464
414
677
253
757
984
306
483
997
531
663
503
815
454
362
760
460
887
673
964
538
92
6
375
279
212
30
150
10
389
736
325
857
183
265
307
193
295
10
423
865
611
479
299
910
703
383
839
322
856
360
759
342
419
797
857
467
529
50
646
572
472
800
631
226
498
278
637
293
978
552
446
975
672
758
781
590
393
930
228
810
511
198
463
166
513
194
867
530
839
246
742
417
527
711
520
84
159
857
659
416
990
485
119
21
788
304
657
593
263
81
799
412
944
417
226
123
500
390
342
313
375
251
477
657
688
292
206
135
527
838
651
289
286
35
747
521
232
97
208
163
678
652
362
44
795
349
484
424
358
301
430
208
484
800
494
118
716
419
442
256
959
699
699
699
259
218
375
292
249
943
819
565
625
727
481
707
512
238
529
586
669
274
172
953
403
194
318
214
785
493
600
955
775
535
230
775
353
787
300
52
947
532
747
355
359
974
382
617
311
9
688
117
596
575
126802.0
552
332
316
228
373
795
459
745
94
979
150
884
400
733
789
657
617
717
876
617
807
361
623
743
751
528
1
33
358
184
150
18
324
853
895
447
354
235
709
343
794
686
413
879
424
775
655
337
709
670
307
140
259
882
354
804
467
287
416
729
335
889
379
743
529
767
862
486
297
907
876
450
604
318
372
154
291
814
897
521
28
24
534
796
228
858
607
296
40
8
335
920
971
456
48
22
766
552
354
762
140
106
981
510
647
373
744
414
898
626
634
268
914
527
462
832
531
708
437
186
875
381
696
302
487
727
509
759
382
154
120
855
107
938
15
955
389
236
979
544
706
356
761
365
891
422
88
70
640
331
333
97
844
354
727
312
753
619
940
458
170
892
328
861
875
570
566
302
846
473
755
618
736
652
779
464
649
618
443
799
88
908
618
302
924
566
751
602
831
516
430
178
936
592
686
413
512
751
326
146
256
923
922
537
254
832
553
796
898
576
604
650
831
485
800
393
912
459
419
245
605
303
471
235
46
964
929
619
335
845
922
534
492
252
382
211
70
32
947
459
115
88
451
184
46
997
280
130
841
629
262
890
115
46
379
155
987
487
468
718
121
104
496
769
119
85
875
615
465
198
847
542
141
7
768
574
394
741
638
303
502
215
568
232
736
386
617
331
704
372
1000
453
733
351
730
669
751
633
585
268
317
173
754
435
619
333
825
638
674
370
146
875
45
60
232
128
763
616
624
330
360
854
328
198
646
622
400
192
33
997
986
536
121
918
825
525
815
591
781
418
819
426
404
168
446
739
625
296
835
596
181
58
434
188
800
566
90
943
219
917
256
88
712
576
892
371
587
717
492
270
764
582
150
113
64
75
250
886
119
889
921
515
790
356
277
863
72
90
413
217
249
920
215
961
810
603
889
615
730
385
94
124
433
860
85
985
189
915
357
219
178
854
458
735
419
840
239
968
120
912
471
738
795
647
205
871
806
399
533
799
620
346
730
639
668
602
235
837
383
820
321
80
211
897
976
479
42
54
102
82
858
558
981
494
104
61
421
710
340
836
787
446
728
333
811
392
226
129
254
880
403
781
786
299
246
157
900
584
561
247
502
757
154
131
98
2
349
882
874
551
991
449
47
932
537
255
646
741
396
198
279
804
691
404
912
547
810
585
417
204
783
609
195
916
400
232
929
392
955
411
963
598
14
970
818
520
339
228
660
679
755
633
564
371
424
721
234
857
294
114
144
37
367
221
67
123
450
784
511
779
395
841
51
942
164
850
136
89
269
889
54
49
265
801
400
837
243
92
92
933
568
285
671
312
638
687
282
160
396
205
463
237
608
669
598
702
283
158
51
910
478
287
430
790
198
982
99
122
139
153
300
86
784
455
456
794
597
700
81
936
311
899
607
218
121
85
749
567
558
713
68
951
548
702
192
46
651
274
716
388
913
563
900
526
479
729
26
35
901
528
428
182
823
553
647
673
724
609
50
13
599
355
840
429
716
691
953
526
707
374
658
596
918
549
337
143
967
583
604
693
608
267
90
45
416
776
926
420
348
851
756
561
352
834
789
367
742
684
714
360
205
45
10
40
488
819
974
514
861
438
812
603
571
281
225
98
228
167
935
518
279
854
873
415
928
411
176
130
627
251
855
592
334
213
156
41
936
612
708
608
483
289
64
3
846
665
219
137
484
224
313
863
762
679
330
91
744
618
247
883
95
123
767
626
821
462
186
865
25
973
17
994
505
181
604
671
154
873
285
171
287
854
640
284
951
525
316
856
283
149
611
705
345
828
919
563
527
246
449
262
623
725
96
24
495
252
388
235
615
676
882
496
792
417
865
371
144
940
512
774
183
876
87
994
353
180
198
102
542
720
317
833
40
897
338
114
862
435
152
133
645
675
777
639
649
702
756
573
364
249
958
462
54
965
919
523
517
243
476
730
654
668
537
668
816
375
157
45
343
181
923
418
244
145
265
161
580
711
344
759
540
715
984
532
574
682
850
537
593
285
178
904
213
104
689
641
951
439
24
968
711
624
818
389
171
941
809
583
802
549
267
843
714
676
719
608
539
780
803
428
661
621
318
842
470
258
574
706
79
879
978
528
211
925
338
827
657
285
102
926
674
649
911
505
653
734
304
808
476
290
238
935
959
523
482
834
698
322
547
293
523
705
619
768
65
95
847
416
507
317
563
345
482
831
807
346
435
765
133
23
407
802
377
881
932
603
75
103
954
482
501
229
455
191
161
953
935
407
685
647
70
109
629
324
29
891
316
883
801
447
128649.5
558
730
435
776
481
188
470
231
109
108
303
205
612
281
776
370
553
190
694
290
833
550
505
182
920
506
75
994
464
793
21
985
318
242
937
475
509
711
620
630
532
272
401
213
579
254
678
705
673
279
260
782
60
23
440
226
488
730
690
334
105
13
477
197
411
158
828
590
263
105
837
552
658
671
262
829
518
279
831
444
126
977
443
166
237
182
749
615
156
894
272
137
994
463
3
940
872
456
513
334
257
880
988
453
721
715
737
589
659
381
456
780
788
403
372
140
472
227
435
815
807
536
588
792
595
290
478
278
307
884
248
144
140
156
30
79
408
829
837
420
641
732
615
733
962
516
256
879
641
667
347
850
821
557
475
786
817
460
942
572
363
168
338
201
893
488
596
774
909
511
672
382
680
348
952
574
656
319
288
129
201
44
436
792
923
508
768
414
876
407
468
760
901
497
849
504
526
269
341
867
217
132
826
423
492
237
309
162
921
499
719
325
854
438
778
529
972
518
570
746
667
676
457
846
135
5
761
461
218
113
806
425
470
794
429
810
108
907
899
441
43
986
413
851
66
41
313
835
643
315
125
42
154
891
313
759
909
467
512
185
356
812
529
324
189
885
772
326
349
859
990
516
47
981
904
397
442
278
626
768
584
685
566
698
893
518
665
694
710
673
966
571
818
584
696
289
671
288
555
762
332
839
829
607
763
637
680
342
745
656
261
98
135
920
99
956
772
390
567
700
254
159
451
725
701
376
268
868
87
79
947
420
187
89
997
558
772
335
988
484
943
535
308
892
420
188
460
779
821
386
190
900
362
772
725
345
172
136
293
138
206
953
868
363
637
645
608
337
591
669
909
429
236
843
162
992
384
205
54
33
989
431
740
588
390
168
254
901
477
700
87
65
27
42
771
301
686
387
592
704
181
846
285
47
57
109
221
60
442
830
407
196
533
182
441
232
73
27
347
181
442
228
695
311
240
76
854
598
446
290
821
558
685
284
893
491
283
124
313
100
298
835
105
78
919
466
265
863
99
898
988
508
937
591
251
899
502
305
461
259
803
614
678
672
756
704
245
961
137
112
346
162
680
696
359
862
886
431
547
698
440
167
116
955
100
913
154
87
954
533
828
590
66
72
389
773
544
352
390
733
373
229
858
639
969
489
875
484
481
819
811
390
200
86
350
810
756
540
910
493
854
438
155
84
968
390
523
720
676
326
590
268
749
645
543
250
304
110
341
819
141
930
558
721
226
946
563
252
379
214
167
97
272
136
321
207
152
927
301
182
222
876
374
191
465
205
203
828
122
8
608
632
477
763
690
364
351
780
464
787
537
782
601
281
450
204
221
901
195
105
502
764
476
291
4
4
189
887
234
889
224
859
979
451
529
258
519
239
187
157
342
171
529
764
108
920
986
505
705
326
77
84
462
222
221
884
531
701
759
707
856
485
899
510
663
292
33
912
991
537
384
753
906
525
615
330
909
482
60
943
683
651
835
661
506
269
784
392
688
595
813
388
990
492
452
776
942
445
443
218
594
740
156
972
548
230
756
671
401
216
919
487
247
141
710
675
648
376
724
729
76
951
48
926
242
156
872
568
788
621
706
393
557
697
125
893
167
929
968
511
227
155
838
507
828
671
253
965
622
687
773
397
361
800
206
915
893
470
636
306
486
709
56
999
507
267
407
782
487
794
297
155
694
315
262
820
647
353
151
50
342
817
773
333
897
483
417
188
26
26
56
65
519
744
705
381
241
104
494
740
138
76
547
806
945
545
359
205
164
894
521
225
322
137
967
473
412
852
467
808
461
285
7
949
500
757
540
678
698
278
998
594
920
486
625
720
192
37
550
235
193
164
144
53
303
894
167
975
470
189
296
151
187
147
167
913
908
618
248
909
693
354
659
381
665
327
780
367
584
659
803
559
222
119
995
545
521
660
589
223
716
405
603
284
813
547
74
931
275
823
808
638
395
820
213
916
539
287
460
263
601
329
933
561
638
385
914
538
471
801
350
170
188
908
818
411
998
484
106
124
762
382
673
673
150
117
913
416
910
551
443
202
660
248
722
423
606
290
957
486
644
329
248
172
448
842
512
257
284
121
969
568
121
79
300
79
581
678
142
8
804
410
936
520
690
345
390
109
556
792
169
21
963
510
315
108
657
623
655
674
672
358
553
279
236
805
767
578
644
709
583
669
303
186
705
698
549
291
7
1000
339
202
183
86
935
459
124
984
1000
490
368
846
389
854
112
86
931
560
563
271
259
864
591
671
183
167
254
52
764
647
126013.5
483
236
456
255
259
894
377
848
243
929
368
788
580
631
616
665
385
797
430
800
939
425
357
780
888
397
118
17
245
124
155
84
428
830
784
598
609
231
791
365
422
794
399
775
575
663
696
322
652
662
366
144
69
972
509
694
569
361
763
604
1
987
419
742
297
885
712
315
197
820
899
412
748
371
491
245
503
796
760
590
95
103
251
848
347
861
807
448
188
99
242
818
921
458
177
131
788
624
576
734
231
204
976
453
457
254
696
355
920
537
516
261
934
558
309
766
413
843
313
155
971
545
393
223
715
646
593
688
285
88
436
792
357
840
158
965
219
82
732
620
530
294
459
274
857
450
310
92
726
398
367
192
913
433
335
204
868
626
913
500
301
911
408
832
990
529
603
279
971
548
717
573
653
674
968
509
714
664
232
864
212
923
234
124
930
481
723
674
627
686
469
251
974
471
909
473
580
711
256
115
209
921
906
615
509
826
496
766
973
535
546
692
891
578
942
497
950
528
647
298
767
366
179
62
57
942
936
624
187
872
810
550
254
135
300
142
148
48
733
651
106
48
472
229
30
936
356
252
577
751
125
930
360
162
448
244
892
520
294
868
375
235
642
608
319
178
738
586
290
218
911
546
149
33
963
508
487
709
539
282
639
285
604
286
874
472
690
357
562
330
939
463
812
404
435
764
717
617
403
168
326
168
804
371
797
436
766
621
817
441
189
976
40
25
172
130
796
604
638
256
336
920
489
221
776
676
260
210
176
938
745
645
220
910
843
469
560
682
919
550
824
370
113
17
421
815
481
199
700
618
292
128
413
172
715
570
210
866
365
767
59
99
757
537
663
380
652
616
822
405
766
576
328
141
32
20
482
778
159
871
910
508
749
437
316
850
294
172
536
215
208
839
121
975
699
654
785
659
520
270
247
57
130
953
280
925
149
857
441
253
386
727
234
918
539
771
160
914
439
810
382
871
590
659
147
942
915
486
622
699
928
395
491
777
996
500
222
873
50
950
328
86
130
896
847
552
298
174
274
118
836
406
916
410
194
118
558
767
466
767
851
433
662
274
480
201
190
86
204
932
272
794
559
303
218
170
767
614
601
260
433
802
158
81
107
30
141
969
884
448
784
421
17
991
479
271
655
710
520
350
439
844
671
286
873
602
879
536
349
230
645
692
166
885
361
262
882
386
885
592
867
484
291
854
928
511
515
185
701
603
470
827
749
439
535
662
119
953
392
260
72
85
539
355
82
91
336
843
272
873
241
927
404
769
494
745
23
48
472
779
118
59
446
722
326
806
152
77
94
954
768
331
582
274
735
549
424
121
420
217
349
217
573
662
428
856
381
191
169
944
527
282
593
621
70
943
53
29
125
81
195
99
898
626
559
644
575
738
294
844
223
893
444
206
132
79
986
511
823
576
214
834
311
850
219
44
598
373
617
262
920
599
959
534
582
784
225
185
916
534
542
293
891
476
727
692
837
584
261
122
593
249
631
370
432
743
610
692
819
371
771
553
847
604
491
262
850
497
260
868
565
241
31
53
432
801
523
248
387
832
879
534
223
900
741
361
799
637
564
333
55
51
150
174
484
750
896
369
699
329
845
513
627
357
243
102
66
22
882
492
288
784
891
428
566
337
93
40
589
366
667
693
444
299
82
50
859
550
629
710
646
288
166
85
539
720
441
125
488
277
292
836
615
657
304
165
811
577
159
901
354
256
500
761
930
424
240
880
122
915
14
986
634
282
874
602
333
834
569
336
39
944
450
217
987
540
441
709
354
169
551
706
353
877
905
571
157
106
269
110
576
771
70
94
452
149
495
270
569
719
941
463
898
556
582
373
17
986
529
763
322
780
121
863
198
73
89
25
349
883
444
765
277
806
170
164
648
334
313
139
612
661
679
639
657
664
757
595
628
383
953
512
374
793
894
518
506
244
430
854
903
527
539
696
922
522
92
37
498
238
625
313
307
227
112
81
620
651
618
664
638
733
741
378
734
621
864
489
322
116
479
771
130
110
792
526
876
511
300
866
748
653
584
321
223
845
754
678
714
363
487
761
559
785
868
625
409
785
849
554
699
659
307
808
277
105
609
655
120
903
880
365
159
826
17
998
699
284
75
944
824
567
930
452
751
574
171
878
391
153
170
923
921
492
222
910
618
318
699
334
655
630
617
700
384
131
866
416
474
201
663
239
274
823
484
203
633
674
114
25
399
785
207
907
862
591
1
70
973
461
233
70
408
174
251
888
847
486
590
759
320
124
578
239
214
878
8
945
854
444
128818.0
434
754
556
746
112
65
409
174
96
31
606
309
692
310
652
305
403
127
324
160
957
488
495
276
629
670
83
923
233
865
33
980
262
121
854
474
420
863
675
706
516
259
439
173
626
354
678
614
621
247
324
851
96
31
560
352
590
678
828
434
18
46
435
222
148
70
629
726
459
212
740
637
690
693
455
749
328
125
898
415
187
956
368
233
248
118
957
457
261
822
239
101
897
634
239
844
778
310
503
331
414
700
895
603
448
835
607
744
923
554
647
673
852
418
307
166
289
136
342
838
816
385
506
705
696
433
571
223
143
911
308
114
446
242
67
27
155
845
785
334
543
704
728
628
752
610
149
904
778
520
395
889
739
638
486
706
747
446
994
467
39
30
395
230
969
458
439
819
957
550
848
458
639
316
972
463
704
275
313
120
130
134
252
816
939
547
796
414
592
318
489
837
960
493
937
468
457
254
379
794
225
143
600
315
343
212
519
227
941
437
543
215
801
412
842
415
948
536
640
650
717
731
112
929
189
46
674
319
356
137
899
461
295
860
276
771
84
919
640
276
152
965
421
708
256
117
500
749
455
155
82
58
356
808
479
776
982
467
307
204
478
710
922
435
408
753
676
334
438
758
889
522
173
938
922
474
658
340
565
648
525
715
591
713
946
531
847
570
653
667
936
449
829
541
506
295
742
381
272
903
259
838
733
686
918
493
723
308
873
561
54
40
122
964
245
808
917
441
454
765
71
81
544
733
545
243
415
770
144
124
788
449
33
29
961
526
689
341
914
523
800
621
38
994
436
260
501
701
862
405
181
917
296
920
713
338
226
132
499
268
200
978
930
445
732
689
695
305
918
545
784
425
206
902
114
898
316
149
120
47
904
445
871
552
272
212
359
904
424
832
333
182
169
92
771
428
726
406
537
684
252
901
25
41
258
125
302
186
492
812
482
210
120
80
392
187
133
31
557
284
335
171
665
306
265
135
906
515
551
269
713
633
454
172
939
583
433
222
68
28
178
956
322
149
998
484
364
880
327
817
841
620
830
578
435
783
549
325
493
172
866
648
429
819
363
879
197
941
275
115
486
305
516
691
311
853
861
421
474
716
459
201
341
831
116
965
122
62
759
589
763
641
121
37
506
817
532
282
767
639
316
124
750
623
804
488
959
485
581
677
555
208
243
177
351
819
756
573
725
310
933
572
329
243
988
548
285
886
724
321
406
219
915
470
740
340
79
128
451
802
84
906
719
636
257
896
429
228
265
107
195
136
446
222
500
235
12
991
564
316
98
972
471
230
486
231
71
996
198
63
757
664
539
669
901
404
122
906
526
697
479
804
787
438
330
172
334
893
91
105
672
681
630
323
111
112
123
988
120
983
339
809
795
433
813
456
466
299
328
72
292
145
381
856
158
987
857
564
873
498
308
161
275
103
241
883
821
541
628
654
963
483
947
506
379
256
398
882
900
435
514
716
908
621
615
308
790
412
283
860
504
826
792
617
496
205
644
291
717
569
753
374
781
417
376
832
911
536
198
141
441
714
142
897
528
276
433
716
311
179
972
433
205
155
760
601
855
410
644
633
143
977
420
833
651
350
820
556
685
691
938
515
647
650
212
816
195
916
988
515
460
287
860
473
621
724
108
966
744
628
713
308
603
758
129
904
956
469
596
227
480
756
197
846
507
191
84
955
664
629
343
155
596
254
299
786
965
474
281
105
535
796
480
163
893
580
186
64
228
43
40
40
521
762
734
427
361
262
611
658
160
18
353
774
972
479
565
231
386
807
508
216
184
69
992
511
227
897
291
902
362
223
102
963
399
783
370
817
513
262
926
453
861
356
714
706
86
69
440
197
578
280
226
65
213
905
130
932
359
209
534
286
531
271
209
884
821
602
399
821
803
365
756
444
730
377
721
378
914
539
987
555
387
227
868
472
397
769
312
77
883
413
589
359
909
515
148
910
535
665
771
597
510
694
110
963
808
374
804
379
570
270
688
604
878
426
814
597
373
788
339
174
92
967
932
550
953
435
364
154
764
331
577
738
296
73
625
374
729
663
343
157
403
136
740
423
351
127
880
379
593
256
477
276
235
813
813
391
58
16
831
587
227
145
46
82
718
631
222
74
839
505
953
516
870
427
219
194
355
894
37
40
982
582
192
85
625
597
551
742
795
412
552
226
360
770
715
682
466
765
443
844
301
102
384
855
588
248
158
959
388
238
151
23
980
489
116
895
910
448
257
863
370
820
349
211
935
469
529
294
256
881
566
692
269
181
207
59
946
456
128547.0
506
315
591
279
151
977
403
755
121
886
642
655
609
680
754
608
143
901
319
769
954
527
545
704
574
271
172
55
286
168
119
15
218
961
971
507
157
88
427
206
551
774
293
913
795
572
708
398
338
847
448
241
215
881
705
559
626
306
942
554
144
994
362
776
140
878
434
237
257
884
685
392
682
312
453
240
215
824
750
573
201
123
625
698
146
917
826
578
351
164
316
870
706
377
445
195
633
660
553
757
669
354
682
340
385
193
437
182
871
470
641
343
737
658
332
754
372
770
382
225
725
628
557
355
944
574
423
780
217
116
171
877
395
762
150
916
303
91
666
753
513
281
734
462
927
444
275
184
901
469
143
96
735
310
604
370
920
533
851
546
65
929
459
794
878
575
408
228
753
371
981
506
667
697
774
601
611
764
164
897
251
861
336
176
943
506
817
516
763
640
397
203
828
597
863
505
520
760
355
167
363
857
663
588
362
873
329
803
851
637
453
708
944
544
763
565
999
478
627
302
545
310
212
127
139
990
650
716
227
823
888
635
422
189
446
184
121
48
510
678
112
31
714
357
62
982
475
208
163
893
128
932
217
99
558
259
916
517
348
896
570
360
963
510
580
305
624
734
592
278
870
469
96
16
1000
510
664
618
600
260
677
346
509
195
998
488
862
341
642
351
852
626
864
498
556
676
730
554
131
47
411
227
674
412
986
576
654
645
819
446
45
948
4
17
393
175
958
558
442
167
244
820
426
196
471
718
448
271
379
793
870
649
183
895
913
388
802
599
936
379
846
449
66
62
369
839
541
247
945
554
216
110
322
159
602
745
264
887
587
774
38
47
717
632
566
273
479
744
717
358
927
563
199
165
241
169
291
814
182
928
804
645
934
515
383
795
375
187
435
210
250
833
136
943
844
658
823
680
738
408
308
134
38
985
375
806
469
771
417
244
403
876
309
863
392
890
247
872
550
791
223
871
661
735
183
964
953
500
524
702
686
408
279
864
897
467
463
855
192
874
213
112
152
938
995
569
195
84
439
196
887
478
808
400
295
122
714
598
351
879
718
404
468
206
317
105
181
121
307
802
639
743
726
392
145
57
793
633
477
267
485
797
332
159
192
118
53
959
740
367
601
294
77
973
397
247
638
662
750
447
232
811
765
298
921
543
927
441
701
369
336
848
522
738
216
134
770
385
664
624
844
392
569
706
944
410
198
141
563
714
522
723
864
600
797
629
192
901
452
231
18
7
725
299
167
99
456
750
126
980
376
843
610
707
429
757
93
4
724
603
71
78
363
862
474
833
122
99
26
961
687
360
591
290
783
631
73
26
530
290
316
187
744
597
424
731
112
8
134
976
560
303
722
602
131
911
37
97
64
14
358
137
876
614
999
483
674
675
262
835
212
849
334
206
211
107
777
423
927
465
305
881
336
850
268
206
912
529
703
356
932
494
981
520
521
820
255
93
900
598
608
224
755
326
623
600
942
566
335
118
389
189
828
413
349
769
688
642
867
439
820
594
753
611
261
154
929
525
350
815
594
242
227
92
579
771
669
341
273
919
886
490
369
819
755
449
846
592
594
313
51
15
355
135
539
735
728
370
713
334
974
414
688
308
413
270
192
179
979
509
510
680
890
594
458
201
185
86
742
349
439
772
542
237
229
117
879
520
411
772
661
317
292
102
395
817
107
4
824
426
369
781
347
826
448
233
912
504
126
893
243
135
369
872
792
346
266
875
18
937
197
895
478
238
859
645
361
820
586
323
58
981
357
209
979
564
475
856
401
204
527
714
166
985
982
442
329
197
144
77
445
714
115
5
470
183
401
244
440
828
832
644
771
682
620
295
272
839
469
803
601
707
201
864
301
144
155
154
372
832
588
763
619
713
98
48
796
318
278
102
732
699
822
526
651
721
711
627
945
428
970
435
437
847
966
524
384
228
24
968
860
603
664
645
916
584
293
125
756
428
886
400
593
220
82
26
672
700
620
664
459
805
802
382
910
477
898
487
481
236
380
767
256
133
923
411
961
488
352
754
756
670
540
286
62
960
775
559
701
412
179
932
175
884
791
647
257
956
795
551
542
697
469
768
435
156
836
522
41
981
825
445
258
830
296
879
628
355
113
902
901
465
950
561
807
627
260
891
203
13
124
892
880
464
278
829
867
498
696
358
892
560
310
842
350
137
711
391
363
142
454
207
216
980
324
136
607
741
219
80
499
744
113
954
930
448
233
196
983
469
396
176
384
159
354
867
903
461
616
618
282
131
622
322
231
850
120
980
750
629
129094.5
716
596
695
628
30
45
476
224
320
194
804
391
538
241
788
403
325
126
552
257
944
564
591
349
521
770
168
910
438
800
74
888
48
1
991
527
146
983
555
730
427
140
219
142
926
470
775
609
237
131
583
749
250
93
723
364
524
703
805
404
36
43
493
260
345
146
508
820
259
210
839
636
507
736
647
664
361
253
719
390
194
841
768
399
96
3
783
391
267
925
263
160
672
614
371
871
701
335
479
147
741
692
644
753
356
824
380
789
838
535
652
753
770
390
639
331
549
313
426
804
635
343
805
557
882
484
349
141
407
797
117
76
535
218
239
80
134
940
611
298
707
658
999
522
867
629
384
784
862
614
149
928
634
673
893
569
952
453
934
534
202
91
486
276
852
389
569
725
831
624
937
577
585
365
736
413
418
208
77
34
264
161
263
826
953
593
967
566
597
266
384
873
767
375
951
492
533
241
335
765
359
193
900
510
350
144
386
275
680
287
592
231
825
452
822
420
936
441
598
719
681
590
141
952
166
56
568
202
485
228
793
399
430
756
338
847
138
892
628
274
70
958
765
674
98
10
508
779
218
24
140
72
289
826
614
659
929
400
335
161
725
623
872
464
556
702
643
282
506
703
920
602
205
909
982
464
755
359
641
675
793
651
551
710
868
577
649
598
639
691
639
321
959
457
546
244
899
491
15
954
543
728
906
566
862
452
718
373
758
649
22
23
5
942
321
755
782
416
480
762
193
85
323
793
540
278
629
629
513
269
566
263
170
122
735
664
750
338
713
598
967
481
195
880
457
232
473
678
962
504
184
858
421
752
501
334
285
96
426
241
43
950
626
290
647
653
422
266
794
642
817
350
421
814
339
878
470
225
231
107
657
391
986
488
438
266
494
757
331
869
324
94
204
69
688
288
723
322
875
619
272
807
62
107
327
233
579
284
453
817
240
177
165
52
271
128
423
204
473
167
425
228
468
187
185
131
981
516
698
349
943
527
252
130
886
533
261
187
129
83
211
953
290
162
920
411
107
968
277
871
883
547
659
692
274
778
806
498
138
62
888
553
404
717
171
906
251
805
537
241
642
348
763
697
77
946
742
402
489
808
393
253
276
803
345
809
126
99
874
540
540
668
109
113
654
679
785
378
932
484
489
200
647
734
869
451
904
634
655
633
350
186
472
233
268
832
643
647
770
424
836
650
699
385
945
521
362
847
388
187
522
179
823
341
741
464
183
144
490
797
13
964
650
636
288
869
525
262
31
8
230
63
498
304
441
233
116
969
749
343
140
916
168
51
412
152
241
842
162
84
769
682
642
747
881
431
5
928
569
752
326
761
801
327
673
366
151
943
3
74
590
709
834
482
252
103
221
965
110
922
133
919
724
339
932
595
613
251
379
209
354
218
523
722
32
978
701
640
921
599
161
70
164
111
318
876
780
389
640
696
992
527
934
552
326
130
102
982
886
474
436
856
651
632
936
444
869
440
176
875
351
904
647
685
472
299
694
356
870
470
797
407
743
322
221
858
854
396
229
129
395
827
185
941
451
188
735
594
72
37
831
581
288
116
883
614
898
422
578
740
75
907
122
942
534
224
688
705
700
605
722
594
547
717
501
793
330
788
943
554
805
407
714
362
530
705
102
980
521
743
511
186
595
716
270
938
953
497
537
292
676
644
101
964
399
276
75
945
900
550
405
202
351
115
558
741
818
407
152
46
239
873
267
212
781
661
244
135
106
139
158
12
437
789
668
330
306
213
782
637
60
32
436
805
919
526
289
107
281
886
672
360
161
55
865
605
346
871
156
938
638
304
26
923
531
719
566
700
308
74
793
353
647
285
558
658
370
180
351
149
546
333
267
95
318
908
323
879
315
171
425
222
724
342
140
963
770
648
90
961
755
395
895
516
695
324
682
278
837
520
842
588
335
149
915
385
311
866
73
64
710
375
686
390
854
381
296
781
887
568
883
579
395
794
157
966
764
368
532
265
472
212
822
623
988
579
833
413
380
771
451
155
124
924
698
667
839
598
462
206
701
295
542
741
61
74
925
532
967
519
123
68
237
170
733
433
98
46
998
523
657
403
339
183
374
796
929
447
121
25
960
496
251
149
262
139
651
644
167
132
980
524
911
416
630
327
347
166
225
887
250
197
885
531
254
143
947
460
707
660
797
380
426
192
313
881
615
705
383
778
453
738
160
52
150
916
712
355
72
980
468
198
24
74
995
468
582
705
902
618
394
731
325
747
321
149
893
472
708
294
244
810
528
716
316
181
23
77
717
357
128468.5
690
367
700
305
96
994
374
820
471
784
720
685
405
800
842
512
309
872
374
785
781
433
657
630
412
181
172
79
389
190
292
195
78
995
998
426
117
82
524
318
145
904
257
850
955
463
797
314
108
946
513
313
294
857
600
702
724
346
694
641
145
881
537
643
224
877
325
103
418
733
734
334
497
166
762
401
354
803
753
610
386
205
946
528
81
906
750
609
206
170
208
911
729
326
266
179
538
756
232
819
559
244
514
229
252
145
331
170
904
537
502
186
744
669
743
646
580
644
329
103
724
642
936
417
854
425
247
917
337
150
71
936
471
800
131
901
62
34
655
686
743
353
836
427
635
285
336
173
728
372
199
28
662
252
869
497
917
564
792
412
307
874
473
759
878
543
671
349
760
380
872
508
725
667
965
487
556
708
97
936
300
871
345
139
783
428
780
351
409
759
433
213
713
589
967
453
512
773
467
166
311
878
895
479
230
814
579
631
580
761
547
712
826
538
834
606
892
460
543
233
965
487
242
106
108
979
528
748
464
675
754
653
623
313
429
234
177
54
494
703
251
139
647
320
34
947
527
248
64
997
131
958
339
156
541
253
951
537
226
930
835
407
941
487
575
303
631
657
559
343
626
328
186
98
988
482
776
559
663
310
645
269
578
264
709
329
835
425
569
250
641
718
883
584
502
759
850
426
211
67
596
315
904
463
946
458
784
632
761
351
33
916
84
26
443
283
940
545
372
156
269
829
381
125
456
815
704
422
543
797
515
685
141
930
630
311
760
674
752
433
913
500
139
27
436
853
590
336
887
456
191
145
439
155
685
613
153
895
479
780
103
52
724
624
725
345
574
634
880
456
584
706
358
177
347
169
366
808
198
893
960
530
992
504
610
656
477
317
265
144
208
965
191
978
553
637
722
647
702
365
343
156
344
848
603
730
527
813
450
169
386
751
131
959
299
908
503
755
437
754
459
682
370
726
237
817
909
486
560
730
919
469
290
900
906
476
228
913
10
981
233
108
328
757
730
677
91
113
249
57
938
539
566
262
330
201
913
514
124
890
793
356
530
318
212
40
475
236
434
749
644
649
563
231
58
23
625
691
212
98
476
800
494
245
436
196
103
979
955
506
705
297
328
858
654
267
903
546
955
456
465
729
472
273
862
501
672
326
759
318
439
750
447
760
414
211
638
383
842
616
685
415
715
600
933
412
200
82
371
908
463
758
744
610
918
469
254
949
513
239
136
68
671
315
172
36
537
669
98
973
217
873
656
668
476
668
144
18
768
557
233
160
264
867
342
796
286
93
239
839
673
366
470
240
787
569
192
158
655
331
603
308
682
583
705
684
88
53
240
831
568
308
917
503
81
970
70
17
180
127
241
112
588
718
786
405
682
669
519
694
445
818
618
353
112
66
747
383
847
446
234
846
196
829
245
159
763
680
569
205
868
478
827
452
112
964
21
46
976
460
396
183
743
295
873
647
897
489
342
122
136
19
625
258
491
715
715
707
817
593
777
618
631
625
385
173
879
560
119
926
364
190
204
103
278
861
939
481
51
900
820
412
271
824
820
402
786
566
582
308
140
6
162
142
500
676
537
340
800
440
739
427
660
344
587
299
428
250
807
459
701
628
778
599
655
272
41
116
422
213
359
877
686
363
267
129
965
464
569
728
648
301
19
37
542
678
235
121
833
444
500
723
64
956
532
266
850
495
83
963
129
49
420
851
574
323
357
836
191
862
5
987
506
246
662
688
385
778
739
426
130
955
523
286
965
479
260
815
209
160
677
643
98
894
835
460
432
218
160
115
643
608
221
125
555
248
539
311
47
932
740
700
635
671
790
442
205
907
429
792
477
760
232
918
129
51
304
97
328
842
438
789
647
716
77
112
657
329
69
8
705
628
931
445
667
592
698
674
943
411
886
411
391
828
786
653
367
167
87
943
702
631
778
694
685
643
552
276
772
402
792
410
350
169
71
14
724
544
520
834
458
710
940
470
808
405
795
638
615
313
320
806
225
59
594
286
819
493
546
734
557
638
580
305
160
973
849
438
912
459
67
940
262
833
706
645
234
889
850
451
748
584
422
717
348
142
919
562
15
936
944
448
299
778
146
939
777
436
373
818
901
418
753
658
713
708
224
846
190
86
509
719
875
498
255
956
967
578
667
292
712
595
430
802
368
165
577
302
551
308
609
292
113
858
92
32
711
741
33
5
345
852
126
860
927
533
511
261
678
288
529
178
502
155
217
874
961
472
556
752
390
107
511
235
350
836
204
943
741
674
127980.0
666
719
561
769
185
80
318
134
379
224
598
319
571
277
940
514
431
206
302
178
875
496
735
316
240
877
125
996
428
851
294
842
149
92
882
484
221
896
629
728
94
80
251
98
890
589
774
586
166
91
632
727
437
201
571
275
630
721
719
322
196
89
762
349
116
68
129
969
660
353
764
660
436
763
825
505
290
130
978
490
331
812
875
465
202
163
662
329
378
886
52
2
660
640
185
921
449
232
476
204
458
752
505
743
263
789
369
828
923
518
385
856
500
241
773
453
673
403
98
964
756
378
818
602
890
557
286
132
362
870
141
107
452
192
360
184
75
933
601
298
707
690
895
482
538
689
386
813
705
619
48
941
394
808
920
543
822
360
744
657
273
215
515
297
925
539
817
551
771
643
991
462
706
373
981
414
689
302
77
12
100
40
169
945
857
665
722
667
394
252
365
759
864
422
923
449
585
305
364
801
253
93
844
612
411
137
696
339
546
236
427
220
876
498
915
440
795
598
430
856
884
608
213
881
173
92
409
161
465
240
671
284
709
589
532
780
191
945
589
322
226
844
625
606
204
123
421
790
36
90
83
140
325
866
538
662
898
556
225
65
861
544
985
479
535
688
701
293
782
620
839
575
97
933
890
429
685
342
543
744
681
669
562
658
661
688
771
657
519
694
445
227
851
446
458
221
773
590
118
874
514
755
864
607
901
548
712
376
729
682
250
83
202
886
450
799
788
358
397
855
329
196
267
937
332
208
928
522
258
153
645
350
150
142
517
786
617
266
806
622
915
499
96
938
357
214
752
643
915
487
229
893
140
928
751
325
272
151
420
128
77
950
807
381
831
612
723
455
934
514
597
289
237
914
390
767
470
263
123
102
938
426
985
503
744
334
618
719
326
894
53
20
87
119
743
439
676
262
633
728
428
762
184
63
467
185
495
220
318
900
443
199
114
34
264
164
545
208
455
223
705
384
454
181
307
115
904
467
523
207
915
563
64
11
949
483
258
88
39
74
261
927
326
167
598
355
205
950
101
941
740
373
553
775
396
773
859
445
113
60
776
648
615
614
140
977
480
826
526
294
627
334
643
678
107
980
664
402
124
987
455
197
557
704
265
855
143
74
916
572
713
673
305
92
697
658
781
422
975
526
661
293
555
807
930
423
709
716
756
607
481
293
600
262
373
839
699
687
739
306
728
614
697
353
757
605
64
951
192
65
317
170
780
481
786
593
165
78
474
747
119
996
463
752
97
916
502
257
11
35
315
170
727
414
687
380
151
943
833
434
195
933
206
116
344
155
60
961
159
71
818
588
569
698
714
372
224
875
566
740
777
606
823
392
534
268
171
976
411
178
722
635
991
485
33
87
183
907
256
877
262
845
567
194
879
548
654
372
525
235
336
142
811
578
286
843
704
592
750
641
370
153
528
269
323
781
523
231
423
742
892
610
965
543
221
119
155
922
813
583
361
823
560
650
642
357
940
596
331
883
110
895
412
822
604
244
488
278
804
447
740
335
748
456
394
774
835
360
245
109
272
884
245
938
422
238
944
594
41
6
930
530
359
178
811
681
932
405
511
759
134
931
351
814
801
408
756
584
974
513
932
538
680
687
622
731
462
729
959
445
759
295
824
454
577
759
171
973
456
747
177
90
847
596
306
882
850
546
440
227
723
626
17
946
535
256
312
781
780
573
484
251
104
91
474
759
856
441
142
86
183
910
193
62
578
696
383
263
155
95
163
54
608
656
547
321
456
243
771
637
44
40
474
796
946
538
403
171
222
935
806
427
87
25
872
513
505
730
171
942
908
483
93
970
356
792
772
596
93
36
547
336
550
239
737
637
256
114
388
267
520
255
164
166
135
926
220
906
299
155
315
127
626
373
353
806
546
745
35
947
712
433
947
460
712
383
561
287
931
494
766
688
467
258
635
261
393
766
146
71
785
384
602
377
554
293
536
672
782
631
851
564
464
761
68
974
878
360
365
265
668
332
966
523
731
617
728
356
563
692
298
152
30
957
399
807
966
494
462
207
639
367
676
651
144
114
920
567
985
515
153
53
413
215
686
310
202
18
927
619
898
433
495
249
121
937
758
408
183
39
924
549
402
205
130
47
918
583
343
226
894
500
572
327
626
322
459
231
34
1000
549
301
885
538
153
69
739
328
541
781
892
490
227
118
368
774
675
598
765
626
624
682
220
142
161
965
525
212
19
993
182
67
92
50
983
558
602
673
465
736
207
890
206
862
277
195
851
617
369
206
272
858
501
716
288
97
128
122
541
281
129065.5
503
222
438
282
274
855
192
860
526
759
557
757
521
664
839
446
458
778
335
851
989
441
554
683
253
97
1
75
191
87
365
180
256
896
909
450
183
115
486
307
261
830
169
982
776
385
847
457
206
850
492
276
327
810
660
671
656
315
606
674
238
829
663
598
315
844
85
98
581
734
603
355
410
158
931
438
287
831
870
542
300
166
961
581
329
773
515
755
211
48
22
986
727
392
195
128
539
690
426
815
557
326
675
341
539
277
283
137
957
532
388
176
480
694
980
474
804
633
107
43
773
654
783
466
988
478
187
936
294
185
314
887
345
887
459
749
115
14
562
709
607
238
983
513
663
382
333
141
720
370
96
78
500
264
902
491
832
582
720
375
404
745
574
703
979
425
822
362
616
347
983
569
827
645
720
683
617
719
37
986
77
918
288
134
811
429
809
382
511
786
488
182
862
651
973
475
704
685
534
266
190
894
923
457
199
953
671
693
465
824
480
832
892
524
951
489
879
380
211
73
762
370
146
68
126
993
339
783
367
821
735
622
713
368
351
130
140
69
725
643
300
134
756
438
282
807
435
221
287
816
157
932
154
119
649
389
992
478
148
836
889
358
931
475
572
266
559
757
793
353
864
449
173
90
734
659
854
576
511
277
735
379
657
284
657
283
803
379
618
333
347
857
722
633
273
849
832
485
278
175
419
196
682
325
866
430
754
634
497
241
114
941
297
131
479
261
794
594
261
55
281
883
33
3
443
706
915
500
429
790
635
616
401
819
555
304
463
703
636
332
979
422
298
153
461
793
646
324
982
455
158
72
180
71
673
705
330
884
182
919
85
25
899
550
741
401
930
603
948
545
506
792
245
178
343
166
631
714
203
873
916
478
914
542
700
579
540
265
200
172
16
929
293
821
889
617
570
712
458
241
656
320
206
864
305
849
445
769
289
136
369
737
76
870
299
788
472
821
512
780
853
582
359
853
238
894
934
491
321
858
893
372
3
912
940
587
118
997
198
859
211
165
310
782
657
650
150
71
250
131
751
665
425
167
541
322
976
556
122
844
695
389
868
408
135
13
393
240
594
660
615
682
607
274
116
83
753
653
86
9
237
861
575
272
232
63
184
982
972
515
685
325
254
880
572
310
757
647
905
568
646
627
467
247
798
636
641
337
773
394
593
708
570
700
333
125
698
413
704
640
839
374
708
707
844
432
120
87
211
871
335
797
980
569
895
448
182
867
681
350
69
71
611
339
100
39
496
709
51
972
362
762
739
598
573
717
84
94
830
620
124
7
181
926
303
798
14
29
195
896
889
511
763
370
612
669
175
92
505
292
873
425
709
648
601
706
167
71
508
753
772
464
949
468
195
889
258
82
103
31
331
201
561
733
895
499
752
594
401
824
422
811
829
499
232
158
814
367
686
374
200
914
607
684
347
215
419
730
454
186
890
437
993
491
316
823
218
154
718
363
196
83
792
382
734
605
665
315
211
113
183
8
456
251
345
818
514
682
966
575
676
610
858
514
404
149
656
686
223
875
165
20
106
12
530
688
773
335
116
946
927
435
539
733
568
345
820
640
485
270
244
78
336
202
675
637
812
359
883
542
984
544
564
326
623
360
591
313
761
618
581
661
930
449
535
201
106
102
383
202
103
898
672
321
192
149
727
370
461
828
763
362
44
59
533
734
270
148
892
411
331
832
186
927
485
311
894
635
291
823
253
107
138
992
685
321
446
744
63
953
109
962
665
266
734
640
373
837
819
422
166
900
374
218
908
528
423
809
177
142
972
512
5
989
958
410
537
345
28
14
919
493
186
123
344
146
750
320
76
987
778
630
597
733
768
370
241
929
597
703
479
702
163
933
263
137
63
20
256
802
285
940
776
592
513
235
524
195
181
98
902
517
928
443
872
583
538
691
994
510
722
336
654
695
641
654
507
174
113
870
785
618
810
614
514
685
641
393
725
401
815
472
600
335
119
7
838
596
607
721
790
594
864
463
832
353
739
698
532
302
220
914
237
114
479
200
889
451
414
812
858
552
570
287
336
873
780
422
926
395
243
853
477
810
596
741
27
981
886
442
877
565
626
696
81
47
685
635
83
998
871
371
344
803
144
917
850
357
463
809
890
418
610
731
647
690
509
706
32
80
542
727
866
435
144
964
648
675
477
259
949
504
219
946
326
148
836
489
688
397
684
269
195
906
111
95
426
758
90
94
196
953
99
993
910
425
601
284
558
297
367
199
349
111
400
774
757
446
558
746
383
227
686
337
329
803
422
791
486
708
130374.0
459
705
626
698
288
203
289
56
441
293
470
161
665
326
720
626
413
197
398
185
914
607
737
413
357
808
81
945
165
906
383
739
228
124
889
501
97
959
729
611
387
262
117
94
838
537
909
619
379
215
635
643
315
154
694
396
658
603
626
395
285
209
753
440
375
150
345
842
603
295
705
687
404
853
839
582
151
71
976
505
249
887
893
511
590
307
482
240
94
907
88
17
833
633
102
957
611
381
520
284
586
678
636
723
719
647
191
879
878
407
365
756
565
292
945
510
844
459
84
899
630
342
992
566
850
572
189
100
340
829
210
121
263
59
443
222
80
961
558
337
505
757
926
404
750
561
411
780
580
721
108
939
640
652
988
482
838
403
704
719
525
288
760
363
980
503
666
599
774
652
993
523
645
383
629
394
581
255
32
77
78
28
344
870
941
586
785
569
348
228
384
815
673
251
928
521
628
288
480
773
369
176
849
538
10
10
600
240
472
254
342
231
829
406
914
542
641
677
27
965
737
674
93
989
102
50
534
302
375
118
702
393
822
572
197
947
222
853
833
411
268
828
983
467
391
265
529
789
293
174
238
120
188
895
739
576
864
562
380
264
730
700
958
435
446
809
511
291
688
597
725
625
151
857
595
344
704
345
734
639
821
650
484
762
651
677
823
522
570
756
269
86
687
329
266
118
984
512
297
809
544
718
647
738
993
496
690
360
513
794
105
88
283
793
599
657
863
421
86
973
176
108
58
977
719
394
985
487
433
184
810
475
411
211
613
696
646
338
626
743
767
629
486
758
386
242
577
703
935
582
230
939
107
871
439
209
333
208
250
141
101
1000
803
390
748
623
686
385
993
478
462
269
389
846
375
781
476
290
244
175
963
468
862
414
737
396
553
713
266
910
194
129
473
199
654
291
612
317
442
753
585
714
453
224
306
90
426
272
123
940
459
260
262
121
441
308
301
193
535
320
887
488
286
134
243
155
843
594
289
194
788
650
83
10
825
431
15
78
332
236
329
820
491
258
571
288
202
912
264
794
604
284
418
750
689
699
829
391
373
246
791
673
685
691
104
924
471
766
682
405
560
340
709
637
187
817
750
409
55
988
190
57
505
691
94
968
145
91
964
418
691
654
182
114
540
787
654
334
739
355
854
463
608
677
783
418
571
727
794
638
480
243
507
239
285
885
940
509
776
406
806
578
590
257
850
538
289
823
147
60
436
156
839
422
907
483
270
223
670
733
151
862
712
588
87
994
665
388
136
116
451
233
672
341
556
295
197
932
805
464
130
919
122
73
452
175
78
991
208
183
993
565
830
581
688
325
277
818
673
668
852
598
804
402
500
287
189
913
444
227
991
465
937
484
376
185
297
880
114
1000
383
892
371
170
984
593
809
497
305
122
490
207
911
451
220
925
741
626
835
567
10
10
750
341
546
703
433
230
430
770
942
540
978
509
351
214
432
764
752
633
347
818
748
647
711
401
467
759
151
920
3
976
459
814
251
140
663
399
807
368
689
319
951
545
382
770
565
259
197
26
12
985
85
1000
744
374
604
681
214
139
941
590
543
354
710
683
613
299
530
656
149
972
393
861
750
291
590
736
976
508
938
546
756
633
764
672
525
745
948
467
656
265
830
596
469
742
221
873
354
773
144
125
476
750
323
903
736
683
482
236
760
601
216
858
453
183
215
871
982
497
190
119
98
64
595
760
594
274
359
162
265
941
43
15
700
591
428
228
69
98
93
9
391
808
571
268
426
185
893
482
222
43
428
759
907
571
440
211
307
888
878
406
30
14
835
621
695
699
78
993
943
590
192
871
280
846
641
744
170
103
657
376
613
277
829
615
92
44
588
253
530
200
42
34
286
927
86
926
389
157
206
115
975
505
414
731
329
808
134
972
940
427
731
613
979
467
547
289
995
503
742
577
623
231
711
268
425
741
355
187
761
310
789
342
644
386
748
615
907
525
863
622
760
662
18
988
660
351
603
269
797
306
946
597
760
550
585
215
462
785
190
109
57
975
343
769
919
551
293
134
813
350
624
682
279
201
921
546
778
549
287
167
211
100
400
171
145
93
756
606
876
429
672
284
106
935
760
310
120
60
785
682
545
262
255
174
808
585
537
260
954
492
567
325
619
335
683
295
273
875
476
193
938
483
94
93
498
243
486
810
891
422
155
11
185
952
986
449
737
592
650
690
162
150
192
946
489
257
227
816
205
60
110
12
685
657
581
697
598
768
298
847
277
846
460
207
800
602
567
276
572
682
761
649
375
201
308
199
445
212
130053.0
652
389
722
321
360
885
153
849
666
698
318
938
769
620
576
284
510
751
436
736
860
448
795
634
351
120
159
52
120
66
512
327
227
931
979
525
81
103
874
410
487
836
124
975
885
432
862
408
397
779
607
323
327
909
950
529
686
365
697
630
372
873
757
592
319
830
304
211
606
672
595
375
397
195
848
390
198
900
902
401
254
193
981
504
750
630
507
823
78
71
26
911
728
368
24
36
763
554
563
814
583
268
554
220
699
441
219
90
800
641
436
282
731
630
950
481
908
632
12
1
625
724
926
515
957
468
260
929
337
248
226
906
128
981
360
771
156
17
596
715
461
203
732
653
964
539
577
316
453
218
149
138
653
263
915
582
715
693
441
259
646
724
661
716
902
461
857
374
758
327
890
414
644
656
727
585
467
770
231
881
123
993
311
115
936
451
794
398
425
817
342
112
535
673
964
560
705
641
572
314
183
908
884
366
103
942
398
759
558
753
463
864
806
645
975
519
793
382
118
72
608
361
61
58
271
855
521
777
241
937
773
682
768
393
155
29
298
213
831
635
319
74
929
491
546
802
415
191
365
735
150
872
222
153
810
399
949
412
608
701
756
383
748
630
272
103
601
638
784
383
615
305
328
204
635
693
641
625
710
337
820
425
586
296
709
287
963
572
477
279
107
987
603
711
120
954
879
420
357
223
465
185
347
165
929
552
679
716
498
280
77
913
563
295
611
248
687
661
29
93
52
970
102
45
747
562
943
444
412
775
893
547
553
755
746
345
588
705
349
162
833
364
366
149
487
721
619
268
725
377
118
56
328
226
291
821
385
833
243
875
50
16
804
570
601
302
731
699
870
523
480
755
210
63
539
299
528
680
329
785
947
547
931
544
951
533
580
249
120
24
264
953
540
732
638
664
469
760
506
260
493
208
549
744
265
840
457
813
22
14
470
773
324
873
545
691
383
743
734
645
919
479
340
894
377
762
668
332
368
795
759
356
76
981
859
538
125
922
519
688
304
218
488
684
565
792
242
104
431
257
663
696
495
243
583
244
888
541
536
756
709
409
770
368
181
70
424
268
699
665
773
567
641
365
367
147
761
672
25
24
91
944
583
309
64
98
133
896
755
664
715
333
224
893
346
149
526
757
786
614
741
624
531
224
740
648
516
338
568
287
557
762
519
682
150
56
899
486
768
602
938
463
588
655
821
408
498
252
64
902
258
943
982
538
885
422
527
723
484
182
131
65
842
394
58
24
795
534
353
811
358
776
683
745
512
696
112
99
996
505
151
167
85
892
335
745
50
28
346
801
858
436
974
462
678
641
318
153
565
250
792
457
772
577
615
751
267
181
518
698
912
564
835
568
335
836
224
89
75
29
166
44
236
905
774
316
1000
419
290
881
373
872
903
567
84
87
756
428
850
413
84
980
743
638
667
391
523
676
434
263
899
454
876
580
511
728
535
262
822
375
420
169
803
407
683
631
558
220
155
159
145
99
304
147
253
936
706
655
778
543
697
720
899
536
543
255
518
763
5
938
5
83
18
73
712
590
486
241
283
778
860
400
627
712
587
225
518
719
786
358
129
100
275
61
612
613
612
320
966
586
992
506
777
391
700
344
484
202
854
618
485
739
883
430
391
226
222
177
516
318
162
972
561
247
54
21
583
269
511
765
796
381
348
160
366
827
374
180
944
499
120
958
192
893
481
293
447
798
206
887
211
61
9
909
886
499
435
810
230
829
60
922
356
252
662
692
454
736
982
433
32
952
496
276
824
480
315
852
253
76
918
555
59
908
613
314
539
228
92
16
954
479
394
218
218
125
522
295
281
895
825
573
583
753
782
351
68
900
450
829
411
855
103
974
142
123
49
59
360
832
277
828
877
475
498
219
247
118
55
110
663
673
760
458
945
553
498
711
843
408
742
414
382
761
517
667
615
321
383
788
615
603
789
607
753
633
718
330
929
448
712
281
823
391
64
28
630
725
531
695
493
723
730
350
758
393
366
752
488
219
338
795
154
55
419
204
866
369
289
776
661
641
673
282
299
873
953
503
972
500
292
794
232
945
306
787
270
884
802
367
975
483
570
753
57
15
604
682
145
989
659
330
538
796
272
859
875
402
542
681
976
552
608
758
709
684
604
748
307
189
390
819
904
532
203
887
488
771
382
184
899
604
77
923
219
91
939
591
830
463
577
299
346
759
202
113
660
686
352
214
183
878
84
970
820
421
745
355
384
227
284
161
382
247
434
790
928
494
477
811
558
251
643
283
362
781
470
736
419
726
129482.5
698
593
622
630
79
33
400
192
686
367
226
156
837
433
628
668
427
202
569
222
922
519
836
438
284
789
21
968
89
888
783
588
194
158
959
565
327
819
731
613
250
69
75
102
931
595
863
593
553
297
638
689
46
5
888
435
749
632
653
327
296
189
723
312
323
81
415
776
745
403
837
602
512
781
826
555
136
105
638
671
464
720
867
429
739
358
319
205
166
833
322
168
731
676
15
926
928
387
496
213
638
723
394
738
822
579
105
912
861
441
509
813
756
395
823
618
857
399
46
905
547
365
968
575
971
571
153
161
616
721
264
137
88
102
420
184
12
989
530
327
460
841
544
263
928
505
628
719
488
749
278
769
547
778
895
407
758
365
562
715
505
176
461
233
957
469
728
612
682
598
810
682
750
388
792
343
479
271
349
182
9
40
270
840
778
612
977
502
286
192
130
886
667
380
930
413
727
310
624
706
50
20
759
552
106
7
389
167
465
248
314
187
594
339
986
567
803
668
203
873
662
712
52
958
444
245
473
172
125
96
447
222
820
589
103
904
246
868
809
436
122
914
837
583
293
117
281
872
398
197
277
149
240
817
792
679
856
590
563
358
662
699
700
288
242
860
719
362
688
694
595
627
525
708
716
316
677
374
681
640
896
506
631
762
477
734
962
465
545
692
82
44
578
369
196
105
854
486
522
701
392
752
255
824
881
367
627
271
397
807
207
160
440
786
426
799
727
374
171
865
121
26
118
942
793
443
841
552
358
158
991
512
474
163
706
728
571
267
402
755
860
594
209
923
572
227
625
696
769
666
56
935
395
756
412
271
385
266
102
37
56
997
764
433
683
636
609
323
992
451
518
332
237
883
571
683
637
316
567
279
954
536
906
457
882
475
496
827
13
959
24
71
687
343
616
278
475
305
642
658
403
803
403
178
169
94
463
199
45
955
522
312
117
66
639
256
443
272
753
303
956
470
265
119
464
320
632
604
396
162
746
681
111
34
995
550
83
2
648
289
428
787
496
257
487
243
163
922
351
818
547
261
459
761
512
662
958
528
512
235
862
610
635
674
81
964
373
832
609
298
993
515
789
646
280
814
637
390
51
908
34
16
572
659
66
990
182
129
778
362
701
705
358
207
322
761
533
258
789
318
775
458
391
734
543
266
773
582
622
752
486
240
683
384
197
930
1000
507
693
388
933
453
878
441
860
607
438
793
257
146
108
29
975
509
913
514
630
279
321
891
93
938
915
541
163
912
808
418
223
116
314
150
457
155
616
372
106
999
966
536
193
917
145
57
619
286
88
958
571
288
846
508
904
491
696
379
263
877
397
770
898
642
843
363
412
221
294
789
570
217
862
348
683
344
444
218
153
888
148
936
64
951
243
169
562
778
728
640
382
207
193
73
882
459
102
936
828
535
872
617
48
34
675
308
729
668
762
424
464
833
820
634
709
325
689
348
599
722
620
721
253
904
838
566
855
425
396
734
238
911
172
911
324
791
179
130
592
342
932
532
518
289
884
438
535
759
429
137
202
53
175
909
203
942
834
386
545
718
588
316
805
610
646
365
452
718
675
305
643
720
156
860
47
946
756
306
580
773
869
456
992
482
903
519
627
747
417
760
764
455
444
245
944
516
464
710
269
883
670
679
84
108
593
714
159
883
423
811
373
187
615
680
316
835
324
96
319
879
973
474
177
102
319
135
606
701
366
249
350
174
197
925
250
138
924
589
345
109
478
225
123
71
384
811
642
339
486
190
850
505
56
50
745
630
999
488
340
138
66
963
769
424
242
184
638
709
583
712
12
974
880
540
324
849
243
829
521
725
207
78
925
417
652
310
648
715
124
7
192
107
210
142
178
124
184
916
161
875
526
266
397
256
978
469
356
804
165
949
148
888
646
264
953
559
901
543
589
298
911
517
758
609
615
310
580
310
649
652
557
264
723
358
760
440
659
273
784
589
783
568
561
696
826
607
197
923
644
345
668
287
458
248
705
565
781
654
605
346
436
811
392
282
54
914
433
752
813
599
457
244
626
340
536
732
235
72
908
536
951
513
306
199
238
104
422
191
200
148
735
601
912
457
442
273
127
903
714
334
109
71
603
741
354
176
317
114
633
692
677
280
882
435
527
262
570
228
585
271
534
754
439
239
927
529
241
177
491
200
399
864
620
297
59
76
227
816
749
385
781
597
519
786
449
268
170
856
579
309
515
763
239
25
72
8
738
595
710
587
392
753
396
843
336
835
289
131
976
565
506
283
352
822
498
796
273
138
668
334
496
178
130545.5
821
490
669
312
18
974
406
807
838
583
447
776
988
469
547
265
394
883
556
763
843
432
853
584
520
259
119
121
223
29
803
412
403
794
978
492
431
161
783
419
160
940
142
975
937
440
782
321
567
713
683
378
89
985
882
589
643
302
514
746
494
786
596
663
321
828
452
205
675
694
983
496
540
301
915
462
334
865
624
294
530
244
935
519
704
562
543
739
254
76
351
899
658
242
186
72
743
544
321
818
695
377
639
327
682
339
135
58
779
652
321
175
869
551
702
376
736
653
134
57
685
654
964
512
889
497
336
880
509
272
200
949
234
931
397
777
112
36
788
614
333
116
627
684
941
503
433
228
526
313
472
309
338
169
742
607
689
733
636
374
471
803
612
687
984
552
895
463
940
454
626
384
774
704
745
612
449
735
291
856
35
952
146
75
756
388
966
406
414
797
248
77
744
665
698
681
634
626
562
229
149
951
909
368
18
893
405
733
484
828
279
890
519
721
814
423
597
273
129
49
556
294
99
83
559
772
285
806
238
808
511
697
882
433
148
16
180
76
896
551
38
30
755
373
128
971
124
72
444
711
413
790
457
247
612
282
813
386
734
619
518
202
672
668
311
208
786
637
754
396
738
389
534
206
668
743
855
556
828
397
910
403
433
274
555
271
921
550
485
267
138
974
788
578
141
871
976
606
562
289
361
163
392
192
684
593
534
664
437
195
352
819
336
196
446
290
869
593
244
191
87
896
131
66
863
511
904
491
365
746
882
459
419
758
576
318
717
643
618
301
826
427
157
156
538
774
717
354
586
349
202
57
558
292
495
758
508
816
90
945
76
76
907
618
762
341
695
614
885
469
579
698
73
43
513
251
696
678
526
762
901
389
943
526
851
557
286
183
48
49
175
831
645
754
510
797
599
717
780
361
493
276
209
916
246
948
438
809
132
27
528
778
199
901
553
781
663
681
613
774
840
609
236
921
624
606
724
423
313
826
528
234
144
958
937
395
85
989
608
640
495
294
529
790
503
741
259
124
254
105
623
668
502
190
678
437
863
403
530
665
774
392
777
408
99
52
367
253
489
797
916
578
786
413
346
242
943
522
208
110
152
918
605
241
86
20
296
855
675
607
556
247
409
775
532
290
342
839
697
582
853
586
471
228
561
708
989
492
458
162
471
717
658
646
111
122
842
565
654
686
954
508
832
617
833
444
563
293
282
938
99
906
897
461
935
584
486
724
298
118
175
108
957
531
172
171
786
625
214
914
246
909
387
826
841
562
90
11
824
459
213
144
230
884
469
747
48
93
701
669
846
451
954
522
726
679
333
149
464
275
732
296
771
658
445
726
299
126
457
700
647
635
807
624
440
869
91
31
29
39
55
1
367
786
447
176
567
291
381
772
151
866
839
590
88
56
867
440
676
358
8
948
561
772
751
327
806
560
298
125
724
438
692
660
781
658
523
341
591
282
308
155
939
492
987
492
616
278
121
25
89
12
459
162
309
858
774
588
970
464
520
699
834
609
476
271
87
957
195
872
88
14
188
149
730
638
454
236
675
701
940
453
742
674
597
294
670
628
559
185
168
126
164
38
623
596
326
159
853
580
916
611
923
440
339
186
530
242
966
462
383
808
835
431
490
210
275
62
744
329
194
980
480
290
116
18
226
124
413
746
674
294
264
162
182
819
165
69
969
594
52
956
339
816
666
352
653
687
200
900
151
63
265
926
760
325
186
883
455
803
116
866
429
280
868
570
432
767
992
426
122
987
551
278
900
506
168
886
175
137
845
648
231
865
502
195
588
328
49
36
873
426
412
238
443
185
515
195
20
986
696
670
602
625
499
188
126
923
50
978
444
781
275
823
203
140
181
136
467
763
515
694
839
586
364
241
188
77
321
199
483
772
866
427
985
502
657
617
819
408
888
437
669
660
588
776
811
416
557
711
756
689
812
561
494
762
934
457
957
441
642
378
704
346
224
153
771
669
710
651
630
676
969
498
550
250
697
731
466
232
591
620
169
57
424
220
750
362
495
688
740
576
473
233
114
862
910
549
991
548
447
822
21
992
199
908
128
943
708
335
847
608
453
822
266
169
735
572
192
929
590
252
389
880
159
938
654
314
542
750
940
575
535
758
329
849
437
794
593
270
610
714
976
504
372
786
386
872
375
150
515
711
176
862
470
255
750
572
764
371
291
134
598
733
252
151
582
659
507
207
33
931
36
915
716
356
933
426
584
313
275
177
483
236
304
885
879
472
539
768
216
95
392
141
265
885
732
654
306
818
128750.0
958
445
650
692
113
85
532
248
812
473
543
307
878
521
416
801
271
125
473
328
797
605
770
364
486
679
196
932
70
962
844
586
454
276
881
442
307
927
808
541
213
76
22
74
928
598
658
660
583
213
662
674
13
88
767
338
622
729
565
276
435
180
660
290
279
182
356
758
525
272
900
572
472
784
921
478
297
107
672
652
430
836
932
485
896
497
391
185
49
977
104
66
336
836
151
950
973
464
240
84
613
686
677
742
738
677
94
893
519
259
328
901
936
481
816
586
848
423
285
849
705
308
894
440
944
523
313
208
572
787
168
43
192
65
545
294
63
957
872
393
267
784
557
239
951
523
567
684
799
608
676
686
301
771
657
339
588
358
697
667
491
264
760
363
934
527
992
570
862
540
848
585
585
280
703
388
462
177
267
83
111
68
152
985
763
650
776
639
423
238
241
894
596
307
577
329
795
459
418
822
68
30
656
669
91
54
528
209
390
247
321
170
585
210
825
647
667
643
69
929
720
653
79
995
480
180
479
231
372
166
524
284
829
550
49
911
111
868
776
402
126
973
867
575
24
65
61
956
488
219
386
164
471
816
518
803
900
573
849
429
392
817
805
375
391
837
647
379
751
555
700
703
547
710
462
283
937
431
848
595
906
588
526
736
557
765
799
359
508
662
166
103
777
417
292
66
687
393
563
735
245
916
401
739
853
443
643
257
437
754
389
182
519
706
613
680
761
340
324
792
366
204
54
977
999
512
890
602
551
354
939
506
502
184
727
633
692
367
551
785
910
613
260
931
441
202
599
698
718
646
279
848
610
666
418
143
405
220
119
100
129
900
691
342
581
723
912
485
850
617
615
295
156
927
468
765
589
355
426
255
957
523
945
574
725
368
354
731
188
915
364
258
428
254
452
271
489
205
753
592
542
770
162
62
121
97
261
113
49
930
438
211
34
18
585
299
607
287
426
157
790
391
203
70
869
491
768
599
384
165
467
793
181
56
700
632
15
61
699
322
742
614
509
248
437
267
198
839
178
889
772
397
294
864
885
523
946
514
687
304
901
571
848
565
269
849
659
663
368
119
742
342
759
628
525
804
950
529
100
914
183
15
524
810
142
921
191
112
734
408
497
844
535
270
613
747
271
179
748
419
718
334
407
722
658
291
941
507
357
793
637
313
552
286
315
841
905
527
561
227
968
568
787
461
885
538
763
624
177
29
190
182
857
566
780
405
598
265
202
865
170
887
957
487
217
861
847
410
220
113
101
54
392
213
984
506
7
968
873
533
371
838
256
107
412
207
231
947
527
288
934
461
924
500
475
238
284
845
661
700
525
678
729
347
508
290
179
965
514
234
575
281
811
399
213
100
120
988
99
909
125
917
408
138
469
755
628
656
294
153
94
42
829
355
298
847
775
582
807
620
128
71
476
167
541
686
828
382
294
819
876
586
706
397
758
419
537
725
595
670
262
848
969
435
915
586
524
680
83
981
159
953
338
924
243
71
829
495
967
497
708
317
787
475
568
731
73
21
292
205
73
946
391
837
557
289
468
761
473
263
847
629
780
355
712
637
666
356
379
754
214
822
122
989
750
371
336
905
833
366
674
337
874
638
485
772
491
818
888
520
467
227
950
541
579
696
238
921
746
590
66
109
423
776
105
976
140
962
501
309
394
802
277
802
299
185
45
991
726
319
44
19
446
164
659
621
671
392
161
31
193
946
175
123
626
615
344
171
250
102
273
130
555
626
831
394
508
220
783
641
80
42
601
641
962
568
32
16
267
790
813
416
293
142
376
801
597
723
131
924
734
600
457
716
403
730
325
891
139
50
581
311
823
349
371
825
23
36
7
56
301
162
298
111
412
819
223
905
471
173
514
299
834
358
456
694
157
964
408
835
510
294
766
672
921
469
745
300
702
627
956
497
551
290
514
255
839
524
478
265
587
236
943
441
544
272
742
624
851
627
764
584
599
737
249
911
605
266
715
379
562
313
949
536
467
849
531
180
468
743
842
374
121
920
446
845
835
575
584
229
866
522
538
776
216
140
848
481
789
400
265
105
78
44
273
120
127
1
607
698
650
336
341
257
347
835
883
361
230
142
489
711
264
113
54
39
454
761
463
233
820
483
396
224
208
142
392
169
680
653
565
271
994
513
380
224
298
179
316
768
449
190
94
56
476
838
914
505
716
641
79
959
537
188
336
894
733
430
389
847
125
110
183
82
749
591
874
514
703
675
308
874
479
857
341
162
978
511
443
238
170
846
183
886
196
179
780
426
300
178
127792.5
906
595
701
314
160
886
646
656
935
549
511
725
887
461
434
217
328
818
626
770
767
346
787
644
446
224
216
128
134
135
815
397
618
653
788
647
253
169
790
402
182
893
110
919
648
331
702
346
519
714
662
283
229
906
557
735
530
331
582
728
421
748
565
788
313
893
490
243
526
699
921
440
443
241
966
610
257
938
644
369
300
106
890
561
910
494
314
777
137
57
78
978
380
242
102
66
818
602
233
819
703
333
416
209
523
290
207
164
601
649
182
98
919
502
851
399
873
587
312
103
600
666
915
619
958
552
556
704
292
122
107
926
230
890
604
631
147
132
960
527
284
145
514
773
992
478
559
330
680
323
683
413
381
162
771
580
644
661
599
330
500
777
664
690
974
490
853
421
811
387
874
394
539
748
684
614
419
727
162
872
137
869
30
86
648
270
638
365
516
776
109
18
647
622
568
746
958
535
365
276
116
937
831
426
189
896
466
782
491
845
476
746
526
768
808
384
684
348
188
99
856
429
41
54
429
829
338
859
375
821
678
699
925
450
157
148
143
82
866
582
209
87
726
368
48
928
270
126
377
813
360
823
474
253
454
294
874
445
849
644
247
99
796
535
298
75
701
610
943
511
582
270
497
207
552
754
986
502
659
314
963
509
621
345
475
141
815
594
664
410
154
858
810
602
80
952
909
531
549
199
170
57
630
287
792
573
495
684
549
292
409
786
438
232
569
244
731
596
360
209
525
721
81
45
916
572
650
322
817
630
952
467
408
777
744
434
706
601
608
313
727
436
136
134
333
771
757
401
649
342
353
214
664
348
205
937
307
852
93
958
97
85
632
639
465
184
950
489
778
329
671
720
306
147
512
335
689
712
504
806
876
479
742
327
570
718
620
338
269
100
480
738
493
742
704
633
333
886
756
335
463
278
71
907
234
902
287
815
131
21
383
860
69
960
513
755
620
665
333
755
752
625
279
889
968
522
768
438
366
777
485
221
189
868
607
328
247
908
579
665
816
360
434
722
487
783
339
188
265
100
720
631
422
221
930
387
970
479
698
615
821
474
864
508
249
98
555
264
238
921
631
712
655
365
234
130
823
431
150
93
69
887
449
191
142
42
267
792
866
495
362
184
652
684
630
296
357
812
753
655
503
763
647
289
571
792
995
409
417
118
668
594
562
808
335
203
1000
543
415
751
884
406
874
590
801
439
562
280
39
943
369
810
853
517
870
617
402
815
241
136
244
50
883
447
179
95
738
618
271
895
64
913
343
785
907
509
79
92
932
554
347
93
281
890
490
699
145
111
537
788
817
599
913
589
562
716
414
198
554
272
637
389
523
751
406
786
122
129
363
846
394
819
707
667
324
868
153
104
33
31
235
69
220
881
579
309
647
386
421
753
30
945
671
617
357
132
711
353
829
421
149
940
261
904
719
356
751
718
345
117
898
393
676
630
873
491
534
203
724
301
409
183
870
554
1000
488
650
380
36
13
61
54
155
69
10
974
939
492
966
409
720
682
835
587
597
342
139
885
372
805
112
24
343
258
559
771
335
145
566
730
611
299
755
628
748
334
891
554
547
314
258
86
116
28
894
542
211
103
712
703
751
567
859
430
626
308
412
260
904
459
430
699
1000
526
744
377
147
87
829
402
128
890
371
210
58
44
133
96
470
768
282
168
319
115
364
892
80
7
715
684
137
943
160
932
744
425
848
628
17
938
62
21
276
808
781
377
211
907
323
820
118
920
615
286
636
690
414
870
841
410
131
906
715
314
840
463
9
956
373
205
846
581
251
917
382
170
569
362
25
43
797
315
489
302
526
236
190
170
62
949
612
611
612
692
360
267
215
885
78
991
230
843
281
860
434
251
249
151
313
918
699
691
662
656
717
398
139
109
374
197
619
645
598
292
898
467
613
683
729
335
870
539
573
727
419
822
769
386
478
706
362
775
707
643
494
802
832
384
783
327
866
381
462
255
134
21
609
755
814
624
608
659
959
501
200
56
457
748
524
207
726
652
281
123
296
61
761
332
423
866
910
487
504
199
348
854
867
520
818
544
232
880
60
908
223
921
161
928
522
202
535
741
519
655
272
195
737
540
307
867
641
351
376
807
203
903
423
217
399
792
910
520
297
852
114
945
408
731
751
353
712
634
950
540
548
718
272
845
472
303
266
905
128
853
339
145
930
467
678
375
100
49
476
771
240
98
851
544
172
95
352
811
226
922
834
438
925
420
517
237
325
126
377
188
340
745
993
503
537
794
351
241
149
19
312
812
916
515
220
921
128757.5
728
418
669
689
154
89
747
338
880
381
625
342
926
625
534
753
480
220
405
214
734
590
567
308
508
698
298
900
278
934
736
615
782
369
646
298
346
893
797
670
237
136
28
10
582
751
633
642
430
201
551
680
254
184
533
210
682
582
572
217
393
196
436
129
168
39
608
707
619
231
833
521
508
745
689
322
78
87
778
676
159
915
926
501
913
497
450
172
16
985
143
35
377
829
23
964
725
355
375
154
575
761
518
757
700
638
238
900
683
328
5
996
1000
478
829
502
865
445
317
829
546
292
879
463
823
415
588
380
191
960
94
45
183
129
746
300
265
929
840
414
184
898
551
288
887
523
569
681
526
720
917
572
238
870
813
441
658
298
626
604
322
163
630
221
900
583
886
580
839
517
825
553
599
277
636
330
478
178
180
121
294
96
220
817
523
749
901
550
594
315
81
947
702
336
411
201
961
531
495
747
255
160
909
532
176
28
406
235
339
237
354
191
501
265
852
587
706
556
198
885
961
483
106
965
370
121
306
165
262
163
615
373
888
466
348
847
100
927
712
331
204
931
851
564
52
46
135
893
397
285
419
261
555
776
485
761
918
499
865
454
99
941
856
393
137
848
717
336
819
398
447
808
448
725
500
210
861
446
713
587
961
484
672
598
344
839
782
395
790
610
188
128
807
326
219
133
924
505
477
725
247
865
563
806
816
455
675
361
520
755
417
190
306
849
365
842
854
430
340
881
587
254
57
987
813
482
707
701
725
415
925
592
545
293
791
608
965
488
621
703
876
476
408
772
477
191
888
539
727
560
550
686
776
662
165
10
342
137
38
11
219
819
691
425
247
874
967
591
650
596
522
205
368
811
681
568
524
308
417
132
884
425
632
672
488
259
607
735
182
940
536
362
552
213
672
329
175
73
734
566
579
745
214
141
223
162
393
256
44
987
289
68
192
104
432
220
685
373
444
165
798
339
178
67
973
520
906
504
639
317
352
787
298
166
731
624
281
186
740
432
743
670
413
220
541
305
385
896
185
994
789
406
383
764
604
709
905
442
745
370
864
622
931
501
155
844
514
685
116
134
544
309
720
595
160
961
890
632
133
952
195
138
351
787
225
869
348
116
937
473
469
801
615
288
653
690
327
163
723
293
446
287
728
623
358
213
865
603
260
837
827
409
325
170
387
781
845
375
547
287
838
592
891
450
941
576
657
659
208
100
370
220
955
455
729
427
346
237
291
809
89
915
961
519
171
946
851
476
316
119
83
62
385
170
916
512
148
851
844
446
186
872
131
63
640
256
220
852
332
134
807
415
688
359
457
217
434
820
486
793
683
666
538
217
406
290
372
838
363
176
384
172
725
375
400
205
201
903
150
899
127
913
235
128
643
629
774
527
462
193
118
18
655
304
196
836
776
586
948
517
104
94
117
87
827
629
692
358
226
979
795
695
637
289
939
578
562
715
687
634
289
889
911
397
908
551
766
693
121
903
159
920
215
909
121
71
913
421
730
631
711
321
837
373
673
735
248
214
507
255
127
951
573
687
373
225
204
939
609
282
760
633
725
402
495
739
977
499
739
612
118
946
169
872
980
538
321
808
544
215
874
451
916
495
594
625
565
733
961
516
678
314
946
543
886
544
216
813
730
681
201
161
372
792
26
963
187
957
478
208
413
747
300
892
371
192
82
957
671
381
184
79
231
78
930
524
723
357
166
143
16
998
511
265
727
683
150
131
361
213
240
89
588
684
499
261
305
129
909
588
261
130
527
695
799
567
130
90
382
841
939
517
171
80
367
735
695
731
128
997
579
730
588
617
565
716
299
772
91
57
767
351
615
331
615
656
258
162
114
82
450
222
302
94
328
839
414
831
91
26
487
262
710
322
688
632
324
829
232
866
775
403
476
794
866
561
738
373
711
707
843
420
595
348
271
135
814
583
606
280
483
260
632
337
472
297
695
610
667
674
600
703
550
662
106
898
632
307
737
452
656
343
923
529
144
917
484
240
414
776
788
390
133
975
166
911
635
631
297
90
898
485
533
751
203
49
852
457
861
442
171
71
115
95
189
20
168
77
346
858
533
350
684
251
493
769
899
418
256
201
738
624
433
232
152
118
383
749
493
220
916
411
275
120
144
100
448
180
600
730
733
388
851
489
564
243
288
153
691
631
79
37
272
61
367
836
786
605
814
562
77
955
439
179
172
927
741
376
248
866
387
145
151
65
939
476
852
543
570
739
271
870
246
899
568
308
980
479
446
306
552
698
114
901
475
245
959
448
60
65
130090.0
800
675
688
298
170
835
759
650
743
544
728
610
624
289
549
259
536
782
603
706
804
337
686
685
507
242
246
146
78
94
789
433
789
567
499
753
248
172
644
274
302
925
64
978
510
288
802
364
389
790
657
327
361
775
425
807
977
470
577
687
326
804
245
897
212
872
478
234
506
702
980
507
613
348
663
680
153
977
633
389
239
177
959
456
845
440
366
861
21
74
125
1000
280
178
25
67
841
602
270
903
585
257
494
265
814
353
100
43
673
698
149
62
988
449
918
430
976
461
460
201
549
744
905
464
720
633
680
710
240
125
153
887
187
882
688
672
6
12
830
641
180
46
483
808
972
528
640
234
575
240
808
331
352
185
933
495
600
780
915
456
414
818
472
836
831
417
937
422
987
499
932
541
595
742
645
647
260
874
255
840
140
953
477
265
510
207
974
470
500
767
92
63
569
701
406
843
982
477
595
253
341
766
930
539
119
984
438
809
524
670
429
743
405
764
789
448
995
529
104
33
874
528
124
11
329
797
225
908
313
894
855
547
855
628
257
70
70
41
610
659
258
127
829
418
150
987
203
71
580
724
681
676
400
205
340
179
953
590
933
518
17
16
865
567
422
232
536
743
798
617
316
187
544
199
344
888
985
501
824
413
873
546
705
386
387
184
942
530
714
347
317
909
530
705
160
947
996
461
362
182
139
70
415
179
911
605
789
641
499
262
400
772
325
212
315
252
869
577
99
67
405
815
57
108
853
606
705
323
807
683
815
483
590
696
687
363
900
548
579
269
942
506
450
263
392
760
857
424
965
433
618
285
620
269
18
947
106
943
106
993
347
114
907
517
299
146
933
450
765
438
275
869
319
116
800
448
548
747
126
922
822
580
758
340
476
754
658
334
193
37
774
636
456
816
786
601
123
951
910
504
587
323
212
874
207
861
612
711
2
24
190
946
71
969
478
718
641
690
375
855
561
704
265
835
885
473
956
432
448
781
327
139
451
798
817
436
374
818
879
553
712
420
583
713
582
763
251
175
109
44
840
547
455
181
649
296
801
541
666
693
824
429
925
521
207
150
654
400
242
831
478
772
782
464
213
113
723
306
100
106
162
880
352
137
380
162
339
793
908
577
508
296
630
696
606
335
250
900
615
713
524
674
797
356
392
767
729
364
371
256
827
531
364
884
522
233
735
624
657
646
740
397
960
526
977
467
783
345
141
934
446
817
876
609
860
482
507
785
419
150
300
181
922
565
175
99
812
567
202
956
118
938
410
786
817
420
444
238
935
565
322
110
188
837
557
772
342
214
280
772
754
598
574
703
464
825
330
194
532
291
518
257
340
792
682
669
360
153
376
725
399
751
720
668
432
713
104
86
242
49
184
19
361
836
773
430
977
452
372
757
155
907
563
709
377
264
716
344
869
419
46
960
124
886
862
436
744
557
54
31
644
279
558
730
893
438
522
299
775
333
273
141
810
623
871
423
705
399
134
82
245
175
25
3
175
898
937
511
791
462
684
694
789
546
561
317
375
862
467
833
102
47
631
330
394
856
225
81
683
698
655
369
783
691
609
284
840
416
723
418
129
36
308
90
944
406
337
116
393
868
871
582
932
527
767
354
481
220
987
569
669
598
928
530
848
457
213
119
718
350
455
806
440
285
87
9
76
111
465
812
613
342
259
81
386
899
149
89
790
547
109
894
236
883
989
516
579
686
411
779
3
80
523
759
710
314
335
808
501
761
317
862
497
277
605
708
256
928
781
397
256
841
616
307
889
387
173
955
347
232
879
555
133
928
633
344
381
187
54
95
402
229
777
413
487
273
491
304
282
850
617
746
558
736
697
444
249
881
83
999
457
810
65
955
185
106
271
145
127
985
543
790
597
664
635
350
223
78
282
210
747
598
336
124
907
428
771
640
451
197
740
637
749
573
308
909
837
358
700
634
578
764
575
749
726
631
649
328
755
390
756
386
686
418
208
9
519
737
802
612
760
657
831
402
217
51
454
712
412
283
866
611
12
68
135
94
822
400
221
836
954
556
361
159
157
914
855
520
937
477
284
835
276
900
97
886
132
926
207
123
776
640
442
845
427
279
783
561
470
732
668
295
376
798
198
965
610
333
504
701
865
497
180
909
92
964
467
801
712
365
738
623
906
609
362
834
425
798
749
436
117
865
122
863
372
248
779
427
802
402
133
133
404
759
183
131
752
607
167
38
279
826
167
904
918
624
997
521
434
238
248
74
342
143
526
695
910
515
649
636
561
294
102
72
369
784
947
455
118
885
