500
14
132603.0
756
694
856
474
937
388
135
87
869
546
231
859
671
764
457
987
925
615
256
106
269
752
847
616
339
851
640
701
487
375
581
704
683
453
615
276
361
254
171
951
209
965
575
150
985
467
554
918
996
635
507
176
509
140
176
243
260
810
760
611
662
484
876
403
657
243
762
137
691
418
231
820
362
266
800
716
155
138
381
272
120
91
431
867
823
325
764
642
943
506
825
504
777
687
203
865
714
470
460
867
983
501
449
395
226
926
731
516
647
329
195
176
227
771
394
796
998
543
587
588
152
877
247
143
333
149
451
309
338
254
980
473
371
663
391
174
283
882
57
7
355
936
548
546
338
890
106
959
300
187
165
998
323
84
792
359
355
690
543
380
139
932
220
83
627
736
380
187
573
866
906
549
330
14
434
78
300
777
823
746
145
34
221
13
800
191
252
788
291
158
313
265
705
690
290
86
697
577
123
970
297
30
331
125
594
319
583
276
957
511
535
603
610
132
950
586
698
561
775
341
616
348
551
707
345
45
885
553
193
818
559
417
284
149
320
895
932
468
640
557
277
57
247
84
434
968
334
171
810
486
321
736
900
519
309
187
354
892
629
199
132
22
570
784
816
747
435
891
45
906
445
196
878
329
622
756
536
775
228
114
279
80
493
155
472
947
627
308
600
696
842
424
366
311
834
522
505
378
584
832
45
2
919
263
547
900
869
432
594
791
394
265
286
175
64
1000
424
148
283
203
424
117
827
604
636
231
799
702
687
370
631
145
858
615
161
37
329
306
675
303
695
126
598
657
201
973
844
585
456
236
236
182
828
599
301
968
180
27
676
728
82
968
284
822
410
167
92
99
260
937
149
63
427
884
198
105
865
470
882
556
732
648
849
557
930
505
259
177
221
923
383
400
474
698
529
83
872
583
680
258
911
486
170
946
654
312
915
383
120
984
508
120
632
383
480
598
367
144
759
466
520
885
972
521
544
399
190
988
915
553
266
27
425
854
726
289
550
280
945
285
265
91
819
355
856
347
586
726
636
603
614
678
605
200
870
418
470
205
840
440
483
314
521
257
372
174
68
43
325
210
385
945
518
303
180
209
759
773
961
376
539
326
320
251
855
617
98
987
678
790
965
316
653
201
238
985
672
882
755
236
669
575
772
519
112
78
576
850
487
594
293
56
581
642
629
242
639
564
934
448
737
458
885
443
634
753
867
659
528
641
477
314
778
632
918
372
997
487
426
404
59
883
287
25
256
70
750
676
223
871
714
629
426
821
191
970
818
656
589
322
229
982
409
228
168
108
398
114
986
399
916
597
469
239
162
59
888
450
381
275
317
233
855
493
222
850
238
33
25
998
391
722
439
131
531
517
783
294
169
947
706
288
875
551
191
961
785
426
346
107
830
409
847
402
282
761
599
304
544
219
686
632
495
146
634
712
297
217
860
224
676
234
732
341
1000
307
681
290
401
104
740
575
262
950
360
980
592
404
889
341
553
494
5
5
344
170
193
53
692
348
956
488
421
458
909
499
324
699
785
149
428
693
571
198
323
892
903
417
667
455
492
82
645
261
659
360
219
225
717
483
643
760
68
998
175
871
919
471
914
541
860
551
788
410
900
422
137
904
661
434
746
474
279
856
131
992
535
896
109
133
514
628
777
657
98
885
780
553
427
758
911
330
356
995
303
830
349
287
322
809
42
898
465
222
311
736
683
873
675
666
680
562
361
82
843
278
955
392
599
233
976
382
187
864
289
878
500
692
632
302
741
509
513
779
800
692
175
973
702
727
327
958
778
700
623
878
262
192
73
943
513
354
597
814
444
335
891
627
677
546
185
240
510
681
659
496
706
294
903
596
530
637
951
562
821
422
658
553
229
107
729
738
623
354
764
323
227
87
915
664
146
88
827
333
337
5
692
739
168
58
468
956
274
134
443
925
415
685
389
75
673
412
106
68
811
209
416
208
452
244
369
292
986
783
823
651
904
418
273
110
647
667
675
732
625
755
224
42
999
572
931
469
215
873
845
471
347
676
815
522
569
776
349
977
287
845
159
931
968
614
435
163
431
329
192
151
225
274
202
57
501
951
500
727
211
948
160
76
174
19
131
59
644
707
74
101
664
379
146
982
831
588
421
790
221
10
304
803
857
721
996
478
979
456
551
905
673
446
412
842
493
428
949
561
900
581
862
606
257
672
802
425
762
725
454
237
749
431
416
301
565
900
864
403
520
189
474
371
365
951
705
689
858
571
688
680
717
397
402
265
197
784
549
799
533
724
712
468
294
982
125186.0
490
247
940
539
910
548
272
880
955
482
297
93
408
182
53
26
846
441
280
813
578
293
908
431
240
115
632
384
742
568
528
322
934
484
524
776
568
724
97
118
151
120
225
916
897
461
170
47
600
323
379
867
212
878
567
735
523
262
770
387
901
530
838
635
434
833
179
960
788
663
235
126
453
757
627
253
269
838
467
816
172
913
150
86
595
752
790
378
959
532
931
483
763
365
287
170
885
547
348
124
959
464
699
692
261
157
900
491
591
707
322
818
347
135
431
137
858
461
731
330
316
201
353
820
423
797
732
615
477
720
920
527
585
244
308
824
300
121
67
962
162
72
741
354
43
31
273
136
432
755
87
19
334
846
659
689
525
296
730
643
215
143
148
870
568
274
458
820
109
73
877
356
138
956
17
997
445
265
579
342
15
991
110
947
397
809
350
161
228
838
589
765
682
365
141
875
830
337
112
40
88
957
262
858
678
722
403
774
934
421
803
308
321
899
939
513
879
447
874
567
647
621
562
350
126
868
901
442
450
187
755
574
351
897
74
36
866
549
807
404
76
900
130
987
210
107
446
798
865
525
472
174
862
423
252
913
205
40
312
812
27
958
418
242
504
323
46
26
278
113
495
729
707
656
395
179
416
251
143
887
284
887
398
763
79
26
652
638
615
220
967
544
697
594
895
537
675
698
310
206
111
988
665
637
175
73
822
529
332
198
508
703
229
882
36
15
323
867
394
771
230
797
794
345
594
701
546
275
703
598
171
919
775
407
85
863
623
695
752
619
338
843
659
358
24
22
801
453
398
850
502
737
790
327
212
99
109
936
609
332
90
21
452
220
461
791
227
853
37
69
50
947
113
39
130
995
984
556
892
442
649
323
855
417
937
522
215
875
44
27
760
605
681
387
230
823
952
498
426
827
873
459
59
89
524
697
736
681
100
101
208
828
829
628
888
394
345
857
979
450
174
74
961
515
706
673
34
30
717
349
240
881
341
154
633
636
509
778
602
697
200
895
688
610
732
593
512
268
742
307
670
288
362
743
798
629
448
710
948
556
721
590
650
653
318
845
135
933
362
829
42
79
510
727
542
759
477
311
920
547
492
741
532
737
850
421
56
34
395
176
664
615
437
709
1
1
254
192
427
724
804
333
936
558
199
907
286
136
783
320
55
984
723
453
511
815
914
473
884
535
824
586
755
634
334
181
635
298
748
357
600
627
807
432
709
635
926
430
772
655
205
29
110
954
61
913
595
356
207
54
739
434
468
254
75
113
668
377
689
615
96
43
452
824
156
966
195
876
718
612
799
360
392
851
112
890
862
582
612
702
455
707
949
529
266
55
3
965
75
5
452
214
327
877
950
521
698
648
248
106
538
726
887
452
99
18
831
631
117
910
922
529
790
615
292
149
576
714
405
868
862
462
328
908
533
289
543
760
602
683
466
775
572
697
662
617
603
657
203
996
930
505
247
128
126
51
774
556
643
659
908
499
100
930
291
818
157
985
686
714
968
480
931
623
958
577
602
220
288
910
485
262
385
733
133
120
844
583
986
477
190
867
480
736
714
566
531
712
894
460
483
218
29
65
287
136
944
621
904
423
939
526
737
669
875
579
129
82
772
650
865
524
382
169
134
65
255
167
247
929
621
318
635
274
133
85
738
358
402
186
754
646
51
47
515
267
437
787
325
158
230
128
383
856
559
257
258
154
683
290
749
353
52
952
534
662
685
624
460
753
863
574
287
145
164
29
630
395
592
649
893
448
402
149
608
314
62
44
420
183
241
133
634
323
229
177
453
818
122
34
791
553
270
168
672
596
924
463
966
550
427
843
603
239
964
468
697
640
843
401
751
374
924
462
729
621
879
403
112
915
582
347
798
586
586
726
67
991
662
404
202
930
673
578
145
941
555
351
176
958
198
89
264
836
85
52
483
217
261
836
820
553
166
959
292
834
405
739
432
822
733
628
609
294
799
408
927
581
327
836
781
406
547
258
524
320
55
948
885
470
762
614
298
100
883
452
707
364
850
378
514
283
107
46
206
117
74
52
722
312
300
891
644
600
182
939
563
709
134
951
177
83
522
285
133
10
127
985
87
986
194
909
581
265
163
940
754
691
80
36
951
488
356
188
4
995
288
176
652
372
854
575
932
611
214
182
987
464
157
95
775
569
888
478
755
421
846
446
699
305
861
506
571
289
515
783
784
655
571
756
132
129
748
660
320
805
717
687
101
53
670
360
889
432
678
356
832
515
598
750
438
208
465
245
489
225
796
583
47
83
126748.5
428
736
862
376
894
511
231
93
939
508
229
880
469
724
6
972
803
584
323
195
627
764
839
632
142
931
817
599
876
403
709
636
964
464
510
207
482
269
183
858
297
859
340
166
927
445
111
979
714
610
241
65
81
23
546
315
475
764
782
693
959
532
561
265
371
147
130
129
757
389
312
817
313
150
397
840
378
234
254
137
196
27
101
902
388
188
840
537
796
394
993
455
853
567
424
827
969
508
382
783
869
536
658
304
213
891
953
503
484
212
236
110
244
840
423
798
892
513
681
722
367
883
405
268
436
225
786
436
600
270
904
512
397
836
428
202
360
843
196
89
235
850
546
731
183
896
237
949
522
321
22
918
388
147
668
278
509
769
815
416
328
867
164
109
410
764
366
205
53
979
708
573
187
139
44
80
478
832
812
574
47
89
49
81
387
188
285
894
276
203
381
178
633
666
258
90
569
734
212
906
23
41
218
153
432
227
480
240
902
540
574
643
119
110
957
542
836
566
887
405
752
392
764
570
394
166
904
576
495
786
916
490
214
197
104
991
932
421
859
575
1
1
83
50
191
835
501
276
929
419
396
735
910
540
245
185
127
918
351
146
204
139
434
784
768
577
111
899
286
927
653
304
659
386
191
898
533
798
267
142
297
205
483
207
104
939
774
314
494
823
899
451
819
473
917
399
674
306
348
839
148
84
866
454
261
889
983
542
434
837
553
269
364
185
63
902
207
105
397
194
560
303
705
565
518
255
695
663
885
398
54
37
779
665
354
134
454
244
656
289
318
160
610
741
79
938
906
480
166
115
575
316
687
729
286
897
292
160
611
672
154
967
280
859
548
297
442
216
65
998
100
112
106
920
10
48
973
455
736
648
661
656
849
489
940
529
434
218
140
949
694
367
772
707
393
245
905
502
458
229
887
543
332
831
672
281
525
300
305
862
490
220
709
310
807
607
372
223
761
619
181
855
884
413
713
404
235
885
718
728
364
163
292
775
734
302
601
287
628
388
237
117
808
365
795
329
576
701
666
698
632
666
520
237
625
278
666
390
789
423
857
409
635
263
292
131
284
136
359
144
41
960
542
219
413
203
524
780
773
384
593
264
510
300
904
503
130
886
397
739
707
315
604
312
31
938
476
726
611
288
643
672
950
522
235
42
254
883
672
631
2
18
930
517
309
112
938
433
982
429
867
404
756
375
408
822
572
669
738
683
806
372
846
646
622
344
926
577
800
395
137
988
134
65
153
165
556
716
114
981
819
616
513
784
61
987
860
585
710
363
201
869
332
178
140
132
129
86
921
485
689
705
372
240
125
15
803
481
448
241
536
282
932
537
42
979
85
56
160
939
395
839
113
78
980
435
661
276
190
884
553
367
865
514
117
996
634
270
306
173
916
548
846
396
193
922
594
246
215
112
808
570
275
153
526
727
471
237
730
318
457
289
716
316
764
342
652
358
69
55
990
554
137
968
132
858
924
470
603
330
971
449
172
94
330
244
90
89
403
206
915
467
790
325
920
423
362
826
116
115
474
836
517
205
251
852
820
468
948
617
352
215
665
344
949
514
464
194
831
538
383
766
240
858
375
779
830
383
888
539
955
566
600
329
808
451
154
870
669
279
840
434
487
782
3
963
399
849
237
76
496
752
419
810
177
898
681
653
377
902
605
287
178
925
446
785
499
296
261
862
210
923
323
109
571
720
430
760
561
787
700
617
87
135
634
314
705
319
491
289
967
482
308
791
118
884
821
647
847
397
855
515
366
813
524
745
1
972
280
917
439
773
597
684
523
724
435
153
34
954
946
428
249
827
863
483
992
523
962
503
230
90
351
844
874
547
718
281
837
567
667
651
950
551
738
450
715
605
176
55
635
658
880
435
510
204
87
23
861
531
283
157
774
450
29
55
718
637
177
44
221
841
336
226
195
892
490
733
242
170
893
385
82
36
318
126
654
310
423
194
738
445
534
694
661
673
850
448
219
70
762
646
623
677
661
658
111
119
867
505
897
455
60
954
937
507
648
652
570
722
429
760
116
858
79
948
115
963
572
642
215
183
830
444
172
122
591
382
98
33
246
874
563
652
145
937
69
81
132
43
220
39
638
663
139
140
624
303
73
977
894
446
374
856
101
94
249
910
813
581
792
452
676
311
386
783
883
490
177
835
903
455
896
554
858
612
896
505
665
661
941
447
762
624
472
195
718
424
351
192
168
956
827
436
197
102
535
215
186
908
710
610
827
655
794
544
951
580
327
165
388
869
476
718
448
854
870
366
203
893
127172.5
373
208
893
545
956
559
284
833
980
422
277
109
584
294
191
97
999
505
385
809
528
202
796
381
126
29
896
430
835
603
891
434
924
507
479
788
455
811
372
175
268
122
378
745
901
465
139
119
639
346
93
970
74
911
567
709
473
321
654
364
905
468
564
701
183
945
318
808
786
699
397
261
430
812
230
112
502
698
287
773
163
876
43
17
441
779
816
398
627
675
962
539
974
456
422
234
997
486
422
220
991
495
578
780
109
83
968
424
346
793
145
893
332
97
251
117
855
414
453
221
212
185
611
674
408
784
912
540
507
790
908
462
395
218
442
838
333
255
232
930
192
133
638
326
284
99
110
11
639
644
244
118
302
910
646
671
450
134
765
683
74
36
220
976
603
316
460
746
176
117
781
438
214
875
330
844
395
168
838
439
27
997
213
944
398
734
199
184
375
747
293
906
735
405
110
915
515
244
174
101
36
963
192
882
586
680
462
828
833
416
806
381
241
916
947
398
814
437
668
672
616
688
717
386
249
900
918
407
525
260
910
582
403
769
72
18
991
491
901
395
48
977
64
957
326
126
502
760
984
499
605
247
837
456
400
809
130
50
323
826
315
851
430
277
743
372
355
186
154
43
597
793
666
653
291
108
373
226
305
895
501
791
364
766
201
41
612
711
355
180
987
454
912
435
906
526
779
617
272
65
145
992
900
536
329
195
959
501
171
89
450
754
381
890
129
84
152
920
263
894
573
711
948
529
495
736
820
412
823
618
213
891
636
369
165
886
437
808
545
794
323
770
525
299
51
11
953
507
134
941
629
667
457
231
250
142
412
837
665
268
223
104
218
173
544
682
305
820
30
84
160
894
309
134
22
987
844
606
733
368
563
312
964
485
958
456
576
683
163
20
657
679
593
200
568
678
901
557
388
801
953
539
445
265
654
619
673
614
398
201
574
724
555
778
756
444
540
699
849
416
296
208
755
651
695
642
239
122
648
314
244
825
447
294
710
601
499
742
776
539
171
930
654
625
726
599
610
324
766
379
646
309
403
788
524
660
700
692
820
507
856
545
539
689
222
866
256
791
262
953
65
3
353
840
365
802
430
245
710
613
369
803
512
731
993
427
152
21
456
217
751
602
543
740
83
12
705
355
669
664
611
278
952
506
90
934
145
99
871
449
153
932
857
414
227
858
919
475
916
594
758
553
726
600
378
228
636
386
594
321
822
643
820
448
765
601
899
434
820
641
32
29
129
945
408
814
548
298
8
80
623
331
547
272
44
3
712
372
734
712
319
211
351
738
250
788
32
972
979
490
582
368
594
740
115
886
977
504
566
665
577
754
952
488
96
2
35
972
50
38
155
64
162
970
790
603
492
685
310
124
641
685
920
522
149
77
633
703
368
742
938
536
732
660
101
94
488
781
74
965
989
462
261
813
535
360
419
815
608
657
431
809
570
708
643
600
804
614
136
856
820
364
128
119
278
236
942
594
644
633
795
578
102
906
486
708
100
972
354
753
999
523
729
668
896
547
256
158
321
810
273
132
332
860
209
144
858
546
666
366
465
766
674
754
848
408
291
906
921
519
595
315
308
161
399
155
721
581
990
557
964
513
788
595
924
450
225
48
639
734
909
576
246
126
133
70
415
229
80
988
403
171
266
96
326
174
715
321
162
117
683
695
335
166
446
179
639
658
239
65
221
111
198
906
440
195
453
244
403
268
721
378
216
904
786
627
658
697
513
754
923
472
450
236
177
24
715
286
931
507
878
432
440
180
547
207
64
104
74
10
447
130
639
322
536
358
322
902
50
1
711
639
347
96
866
534
991
507
863
564
229
895
193
92
774
353
488
719
899
411
553
294
935
465
856
514
815
490
135
946
857
425
818
569
419
719
68
938
992
489
275
837
830
535
172
876
749
372
128
937
491
249
436
850
320
139
545
206
319
927
606
688
126
896
235
834
492
781
422
753
857
610
604
220
767
356
853
501
165
999
537
270
613
272
690
276
218
959
900
562
859
634
115
50
915
570
611
333
452
241
551
220
439
223
119
147
180
96
552
274
321
870
873
639
167
943
601
707
155
898
103
53
710
362
159
2
341
839
145
951
20
955
664
423
195
907
618
669
97
2
932
547
287
133
171
908
229
159
751
430
901
514
607
702
457
250
962
436
378
224
742
632
955
478
867
464
957
466
686
358
846
609
621
321
367
896
828
568
395
892
142
48
964
504
310
810
394
863
246
191
933
460
779
443
789
381
899
427
364
767
176
56
436
230
403
216
688
691
295
178
128738.5
425
743
832
379
918
437
237
75
868
606
251
834
495
781
66
994
999
473
328
232
402
815
840
612
184
943
865
595
852
373
846
547
894
495
415
128
512
270
381
816
277
938
534
235
851
623
422
789
659
595
85
6
308
140
672
300
695
619
671
612
814
630
597
332
133
93
549
288
552
280
445
808
348
143
100
928
647
258
441
166
168
48
48
890
577
305
904
543
685
278
998
513
966
464
543
680
950
468
390
777
953
445
336
156
178
818
956
552
385
227
117
79
317
822
238
941
756
585
310
816
483
720
596
328
522
246
943
507
446
140
804
626
535
729
521
260
535
797
132
113
256
899
687
657
65
994
126
938
829
398
145
912
260
180
758
390
198
912
790
380
84
943
9
42
788
610
512
208
185
944
819
646
341
194
228
172
372
761
943
530
76
94
184
107
598
336
186
912
567
221
212
150
890
538
236
93
400
808
210
864
152
92
239
50
567
338
349
180
876
554
726
582
157
169
954
531
831
603
753
399
559
228
874
593
89
10
921
505
442
731
816
329
407
232
113
892
915
502
870
617
31
85
52
38
276
790
501
284
857
592
395
787
950
480
464
175
151
851
496
273
335
208
557
657
583
723
373
905
78
907
337
211
706
445
198
923
526
705
76
47
325
156
570
273
182
947
525
201
394
751
974
567
937
583
891
574
759
460
231
921
169
86
954
528
237
892
953
556
171
886
394
171
299
146
157
976
189
115
202
46
477
191
833
385
577
214
782
686
803
407
303
199
875
561
278
174
392
188
355
125
364
209
502
733
93
919
921
469
32
6
616
365
521
714
227
907
426
254
651
643
232
881
468
797
665
250
303
104
265
903
167
13
226
847
98
11
718
336
753
658
784
621
911
418
841
621
488
223
6
923
627
286
513
713
702
348
783
406
452
194
871
383
580
756
748
464
666
307
398
796
602
271
468
198
900
625
653
360
728
684
290
819
677
383
751
351
270
931
595
768
393
118
442
776
949
480
574
326
901
557
74
27
706
351
963
468
819
593
726
648
467
752
321
125
544
255
757
398
889
493
912
518
676
347
247
139
346
208
212
145
97
953
366
152
429
289
646
667
692
401
314
101
563
194
772
638
98
973
442
788
741
386
537
273
145
958
626
664
709
409
501
789
892
433
174
50
380
807
877
548
160
135
901
611
328
241
976
553
838
496
738
354
840
382
535
716
776
555
627
768
743
407
866
566
860
382
859
625
588
328
153
935
211
154
326
216
612
759
234
836
627
733
598
670
50
938
765
592
652
312
289
886
590
305
439
187
161
78
999
441
781
569
392
165
101
22
941
490
771
406
388
187
908
504
99
904
54
87
188
909
219
930
56
78
747
341
701
365
376
791
604
229
988
544
93
979
687
396
374
158
965
409
658
410
207
972
571
268
137
114
916
620
286
198
653
723
299
202
554
287
489
272
729
344
880
464
832
361
246
104
896
538
245
902
344
797
708
355
671
385
758
324
128
73
587
308
57
54
543
261
908
391
701
372
920
535
294
858
302
172
347
808
134
75
317
832
967
507
753
579
491
202
446
290
949
501
172
91
957
472
659
640
240
873
278
836
858
499
948
538
899
512
895
479
856
566
83
974
498
268
874
365
271
829
181
883
485
713
134
76
441
797
206
858
313
908
658
612
354
833
638
343
392
781
340
921
670
268
4
964
212
808
352
176
525
718
528
658
495
729
654
641
125
18
893
435
742
372
586
305
1000
562
483
852
36
946
685
639
919
457
840
593
480
763
471
697
162
976
110
992
162
913
449
778
833
614
129
108
63
926
620
300
265
813
880
426
886
534
952
494
105
26
59
972
657
613
520
255
778
609
537
806
914
592
990
497
896
573
159
24
774
568
925
496
624
294
94
125
971
440
302
174
920
541
293
118
888
561
30
34
341
847
305
159
395
816
361
806
84
67
587
297
77
54
415
154
361
123
404
240
738
386
543
751
749
636
901
599
114
47
353
825
570
660
483
760
124
36
878
535
724
377
149
915
945
514
610
634
473
671
455
752
281
857
262
878
303
835
479
707
387
161
757
448
114
68
457
219
205
40
268
861
597
678
32
967
260
73
265
142
89
51
760
585
130
76
772
367
72
996
899
373
384
781
121
88
351
768
924
474
865
476
690
369
606
744
877
482
446
704
686
400
912
591
987
490
777
599
633
661
885
438
667
596
131
110
856
447
168
159
194
921
850
426
373
182
255
99
385
758
956
477
789
649
802
679
944
482
470
181
132
983
523
681
440
850
745
349
284
807
129574.0
547
271
850
607
890
481
295
826
747
397
295
75
396
202
85
106
905
504
441
712
369
117
709
384
213
66
904
460
589
723
990
543
895
562
265
891
590
650
301
127
120
44
428
811
640
302
377
241
995
492
90
940
406
795
450
779
686
345
881
466
593
309
696
671
249
822
724
657
438
785
495
241
338
817
279
150
497
828
298
846
80
972
301
157
610
646
823
449
550
800
927
406
824
630
767
351
810
571
482
199
799
596
177
936
237
113
928
412
355
783
121
884
375
124
169
153
832
329
336
171
549
296
528
718
367
782
939
554
334
870
911
446
547
233
390
831
472
260
281
920
127
6
649
244
193
91
106
108
643
673
315
153
299
914
672
676
306
158
754
649
225
113
172
959
814
367
576
712
260
115
737
356
336
828
336
900
394
165
990
553
307
820
269
894
664
633
107
54
314
865
260
878
898
439
360
807
479
275
206
74
175
969
40
954
588
741
337
744
810
457
879
447
359
753
964
480
904
495
933
545
491
759
788
374
53
983
966
506
458
171
678
571
398
851
249
64
887
570
826
427
236
843
84
905
390
271
625
657
899
498
471
236
941
587
253
908
151
66
598
737
340
853
782
400
441
263
207
186
118
90
332
800
949
497
159
155
558
226
130
940
281
866
606
737
159
9
358
832
526
240
777
396
900
515
950
435
921
639
219
106
75
998
793
410
204
111
798
400
165
132
424
779
304
831
113
52
257
790
76
880
505
752
819
588
564
695
659
282
934
522
355
818
881
387
342
922
430
833
305
821
544
725
579
275
26
22
920
456
152
911
560
723
685
368
156
36
596
729
634
376
183
99
391
150
464
692
95
925
314
197
169
938
305
67
23
909
516
740
640
359
810
441
827
645
603
319
590
685
99
23
633
708
673
376
656
695
714
626
368
813
756
661
356
188
966
463
633
721
225
118
579
726
365
769
681
309
665
632
510
224
229
101
828
522
593
693
194
66
545
304
235
876
586
304
955
579
530
736
767
373
192
884
746
585
886
525
670
328
782
428
508
284
330
878
572
740
786
551
936
457
963
468
780
610
284
904
517
720
277
780
202
142
188
872
634
655
698
318
924
552
278
910
267
868
751
440
215
98
404
269
782
699
531
678
164
45
816
396
828
588
510
301
794
645
133
999
369
257
845
359
277
947
810
400
525
766
757
398
955
580
540
724
693
699
706
382
923
514
487
269
637
684
899
489
785
678
672
377
655
760
69
2
346
753
574
693
497
225
249
159
628
291
476
233
287
145
747
417
558
698
213
137
614
754
277
810
283
883
759
625
884
506
338
792
112
923
988
596
786
627
327
826
996
432
274
89
67
938
145
64
157
128
291
849
660
703
685
590
432
223
520
719
974
450
135
98
640
692
429
812
924
539
929
580
216
90
554
740
228
915
805
460
426
827
643
307
510
700
712
667
443
776
715
565
992
526
714
599
187
980
767
370
91
16
288
110
610
669
720
666
627
717
268
866
603
712
33
975
546
726
699
619
657
688
937
526
299
210
434
739
377
230
202
961
453
186
953
543
768
426
250
869
507
748
913
443
153
864
924
504
635
316
145
68
305
118
872
568
822
445
874
475
993
546
912
462
91
34
522
822
716
734
197
108
111
41
610
337
198
969
342
180
299
119
206
79
769
329
465
216
789
650
342
204
78
67
614
691
234
134
444
159
368
859
588
374
612
337
576
298
659
312
118
888
955
500
899
528
638
663
869
443
363
125
186
70
711
330
970
535
874
501
546
271
556
341
97
31
139
82
91
43
435
299
824
476
267
897
171
152
740
652
241
135
735
601
973
477
861
406
170
943
63
68
750
304
592
696
785
431
361
191
752
375
902
436
760
393
27
923
894
499
960
568
559
676
205
921
844
513
325
826
959
539
233
860
896
482
40
994
430
252
345
828
540
259
311
135
192
887
664
686
270
874
338
766
175
959
441
788
783
590
613
292
671
311
866
383
218
876
381
133
766
347
580
297
96
928
980
425
688
613
184
128
932
456
819
414
721
339
385
237
264
52
225
29
434
219
535
270
292
909
957
476
33
988
313
839
202
914
249
106
577
340
105
63
247
886
173
883
130
975
809
395
141
906
653
706
71
33
818
585
319
121
163
891
427
197
938
495
857
520
734
562
400
220
849
578
722
369
631
682
963
470
906
461
737
424
784
435
933
465
756
366
110
971
862
523
313
868
89
43
943
530
299
829
257
930
677
338
970
470
752
448
714
396
960
542
226
856
29
56
729
394
320
72
753
594
493
279
129730.5
466
789
814
432
947
486
160
78
838
553
222
842
494
791
278
901
982
509
470
250
217
886
716
580
182
964
822
543
460
190
973
513
985
463
198
184
708
310
274
883
119
989
423
183
724
613
528
710
870
443
133
113
293
156
341
153
728
713
851
574
527
779
825
422
342
256
716
393
366
156
535
680
448
246
382
800
356
213
194
67
146
36
416
793
750
313
916
572
416
243
784
660
774
421
717
655
861
338
456
818
876
439
20
9
216
917
761
602
481
210
110
44
308
827
297
824
724
634
247
843
460
744
413
205
370
251
823
349
268
209
943
548
325
812
421
250
638
691
233
126
3
921
460
825
102
986
52
972
793
383
383
763
125
9
602
370
253
885
550
266
211
913
154
117
839
592
480
285
192
974
759
597
341
202
110
62
278
842
958
541
244
162
153
129
811
455
143
903
293
212
270
158
703
640
322
94
559
715
227
827
17
5
190
82
567
338
659
324
829
549
743
642
527
276
935
502
881
558
881
454
647
316
604
696
92
58
897
578
376
747
756
418
454
215
226
846
791
386
745
648
333
140
311
146
572
711
782
340
827
420
583
753
786
375
210
129
121
874
441
201
374
139
689
623
680
661
474
776
120
948
233
106
960
524
249
848
591
690
32
8
295
152
578
215
106
933
337
186
434
792
774
560
871
453
882
595
746
341
164
942
137
69
691
681
354
790
796
544
245
934
262
134
474
237
190
848
537
255
242
195
541
242
791
379
599
378
503
751
952
504
369
176
749
565
147
29
254
107
350
146
506
256
599
754
132
899
970
461
105
52
553
238
828
556
146
907
546
183
688
682
166
880
289
930
515
224
37
20
466
748
142
48
158
948
193
125
624
353
667
655
901
505
702
407
556
690
499
263
65
884
574
243
824
603
572
279
724
407
364
228
679
400
204
884
917
471
567
219
159
981
681
326
562
277
637
617
654
325
458
846
337
801
958
535
521
311
87
981
503
746
290
196
609
755
911
427
502
231
675
688
332
135
910
412
839
464
839
587
830
571
584
626
327
205
560
259
752
380
897
545
899
494
784
313
152
120
480
218
534
295
270
779
294
168
608
260
640
717
925
527
209
57
367
139
852
610
146
991
411
768
574
332
702
392
25
964
749
548
874
435
719
656
567
294
56
61
517
678
706
741
77
79
804
695
474
186
687
653
805
479
599
367
694
319
805
586
975
497
423
749
593
335
846
431
737
379
680
600
415
261
122
942
495
239
582
326
565
728
431
806
536
704
399
818
367
867
776
665
736
377
295
772
474
257
264
131
92
32
782
313
970
447
431
124
32
12
965
480
684
288
328
74
775
657
128
881
125
132
118
928
228
832
243
99
613
216
852
378
461
701
489
239
867
613
251
913
693
348
450
227
999
554
933
447
255
885
339
161
240
141
869
610
496
240
573
651
701
353
603
271
373
176
931
470
943
559
982
481
117
117
924
533
102
983
339
839
709
347
592
247
688
378
239
177
723
350
144
26
712
365
815
418
603
222
993
497
423
777
689
360
400
780
107
130
484
721
901
499
876
639
358
200
590
247
875
572
214
64
986
497
664
653
23
997
291
850
880
360
811
573
993
576
821
414
924
477
200
890
290
155
405
217
282
847
76
891
660
627
46
73
294
873
257
782
220
860
612
671
465
690
742
310
549
728
132
953
648
336
348
811
170
902
386
159
703
644
612
728
632
658
536
788
193
137
881
479
935
542
657
411
915
465
211
833
234
861
789
618
838
393
988
461
477
793
749
564
178
927
209
829
72
908
594
625
894
453
168
70
313
906
735
427
301
826
665
350
984
508
727
688
13
21
303
851
570
747
752
363
999
479
251
876
765
622
774
616
778
517
225
168
964
442
986
463
720
423
212
63
919
569
402
165
804
421
312
231
841
569
90
10
537
788
300
227
484
689
263
930
189
135
653
407
206
159
580
313
86
22
402
141
924
478
744
631
668
629
799
680
286
205
343
803
667
634
431
790
202
163
783
662
880
482
125
958
924
584
756
607
707
665
554
683
106
927
141
921
366
754
670
679
195
152
938
472
62
28
176
106
2
15
108
927
495
751
190
937
269
91
94
45
101
1
791
655
335
152
648
383
174
878
868
417
124
966
106
64
473
752
977
468
878
451
928
481
611
683
881
435
674
725
590
260
946
465
998
501
856
573
882
648
862
574
764
558
67
74
946
479
347
141
124
892
904
508
314
208
100
25
598
732
863
624
903
641
868
607
928
374
163
89
305
850
702
598
87
918
747
342
637
685
130061.0
415
205
841
577
939
587
60
985
972
428
128
67
412
250
348
185
881
562
608
673
321
118
950
512
158
107
899
544
311
902
921
509
917
627
367
764
488
768
240
104
69
67
440
749
858
397
661
386
793
566
229
955
372
815
135
923
572
299
951
467
430
144
844
571
537
814
972
514
353
867
545
269
428
730
437
278
398
822
282
844
164
956
523
266
653
629
780
393
602
691
641
361
862
639
687
247
618
682
259
139
951
547
28
988
194
58
814
369
277
869
171
888
353
211
280
140
744
436
400
183
657
328
355
876
654
683
687
745
430
876
922
534
359
119
428
840
543
300
335
829
160
120
321
227
157
63
56
19
749
589
450
188
70
961
684
699
232
46
551
716
135
19
189
879
675
366
488
743
144
40
745
334
440
799
209
841
343
237
962
532
349
763
148
964
891
465
110
53
383
863
442
762
765
429
69
991
712
385
310
169
24
985
217
870
590
727
773
642
912
501
786
408
579
677
874
536
891
485
949
567
687
590
492
239
117
898
899
394
389
215
810
564
311
828
275
205
619
699
568
273
459
767
179
916
617
252
734
704
932
576
655
309
750
579
104
957
236
141
397
717
251
909
642
297
727
393
371
212
228
99
174
892
984
481
336
249
597
333
113
979
324
847
361
867
71
81
285
813
340
165
802
381
926
582
777
334
702
690
63
80
118
872
662
289
436
267
825
426
312
158
227
812
389
857
322
117
489
792
214
896
558
705
783
539
712
631
507
215
879
408
406
785
830
458
79
896
189
990
216
834
576
648
439
174
293
134
914
545
143
937
486
764
756
360
224
88
303
886
661
407
184
33
173
58
523
755
94
952
541
199
88
999
84
100
241
911
734
708
618
302
993
457
839
537
705
403
558
793
138
57
575
745
697
310
477
712
827
660
432
786
685
644
378
166
868
606
459
720
104
93
756
619
472
786
704
396
568
677
230
71
412
238
882
493
456
777
67
49
488
198
290
871
616
292
780
564
546
702
569
283
144
901
826
544
966
474
942
429
900
480
692
302
492
708
587
645
696
650
921
414
992
578
729
671
303
851
537
738
717
649
367
171
244
868
475
708
562
360
977
409
78
897
289
872
752
342
54
106
524
318
552
689
712
590
161
120
904
492
822
629
598
285
516
787
211
842
616
369
504
180
203
822
730
384
360
783
539
247
938
537
720
675
645
757
850
357
853
590
453
178
586
708
958
552
825
653
853
401
441
766
23
1
454
720
820
578
527
297
450
162
560
362
365
205
101
51
589
268
832
639
401
145
359
813
417
779
65
987
488
739
858
524
264
824
49
936
866
519
554
694
299
855
669
323
195
96
365
788
51
79
369
157
127
901
451
811
663
661
563
322
479
779
648
308
164
15
839
573
376
771
899
392
862
612
153
17
322
838
319
898
888
436
363
796
626
253
594
666
617
632
426
817
954
508
904
453
864
589
183
863
903
444
208
110
165
104
799
621
547
653
793
546
210
903
720
651
154
965
722
668
845
646
363
843
910
567
270
144
758
653
339
170
386
770
495
303
990
496
778
392
458
794
589
676
737
339
125
841
896
465
648
353
77
39
372
170
802
612
750
370
783
329
855
490
998
502
124
22
246
849
497
815
330
220
126
38
725
376
215
870
155
81
376
192
379
206
544
285
787
400
666
604
633
344
166
83
658
612
439
157
164
58
212
905
639
271
597
369
623
280
565
310
288
949
876
574
786
379
807
528
894
444
392
127
286
84
817
336
680
657
812
550
444
177
941
456
204
138
268
142
328
147
677
397
832
621
135
859
127
20
714
665
416
230
626
632
959
553
721
320
139
928
333
115
419
203
627
662
984
539
101
55
701
366
754
455
909
480
293
856
971
471
939
503
746
592
119
966
743
382
385
809
719
652
491
711
867
383
44
941
505
229
520
718
700
320
154
69
265
842
747
575
399
759
655
618
30
971
433
798
824
617
813
466
756
302
575
263
468
836
387
218
758
395
318
195
270
838
620
321
943
426
148
135
857
423
806
316
763
346
626
263
145
66
143
28
538
193
750
331
331
835
851
622
206
918
171
922
171
935
134
67
577
321
187
111
270
812
85
934
49
946
685
394
353
750
873
602
199
174
795
526
22
15
102
958
606
316
996
478
978
509
960
444
602
368
952
537
508
268
459
826
807
607
905
534
965
505
600
340
904
440
967
482
231
939
877
565
210
856
207
129
862
424
550
700
116
898
547
270
612
324
560
277
827
466
710
707
124
867
372
165
770
438
271
153
600
645
785
392
129348.0
349
825
908
496
932
445
89
10
808
562
117
871
421
815
400
862
918
392
670
301
321
832
919
468
194
963
966
439
141
24
842
584
736
367
539
317
451
188
139
920
314
843
483
199
908
577
819
557
874
488
50
67
428
246
121
83
587
779
828
573
372
824
995
484
438
269
849
567
188
101
550
741
424
192
662
693
340
148
178
64
120
53
456
775
841
419
786
688
589
325
714
731
592
309
382
844
635
252
400
765
976
490
120
43
205
877
593
684
210
55
193
61
456
704
291
924
781
632
218
879
777
594
255
73
544
311
430
212
245
96
873
454
395
785
301
142
478
742
291
136
408
799
301
871
165
989
190
926
796
475
367
837
129
28
420
215
219
869
569
323
46
905
276
108
797
596
585
250
132
969
738
641
233
123
168
108
423
857
989
557
601
331
202
84
969
569
47
990
390
155
464
214
899
586
45
32
734
679
353
866
71
10
244
95
561
320
647
284
888
518
705
607
669
387
897
528
884
592
854
428
888
468
489
707
289
114
852
585
271
880
813
357
358
258
493
788
634
392
498
776
503
333
169
32
560
765
434
200
900
431
508
758
813
404
140
96
116
958
466
209
256
121
476
766
822
606
315
811
150
876
162
130
888
429
429
786
691
707
19
43
226
169
238
177
300
829
397
248
410
810
738
593
901
393
593
750
617
218
251
823
306
173
518
677
504
681
914
592
310
765
312
167
245
103
251
843
502
277
273
192
698
306
910
469
639
297
464
754
843
576
502
208
964
547
93
15
77
33
402
262
899
452
344
767
313
770
961
431
245
109
461
150
813
559
268
814
172
27
935
497
145
961
106
941
576
250
147
25
342
874
72
63
244
837
338
152
652
271
777
602
931
499
890
470
711
631
316
140
4
971
428
236
648
615
559
208
627
346
455
286
895
456
443
808
757
309
532
322
108
982
790
338
376
233
789
699
784
370
67
914
403
847
986
550
534
214
108
951
388
862
357
207
506
801
824
342
725
351
728
648
198
74
824
421
918
514
814
562
981
594
547
780
612
268
685
276
728
441
807
567
762
330
549
280
371
221
605
292
605
299
407
788
346
210
636
281
830
570
811
648
187
32
225
33
503
757
197
904
758
627
797
404
729
357
364
792
904
472
621
341
585
767
351
177
201
108
653
646
316
908
532
266
732
591
401
188
425
772
915
517
703
342
536
342
766
562
745
400
386
766
445
245
826
429
690
347
931
505
416
223
16
911
581
262
748
368
521
766
290
808
734
638
382
810
176
893
639
711
709
375
277
773
422
287
331
173
71
23
467
211
762
383
365
183
25
58
932
565
533
229
326
102
715
606
97
988
478
225
140
910
270
836
311
158
297
107
600
282
742
673
489
240
602
680
151
922
772
351
487
198
760
648
729
355
15
943
478
216
103
3
875
596
491
198
441
748
576
282
726
384
385
216
835
428
876
511
731
343
299
175
767
640
305
895
289
904
829
357
726
445
824
368
245
152
518
269
105
83
571
309
868
441
363
227
824
381
251
947
624
360
406
787
499
288
711
645
891
430
903
581
480
227
680
337
619
760
335
205
835
597
592
663
20
974
320
765
805
317
689
663
644
758
919
581
997
530
8
967
166
92
332
115
250
872
72
988
861
574
307
92
260
859
461
778
343
862
594
693
754
584
955
474
825
615
235
912
653
345
177
930
118
869
202
161
407
776
643
630
668
704
625
710
106
52
836
461
744
615
970
485
812
634
198
972
144
912
552
762
682
304
938
550
279
801
820
541
85
962
318
864
305
764
891
561
780
343
148
96
160
949
637
310
490
755
681
341
870
449
608
711
166
94
344
851
337
784
757
395
923
525
142
856
895
551
885
536
891
524
325
219
903
620
935
441
900
455
63
10
801
591
368
102
674
303
580
386
685
622
108
116
570
739
527
257
645
662
133
876
321
177
817
451
410
220
714
381
195
118
463
242
784
402
927
574
436
780
663
664
322
70
483
683
856
549
439
798
331
232
668
654
807
531
388
811
651
674
562
729
546
751
503
747
142
876
71
891
502
778
772
570
355
162
783
358
53
55
36
20
60
75
143
896
694
596
173
937
370
154
165
147
210
97
869
515
486
187
825
458
364
792
927
374
120
973
23
43
531
736
821
581
825
392
954
567
767
535
928
524
565
641
349
175
709
414
920
508
892
434
504
745
890
624
937
465
126
161
798
454
263
45
268
799
826
540
553
276
242
193
401
806
680
611
572
740
984
531
462
217
309
187
248
877
949
508
232
930
676
265
682
703
130591.0
434
243
891
415
776
610
52
921
835
446
381
212
367
281
256
139
842
527
639
755
425
256
904
462
227
128
966
463
81
896
702
376
911
552
513
704
421
816
276
133
494
237
354
859
890
424
986
451
866
542
124
992
605
678
24
967
582
321
813
401
370
172
932
474
614
671
948
420
191
898
372
210
407
878
745
389
239
879
58
906
22
973
463
199
978
532
530
279
577
660
445
238
636
766
471
244
639
661
384
202
939
510
141
949
414
211
466
219
40
970
221
912
442
209
218
138
748
444
97
56
722
382
191
905
683
696
555
712
86
988
990
507
382
156
171
932
622
340
131
910
295
192
141
90
50
44
329
174
948
612
224
101
111
883
520
795
300
124
491
758
150
41
341
854
795
465
542
697
143
117
802
449
203
827
343
828
257
117
732
387
615
704
174
953
806
426
17
53
391
837
361
809
656
328
137
941
609
285
198
41
3
934
192
904
503
718
554
687
914
530
600
303
842
577
916
517
921
421
994
495
903
553
448
236
184
966
918
489
214
108
719
687
660
649
321
196
760
583
555
237
499
756
73
951
484
326
476
703
796
576
467
186
721
616
203
895
53
36
475
782
352
856
497
322
817
491
334
245
188
50
267
803
781
621
493
218
665
322
93
963
247
893
330
777
482
260
402
775
326
211
799
331
632
667
472
213
300
840
359
172
370
796
638
384
638
272
724
402
391
256
376
748
175
986
267
105
481
754
291
853
671
639
882
488
656
670
474
314
995
494
522
702
951
408
134
965
127
874
623
650
980
568
494
190
402
265
961
523
283
843
265
859
896
517
318
158
33
940
926
501
59
35
18
44
523
744
93
908
223
98
26
969
399
192
332
843
733
637
718
369
892
442
976
498
828
454
266
832
44
80
342
838
736
298
443
740
809
559
531
736
929
464
294
102
492
720
676
607
69
65
722
590
427
865
522
255
733
691
183
74
315
198
849
444
523
783
88
32
386
218
442
821
477
217
721
640
608
724
744
429
112
976
865
593
895
506
857
415
687
334
410
239
544
717
654
678
901
480
793
346
581
763
585
672
279
860
535
761
578
766
497
257
425
878
469
765
883
517
821
389
150
945
1
988
580
334
165
11
927
458
785
636
747
682
544
252
835
597
684
599
449
230
191
899
281
911
529
264
228
48
603
673
787
385
459
746
502
269
920
538
552
735
548
757
963
527
658
697
417
254
498
786
828
647
828
612
930
454
378
749
48
23
631
722
780
687
446
230
309
105
688
415
285
97
233
66
519
323
724
556
515
200
717
669
230
844
181
925
498
693
663
701
377
866
249
851
921
398
497
710
143
933
901
426
64
13
548
676
180
116
177
74
346
905
171
900
673
639
660
258
627
681
628
404
125
131
774
566
348
813
707
435
823
570
156
65
589
704
36
929
941
478
376
830
420
209
572
748
785
530
538
720
885
579
980
426
779
621
310
835
653
351
237
55
288
193
618
713
773
647
578
727
314
907
509
745
185
943
513
786
896
490
466
803
760
688
164
141
751
633
334
177
408
804
772
388
870
560
727
370
388
751
647
711
465
290
441
804
823
474
631
324
142
57
392
170
536
755
652
391
480
212
907
407
891
539
224
119
349
841
241
828
353
126
141
100
873
482
62
975
311
166
542
304
375
192
653
332
864
489
839
613
720
358
189
51
752
686
219
88
325
214
385
789
327
135
611
296
726
390
618
239
39
927
980
508
673
296
989
422
785
327
124
3
307
165
436
161
558
646
949
430
496
270
875
491
78
43
373
226
416
201
964
501
695
577
147
886
100
120
715
668
411
229
689
647
964
464
613
234
134
906
329
221
563
315
818
659
966
540
413
198
927
483
857
469
944
529
375
862
775
469
779
653
926
452
154
930
888
493
192
889
669
655
870
539
660
366
306
864
624
275
477
715
581
301
373
214
416
754
802
587
432
862
902
521
353
861
453
755
774
687
829
503
583
294
606
313
275
887
537
307
976
534
421
200
588
704
656
385
838
396
282
140
643
257
480
268
683
334
694
346
323
214
94
60
433
255
893
502
234
831
776
658
238
892
192
905
286
888
380
179
851
390
182
142
331
764
334
895
386
809
888
397
270
892
853
572
355
207
863
543
109
51
230
865
494
191
976
489
829
596
896
420
957
457
890
481
728
271
293
870
794
525
995
458
694
651
510
240
840
441
857
626
304
831
931
488
270
870
411
187
908
398
696
644
402
828
468
293
770
370
612
307
966
543
416
796
381
842
222
52
842
442
231
116
467
757
474
257
131015.0
598
694
797
569
882
396
87
7
807
587
523
722
712
636
293
810
953
558
427
251
395
806
993
466
230
829
911
503
200
14
810
613
839
377
449
243
295
145
162
916
362
813
311
176
880
526
908
534
951
504
43
18
585
284
38
71
621
672
821
556
347
802
929
615
702
304
773
551
270
106
349
859
239
60
775
601
202
176
137
26
33
64
314
900
835
432
650
727
714
398
458
728
321
165
456
817
565
279
497
786
975
544
197
127
301
883
272
862
206
89
214
111
343
823
381
806
914
522
99
999
658
689
176
10
622
258
664
350
111
15
895
560
341
894
67
74
782
621
198
107
518
710
196
825
97
949
320
813
654
352
254
832
93
68
395
286
200
920
422
207
171
871
385
223
849
581
666
305
218
802
951
475
286
181
416
222
188
977
746
555
467
225
87
57
935
578
226
923
243
101
268
111
696
645
128
128
632
749
58
932
258
129
241
112
574
284
741
369
911
532
445
791
908
386
777
388
884
620
883
452
873
383
635
701
207
110
956
423
173
871
666
303
661
287
294
803
894
413
463
795
481
144
178
118
834
588
434
234
843
324
294
868
740
400
207
155
19
931
489
311
319
218
677
692
946
466
307
843
154
917
443
224
907
448
476
694
564
716
172
109
103
65
527
291
563
701
484
225
517
793
764
624
594
256
329
812
482
249
338
747
387
142
669
666
503
675
864
512
597
650
632
335
38
35
148
975
378
231
148
71
825
403
980
536
718
406
727
630
982
526
782
397
981
514
135
67
242
135
749
362
834
446
400
841
574
657
846
399
335
86
193
68
883
418
220
865
11
51
959
434
148
974
150
893
418
209
105
37
260
867
108
8
439
753
322
131
666
373
658
613
763
626
967
547
928
506
182
91
94
980
207
84
512
777
489
273
836
380
507
320
938
489
188
928
478
272
726
424
244
879
918
420
429
210
456
843
593
322
234
926
528
729
858
492
442
175
120
952
566
730
360
274
397
805
768
456
536
294
750
626
219
108
848
485
975
448
892
534
746
629
482
829
563
288
679
306
957
442
757
627
477
181
746
352
155
60
507
197
651
334
523
754
288
130
414
189
889
559
743
699
133
23
150
101
653
645
1
986
972
504
824
413
710
341
658
663
763
370
852
493
497
678
171
114
196
99
633
657
64
902
793
387
635
651
473
301
597
663
877
500
575
335
513
307
932
496
756
374
500
664
357
124
756
452
785
372
893
522
464
264
123
951
388
182
602
296
501
684
267
852
678
653
340
820
260
884
616
670
872
425
463
720
588
270
404
190
113
28
716
372
708
357
318
217
312
140
757
593
568
344
104
46
724
611
22
935
680
344
285
829
132
855
238
153
187
16
835
398
558
793
615
330
705
686
288
888
933
530
404
258
768
581
899
413
127
850
503
286
77
104
915
565
265
157
350
770
407
237
844
391
628
318
915
446
936
570
613
307
358
235
624
673
140
861
402
738
541
204
824
438
582
224
163
34
486
189
130
145
440
297
914
584
267
134
659
267
309
816
744
350
213
913
489
283
866
581
744
394
822
629
576
253
436
192
457
768
341
190
906
544
554
758
182
963
343
860
500
283
804
516
253
888
875
544
844
411
179
854
345
169
428
207
198
940
280
826
818
584
57
1
239
931
688
666
442
799
694
649
998
574
622
328
699
597
73
974
629
233
228
912
371
837
467
170
295
890
667
639
781
621
437
774
142
160
873
578
634
700
945
480
591
760
114
916
347
885
361
811
579
289
839
546
557
747
927
492
62
973
605
717
510
734
855
427
926
488
153
20
94
961
652
342
488
789
655
264
838
612
332
839
271
98
325
871
515
707
627
335
983
495
282
880
934
450
973
467
941
454
270
218
980
537
690
296
987
448
60
60
977
510
371
208
594
309
822
417
750
615
215
60
576
641
491
200
672
719
383
804
449
285
713
342
280
171
813
413
301
224
495
200
613
393
820
405
664
614
653
620
271
151
755
627
962
451
391
729
530
281
664
714
913
518
431
778
535
795
500
712
675
594
594
669
589
711
143
976
469
777
972
577
280
200
578
275
310
161
133
89
205
26
485
755
738
683
381
772
314
163
131
31
332
130
719
586
127
11
810
351
291
822
830
465
45
992
390
188
440
712
986
510
921
500
869
609
842
581
981
432
532
711
340
133
895
533
867
533
640
387
439
809
957
466
677
358
437
207
932
464
341
156
436
740
653
654
730
348
408
248
464
729
611
663
680
665
905
550
488
231
229
87
154
877
878
654
190
902
565
272
526
829
130198.5
644
290
954
516
677
649
119
931
852
343
546
196
728
450
535
253
917
391
364
832
240
102
963
486
233
85
980
449
73
985
777
350
678
714
496
791
176
908
172
77
506
256
530
733
896
496
877
374
864
548
32
905
571
744
57
946
593
260
840
379
335
105
622
332
640
630
806
360
254
847
198
153
82
967
921
426
326
907
121
912
29
967
246
152
921
561
453
249
774
559
480
255
416
790
452
259
564
787
547
304
998
539
221
916
202
84
185
47
126
893
167
934
437
233
567
274
949
545
99
58
478
267
66
901
474
809
633
735
153
891
895
531
127
77
91
914
796
399
251
925
668
328
410
246
249
118
317
114
574
689
394
127
218
855
518
676
24
4
526
759
306
186
407
823
867
460
619
728
423
241
952
616
345
796
627
694
105
38
929
416
486
824
193
901
748
404
200
89
259
833
95
976
715
431
225
859
478
184
206
72
289
809
138
956
601
780
701
686
913
370
332
117
783
535
764
649
764
401
988
527
653
706
628
326
265
856
844
505
169
96
515
729
498
701
335
150
932
563
280
120
383
794
369
822
785
431
332
813
615
637
240
146
774
566
271
839
204
139
696
592
298
843
566
277
984
530
202
71
185
165
469
758
871
563
579
257
415
192
219
954
230
925
654
709
649
319
358
785
406
205
707
347
385
825
488
272
323
844
539
297
221
868
572
333
730
378
860
552
828
441
560
756
134
918
44
33
418
799
170
842
819
517
896
391
879
494
723
446
912
496
715
629
852
450
129
925
229
884
596
736
891
518
442
199
595
256
796
573
187
888
115
888
794
634
282
167
210
885
925
553
18
49
235
142
334
836
78
924
197
92
27
901
588
320
340
829
748
559
702
319
794
469
934
388
906
430
167
886
3
64
218
930
372
151
552
728
577
715
695
609
929
517
205
110
509
717
848
516
58
34
927
575
473
779
129
60
631
709
273
162
542
226
881
607
216
893
207
111
487
226
583
650
315
167
929
588
644
680
598
320
202
854
937
475
926
570
907
494
692
413
396
206
471
798
679
688
856
637
807
425
308
892
715
571
140
845
380
834
518
732
445
279
75
966
332
893
837
473
560
209
23
974
331
868
689
400
184
85
881
415
986
510
787
578
555
266
787
536
918
522
652
342
341
815
259
867
603
335
227
78
751
622
837
424
719
621
673
328
883
444
697
644
583
676
997
458
720
646
667
347
155
921
968
553
896
541
911
407
445
830
80
39
480
729
597
743
524
263
267
182
731
333
418
279
213
121
596
343
754
664
466
245
342
828
407
739
194
924
751
571
785
592
365
838
311
918
719
362
684
712
241
892
796
344
15
39
651
664
210
96
327
111
289
770
152
956
830
586
449
276
636
770
710
388
65
42
983
565
440
766
903
461
835
662
137
85
655
629
188
837
928
445
397
743
451
216
399
842
834
527
629
608
789
563
938
433
580
751
472
682
528
285
162
107
466
255
554
733
997
478
408
832
16
930
432
832
386
766
663
699
951
510
221
849
643
640
363
133
775
555
224
134
568
801
703
336
896
566
752
313
620
674
418
754
363
192
320
868
835
379
593
302
139
47
177
109
700
652
895
508
232
174
799
356
808
593
303
128
223
910
405
876
108
129
353
153
826
453
57
955
80
53
697
432
308
110
593
298
738
383
782
582
885
402
166
44
503
798
64
32
223
132
335
856
218
25
694
378
716
411
380
229
287
835
868
407
619
310
803
586
574
309
120
8
206
153
498
212
649
725
840
412
418
234
948
561
84
34
638
270
454
272
960
484
978
506
129
968
94
65
584
710
394
261
448
807
730
387
393
159
109
984
276
110
392
195
707
705
995
492
275
65
781
573
1000
514
763
607
437
872
935
477
531
668
827
541
168
945
991
468
391
876
642
659
754
680
896
434
54
920
693
385
350
762
647
275
315
132
493
765
741
570
254
873
830
493
523
759
351
787
606
687
708
654
820
420
777
353
285
837
780
329
983
472
676
309
513
728
709
352
915
455
469
172
368
173
454
217
758
371
661
285
606
384
169
106
497
181
833
436
412
781
445
781
283
907
161
900
65
917
541
311
715
383
427
222
294
870
104
969
207
885
770
331
98
994
551
715
263
115
850
562
3
43
396
723
597
236
909
476
900
413
823
422
916
458
924
589
621
254
340
888
998
450
958
517
827
619
295
121
789
622
637
722
506
789
985
561
389
785
510
277
617
256
571
691
338
813
568
336
684
286
847
422
929
435
634
681
82
920
161
49
779
340
220
153
426
823
367
134
130563.0
693
677
926
566
794
438
200
82
680
708
239
887
850
510
588
672
734
609
392
215
269
848
996
581
109
996
908
576
59
4
632
705
601
269
530
286
210
82
30
954
583
773
597
365
979
556
887
581
939
541
294
143
567
340
148
75
491
745
816
575
224
855
547
694
721
434
672
666
356
144
403
837
99
7
797
613
190
88
158
141
163
37
403
759
875
400
668
652
745
364
561
687
344
205
406
779
494
270
588
786
975
548
180
67
226
836
283
856
237
183
77
100
321
854
536
694
924
528
200
927
520
826
112
85
308
136
526
221
325
148
943
547
223
895
52
52
684
685
168
77
669
720
592
749
315
827
119
922
556
246
166
931
290
192
726
379
73
930
402
160
420
748
253
137
909
626
592
318
565
727
732
448
405
240
578
288
81
938
893
514
305
158
280
132
874
574
266
859
330
254
90
105
872
601
269
215
346
776
60
956
228
119
111
117
329
168
685
331
803
552
272
928
883
440
686
357
704
665
802
406
652
362
551
746
450
239
844
575
201
992
524
199
470
234
458
769
760
391
212
908
459
198
375
189
934
581
401
193
827
422
310
895
944
482
163
85
366
789
824
446
152
71
673
625
997
468
322
837
168
911
474
189
905
471
451
774
419
813
65
33
280
132
555
327
601
717
553
298
224
888
549
727
287
87
574
653
328
216
630
710
261
98
656
643
765
558
943
446
744
630
525
187
29
45
39
976
367
141
289
112
850
448
744
555
923
523
919
519
955
457
629
333
867
648
107
7
70
19
539
208
985
496
379
868
530
796
831
346
284
179
236
143
673
353
325
760
320
152
924
545
146
935
90
957
192
126
151
82
248
862
305
106
505
761
464
220
959
535
731
662
993
440
866
553
841
650
281
140
115
858
295
143
406
775
580
363
720
363
814
455
903
559
135
968
366
183
902
487
109
925
773
379
431
184
123
933
601
250
430
781
501
720
948
470
106
86
190
842
531
718
541
260
383
775
905
473
620
241
649
608
326
239
872
445
847
513
885
577
778
674
566
704
458
266
762
384
769
362
786
584
277
108
909
391
430
184
326
105
453
186
549
672
139
122
218
27
913
522
395
720
35
22
162
112
754
654
260
876
856
489
980
576
783
442
365
816
916
430
946
576
711
666
328
135
196
62
687
580
213
836
902
427
733
649
726
369
686
688
736
613
884
439
719
358
868
596
808
402
676
709
142
42
967
523
968
549
836
500
228
102
26
957
658
294
481
263
529
658
358
898
572
755
445
770
138
947
673
681
572
322
542
743
234
74
492
216
253
104
964
485
903
397
267
91
194
150
619
655
426
226
151
88
640
707
82
986
616
353
171
876
137
971
498
300
114
62
843
504
585
754
519
272
828
542
198
865
825
352
581
313
783
589
622
328
36
971
729
362
495
251
982
542
522
316
347
782
226
95
996
570
771
442
846
371
967
559
612
267
691
359
695
677
118
943
522
688
463
278
955
606
400
165
207
106
307
182
391
164
622
383
932
444
364
118
711
397
279
845
916
537
305
779
446
248
598
682
857
490
610
702
592
352
595
266
352
873
301
131
637
709
628
721
195
949
198
959
841
439
940
514
346
730
578
730
651
337
122
954
186
171
343
149
208
842
304
944
888
470
92
14
187
962
862
643
292
897
663
664
615
686
876
498
800
565
120
860
326
213
229
876
109
928
150
49
223
901
841
548
858
591
565
740
260
194
879
618
646
598
826
430
622
767
86
923
346
873
356
877
520
222
693
642
490
696
872
456
243
874
637
665
406
772
982
519
885
532
85
97
303
845
713
342
564
727
495
216
923
520
449
808
22
9
266
894
274
847
622
294
959
567
192
952
855
520
838
438
763
298
410
190
857
522
718
303
890
518
103
38
904
490
276
168
796
370
578
297
997
525
302
179
931
535
359
145
704
659
208
911
491
324
751
345
222
86
882
542
413
215
441
157
553
260
702
316
716
619
896
550
310
135
597
647
874
534
816
593
518
325
702
581
929
503
320
803
371
727
486
799
647
715
575
665
882
587
109
952
268
890
878
551
413
255
382
166
135
112
51
33
152
152
665
676
680
708
392
778
220
68
111
56
106
47
598
646
71
87
633
363
190
975
895
525
218
907
609
324
463
825
986
552
888
615
801
667
825
610
659
343
452
765
211
100
962
506
886
485
797
388
183
957
827
406
551
185
454
246
874
416
324
129
736
639
529
675
690
340
355
151
639
750
566
665
979
525
879
597
779
382
127
101
30
984
779
590
251
804
445
223
330
874
130406.0
675
381
940
423
938
467
194
896
647
343
101
34
861
420
781
383
795
478
417
811
206
74
963
518
164
99
827
435
84
933
486
282
541
780
660
675
209
930
119
118
379
228
802
552
897
478
866
422
904
547
334
768
645
679
51
968
493
156
924
455
355
172
553
244
909
530
677
292
342
820
277
145
7
996
893
436
185
960
255
843
33
995
428
210
787
593
871
432
721
599
750
366
378
841
459
141
595
708
568
261
944
404
183
893
268
149
257
177
405
778
226
917
320
92
477
239
978
458
144
82
240
113
123
894
269
892
399
863
109
946
875
456
209
42
145
880
482
254
89
942
542
197
434
174
270
143
276
150
328
819
96
114
298
797
918
550
149
12
293
913
383
158
266
893
670
304
570
744
640
340
772
651
435
731
526
689
94
128
874
554
321
912
310
771
813
445
270
42
474
783
237
915
945
446
415
749
508
236
152
51
265
798
251
891
306
806
506
766
975
512
97
84
848
505
815
592
704
341
813
567
603
720
380
219
514
722
837
508
122
59
374
826
503
768
318
186
849
569
182
151
360
739
338
857
900
433
266
839
755
585
51
19
953
556
191
865
490
299
878
603
295
854
896
432
859
571
518
259
143
46
367
843
993
491
477
282
480
281
70
937
238
844
843
573
661
351
533
686
343
199
613
296
215
905
606
261
358
826
598
367
282
903
742
350
803
352
907
554
758
454
412
808
167
867
26
27
460
765
165
861
752
643
827
391
948
520
995
579
812
630
846
568
853
427
122
955
3
943
559
697
902
465
270
228
343
166
682
674
383
795
207
946
569
734
555
324
391
776
866
478
118
2
104
56
248
836
109
971
354
218
169
893
483
255
301
832
817
382
636
390
970
476
729
362
751
384
348
890
290
205
123
933
379
226
787
638
819
617
913
584
833
440
20
75
429
753
914
448
187
81
688
645
384
833
171
29
327
836
349
197
683
357
926
432
158
928
228
144
664
372
545
720
365
219
897
470
444
714
744
314
341
808
827
580
983
495
713
368
549
242
503
202
591
645
808
640
755
707
730
375
286
873
727
681
371
823
206
938
321
872
641
245
170
859
136
961
967
433
654
379
192
879
206
969
741
413
225
153
886
469
803
385
802
584
360
188
967
474
739
397
684
333
218
833
188
870
808
458
253
83
843
672
626
287
795
652
706
303
732
402
876
621
822
562
878
389
878
546
543
245
147
912
860
422
871
480
902
521
107
952
51
8
540
735
507
824
689
345
154
99
516
283
424
248
259
152
630
403
530
693
460
205
285
846
280
881
304
804
917
428
690
659
230
850
303
817
594
298
313
813
249
920
532
272
105
22
580
715
93
48
18
76
599
735
87
926
949
563
451
203
566
678
893
478
423
203
774
677
617
714
817
481
832
596
66
90
757
640
531
767
881
379
539
711
571
260
65
989
771
403
712
656
811
629
755
350
676
689
739
639
744
338
246
154
703
357
454
812
777
318
227
885
139
961
269
832
327
783
898
557
915
482
208
944
710
587
213
58
997
462
305
160
510
704
599
229
976
477
543
218
784
571
630
670
331
118
133
940
508
230
727
367
134
104
109
30
742
600
998
446
578
311
549
257
829
600
174
109
455
735
398
761
303
114
6
28
947
455
88
942
211
129
794
439
146
73
743
348
504
275
948
500
733
346
374
202
326
854
287
118
160
23
193
857
121
11
842
472
691
338
664
330
421
781
882
403
841
401
898
632
644
311
98
41
267
141
356
215
462
722
547
269
525
227
846
544
203
169
651
383
458
253
943
569
811
425
182
967
229
76
568
752
595
357
448
828
841
443
429
266
65
995
277
148
200
129
777
612
770
422
140
122
862
563
963
555
589
799
332
834
971
523
515
745
986
518
95
903
959
515
208
872
693
593
750
605
944
385
277
913
960
470
325
784
841
439
205
137
726
615
755
677
99
904
956
482
419
748
304
775
412
828
713
688
894
471
979
543
286
906
659
296
968
422
831
335
641
752
863
499
971
398
374
103
634
370
302
112
537
237
779
410
886
401
40
89
211
151
935
525
518
825
412
808
207
908
130
993
281
772
826
423
554
323
386
126
160
988
93
937
153
896
742
301
26
978
636
641
185
61
920
460
285
151
496
768
354
197
890
530
910
447
673
379
846
460
599
755
606
335
252
845
893
585
882
523
892
518
138
4
801
623
386
880
483
758
693
648
273
796
833
392
733
325
786
609
151
947
535
237
639
344
938
388
793
371
675
709
154
879
54
20
764
435
487
243
323
853
423
213
