500
6
126783.0
254
200
681
466
732
663
193
139
234
899
635
166
552
929
680
659
789
643
449
842
893
439
228
920
265
926
487
665
296
766
856
572
514
311
749
552
644
404
291
41
809
276
342
867
957
517
291
173
354
89
622
696
972
549
491
667
195
794
748
768
930
391
478
821
278
814
244
78
662
782
584
731
77
935
678
683
835
556
381
219
299
748
257
836
466
316
895
441
985
653
695
341
189
73
639
751
3
974
389
198
267
17
878
468
406
184
456
181
670
224
659
494
734
596
288
742
832
470
403
790
896
432
830
562
132
971
52
68
150
98
407
690
749
410
443
736
938
340
445
230
215
958
590
613
14
968
458
243
160
987
284
965
981
545
159
918
784
564
728
681
868
442
421
164
300
85
89
39
154
870
652
294
874
577
266
864
330
748
684
698
175
127
476
796
380
327
175
210
865
463
434
219
518
798
888
358
790
587
12
989
458
699
501
317
156
211
838
444
52
922
498
810
261
843
199
122
309
820
875
360
276
862
507
287
805
320
681
302
224
901
20
1
156
965
682
360
151
22
992
579
742
328
528
738
732
339
565
319
98
966
929
464
177
925
515
744
718
681
3
965
459
767
550
230
929
559
222
125
887
494
306
68
911
437
852
527
315
241
634
787
393
734
458
758
901
463
801
668
329
889
636
779
591
282
418
286
155
961
272
913
342
227
789
536
70
72
851
612
296
853
317
209
653
284
480
331
849
569
360
932
912
503
209
177
331
234
482
737
849
553
353
139
315
213
639
595
272
890
813
516
143
999
903
531
496
257
105
63
311
746
885
595
277
107
632
500
773
609
101
992
906
446
938
579
344
163
946
502
135
933
295
889
969
487
182
913
846
561
471
735
768
373
966
463
724
433
119
980
668
221
453
848
476
813
968
409
131
47
930
447
247
814
125
880
658
614
245
868
853
416
808
502
266
888
309
233
889
587
831
599
165
113
91
2
969
500
614
630
267
911
291
795
48
921
939
344
425
915
255
957
252
135
483
116
336
216
904
628
661
675
871
321
255
205
83
911
497
277
23
19
869
466
398
818
909
560
758
622
517
149
218
70
267
8
700
325
913
559
286
225
602
588
613
580
390
756
663
613
244
839
225
834
908
495
304
147
197
49
92
87
328
871
525
706
164
103
521
726
430
860
680
772
608
330
287
720
456
706
447
677
927
417
647
313
791
575
712
306
593
244
231
108
262
790
980
459
302
132
632
249
260
943
729
684
182
116
850
621
269
253
496
724
814
499
996
423
225
198
615
740
186
904
718
268
672
607
176
861
78
74
791
779
588
661
725
609
135
939
331
178
528
259
637
372
35
48
617
681
422
797
749
596
238
952
236
61
156
888
808
401
985
541
86
36
547
247
108
52
203
999
329
41
664
655
381
118
488
181
609
713
188
75
48
946
444
296
505
826
486
837
311
823
904
530
441
777
816
443
481
180
823
584
786
655
444
354
547
586
379
797
376
857
539
756
753
702
377
95
318
903
364
165
349
126
458
343
737
679
699
434
19
939
122
940
691
342
420
200
240
90
631
543
863
318
734
508
860
403
991
516
846
438
883
532
570
718
380
732
517
765
799
346
392
738
259
183
333
899
191
81
595
614
150
4
442
269
645
364
73
11
379
104
736
538
387
220
370
831
352
148
991
510
708
635
950
524
784
502
914
597
850
471
703
443
602
509
402
682
97
970
299
924
762
395
393
949
92
910
573
333
723
495
898
551
865
518
296
888
702
748
339
772
865
360
798
529
746
431
708
517
901
531
986
441
595
256
793
680
912
527
111
906
475
638
569
327
553
273
67
982
864
601
181
24
895
491
509
275
792
489
430
842
799
334
767
326
29
956
906
474
540
709
490
769
739
616
647
725
625
628
147
195
241
995
413
115
729
412
572
350
941
436
76
955
703
381
396
826
363
123
529
806
763
580
588
719
874
594
61
99
903
425
521
749
430
267
704
582
342
95
40
973
203
833
904
582
597
675
571
722
68
889
938
413
204
29
561
606
751
251
866
520
769
540
738
614
567
257
269
986
393
291
115
994
874
529
954
514
809
390
840
402
383
115
476
364
460
420
306
253
189
877
682
652
769
415
113
34
408
242
366
97
921
559
550
202
236
198
203
45
488
92
88
14
721
594
123
147
552
878
215
843
884
416
254
179
2
998
80
942
165
948
495
670
621
318
273
964
84
915
596
736
301
317
701
347
208
6
488
614
66
53
592
312
750
571
609
767
302
181
172
23
249
142
339
226
232
148
695
662
127142.0
371
852
958
467
526
268
384
851
317
141
445
755
220
115
693
260
725
453
191
71
867
477
182
65
81
12
495
257
440
139
892
514
446
772
898
418
822
664
131
881
560
706
412
221
984
553
168
916
296
880
530
228
924
538
522
251
434
232
639
327
693
657
449
251
357
209
225
850
350
178
592
328
198
129
626
371
854
489
513
789
486
159
410
190
742
657
762
606
888
443
728
675
270
870
456
260
111
67
380
786
162
934
871
620
363
842
522
753
406
727
811
598
765
406
433
181
956
519
432
226
833
585
773
351
229
109
197
908
126
969
531
231
831
580
582
262
646
676
491
781
262
136
607
290
41
83
468
815
64
93
215
109
972
480
284
105
722
338
636
242
893
547
465
767
88
944
55
966
305
155
602
626
982
468
136
73
543
200
608
350
376
788
475
271
620
632
346
866
887
538
464
792
341
194
768
551
785
410
6
10
460
235
716
685
326
797
963
564
200
153
450
283
295
173
171
972
368
154
815
606
324
148
589
753
750
629
617
605
193
7
48
962
164
57
604
695
185
897
960
461
570
745
452
174
767
598
655
749
229
106
999
462
74
3
578
297
609
336
99
35
465
259
413
844
904
517
221
894
920
551
152
915
967
476
899
480
318
855
323
144
457
217
396
201
784
596
745
347
76
43
524
227
553
767
570
726
156
118
134
127
412
828
884
408
160
945
804
322
222
65
399
786
588
645
559
709
913
407
164
131
885
474
436
789
421
863
553
341
813
355
238
854
419
873
677
349
361
182
921
562
20
4
893
492
498
811
94
928
432
156
738
367
170
876
964
600
825
414
11
79
891
475
729
378
332
867
861
549
238
148
215
117
887
516
282
108
894
456
405
216
788
667
978
481
966
523
123
63
570
718
368
220
333
215
839
516
83
933
854
631
259
121
198
55
754
312
212
142
761
610
925
518
176
149
334
862
955
479
848
366
207
970
46
951
977
428
780
437
197
117
408
117
67
54
746
617
179
180
65
92
244
854
275
826
422
875
659
324
711
315
670
601
406
892
214
163
587
690
161
889
961
462
328
156
845
484
852
421
230
948
164
865
5
948
610
640
885
530
436
745
775
361
849
359
434
213
622
318
324
181
371
159
867
565
356
812
97
947
133
945
154
124
447
201
130
974
530
249
449
229
587
302
680
711
452
184
527
205
752
353
972
497
729
626
827
474
574
652
433
825
263
899
417
159
981
469
338
849
444
786
147
81
553
329
381
814
667
337
513
716
588
300
1000
475
915
569
391
809
495
211
59
35
511
670
724
335
292
114
111
998
508
288
670
351
664
335
149
52
325
802
439
818
729
724
193
948
683
281
324
194
733
429
167
58
164
966
176
87
881
575
808
427
49
974
479
745
89
986
135
56
155
862
716
289
158
931
327
830
615
310
168
999
57
90
453
748
350
213
376
242
344
98
921
550
503
316
901
474
349
807
822
391
793
412
635
737
657
314
415
258
235
178
422
200
686
340
221
865
238
106
401
748
273
814
536
726
636
360
761
573
162
89
70
103
763
625
417
870
289
883
848
375
716
642
884
554
898
544
918
453
868
528
940
507
382
190
598
338
610
304
848
591
476
166
366
869
109
101
67
977
813
342
120
958
573
671
877
551
3
926
105
960
908
496
538
744
197
122
143
952
901
574
839
410
973
514
960
413
744
382
955
531
968
543
858
408
485
265
35
17
11
32
707
680
143
4
66
58
685
649
964
504
943
529
984
428
371
183
503
252
553
254
706
578
869
373
954
492
933
389
844
465
880
549
444
777
723
346
933
478
157
50
780
366
606
652
627
707
13
36
726
328
173
919
858
538
641
700
881
563
350
211
722
573
788
577
126
127
911
450
500
234
457
306
696
394
550
343
562
285
341
821
45
96
200
849
902
597
586
703
877
489
26
81
619
671
262
95
407
807
471
278
894
398
607
271
751
379
201
881
714
660
390
199
447
828
927
421
138
968
78
23
488
226
917
512
608
285
528
341
231
38
748
616
148
895
728
408
498
660
930
397
938
544
672
362
494
727
198
104
662
686
86
54
811
423
959
520
782
668
886
557
307
804
631
654
809
663
367
789
391
168
707
409
971
499
199
890
518
752
349
805
918
491
248
871
381
850
56
895
244
825
48
985
708
373
226
888
195
167
363
131
917
525
332
790
78
74
192
108
72
88
496
257
501
739
152
34
201
59
551
328
644
733
661
681
119
937
897
423
16
941
607
670
956
500
385
242
382
762
67
976
388
854
362
785
179
934
689
436
127296.0
152
49
947
539
538
792
247
117
211
897
389
244
274
815
413
786
981
454
58
938
888
436
38
928
14
930
509
756
202
931
939
549
559
279
719
638
694
372
285
113
606
302
288
851
980
478
115
115
371
192
397
804
952
411
535
768
325
844
658
584
552
285
646
665
480
806
126
73
466
766
606
749
196
939
715
557
876
582
320
118
311
888
367
806
767
410
662
320
979
473
689
293
292
81
641
647
102
976
498
235
315
157
771
467
384
135
488
237
612
262
848
379
745
608
212
882
840
426
410
791
830
410
829
621
275
835
258
160
13
21
450
830
778
332
359
830
647
382
482
221
229
905
641
748
137
950
366
113
135
993
392
812
928
470
340
798
611
704
455
805
974
553
342
160
142
16
77
103
196
862
736
383
939
550
168
828
301
862
716
551
584
281
421
785
726
306
204
43
936
466
418
266
322
815
904
540
782
653
17
962
519
722
470
247
301
125
824
486
216
921
491
811
223
893
145
21
394
833
877
402
404
842
478
180
786
385
822
434
45
980
190
108
143
898
497
268
173
107
856
527
629
279
427
776
826
329
441
176
205
837
825
552
26
963
544
712
641
723
55
937
470
764
331
224
943
548
185
119
976
442
270
114
896
586
981
589
334
123
293
828
536
713
451
779
867
369
735
629
97
872
487
794
617
306
698
348
130
968
413
803
208
109
785
557
170
50
675
638
205
945
415
168
717
321
618
277
915
559
369
820
977
431
356
118
306
138
538
730
822
606
132
64
301
203
761
678
426
852
860
507
120
939
948
575
539
281
232
170
198
908
584
712
201
68
664
300
932
489
324
842
878
426
859
551
95
56
867
494
107
951
299
835
870
460
377
807
874
515
389
855
565
283
942
580
873
556
172
869
557
324
508
722
468
779
962
469
105
72
718
445
244
856
74
907
586
639
129
930
882
451
966
559
166
930
262
200
955
424
871
572
187
58
99
80
866
510
846
601
180
907
285
842
4
956
800
436
377
810
146
968
272
51
344
213
287
194
762
584
459
777
687
388
302
96
200
905
675
326
216
76
893
553
397
820
995
456
845
566
208
144
209
151
273
137
668
375
893
566
478
156
672
684
630
724
479
688
662
641
516
737
500
756
844
410
387
222
248
133
144
14
237
929
310
814
227
122
531
776
440
757
642
615
489
288
303
891
460
743
655
651
911
563
653
289
943
510
543
264
301
126
235
40
500
751
747
624
367
134
368
226
166
841
534
734
368
185
738
676
377
190
640
712
841
613
812
453
329
121
497
724
95
932
662
425
655
668
250
794
60
53
674
622
667
699
690
655
132
942
415
263
410
254
622
354
125
115
481
712
416
803
940
486
165
972
34
3
144
878
779
350
925
520
191
96
656
313
148
80
193
888
285
150
660
702
285
125
284
111
634
652
7
10
220
827
428
199
410
715
368
786
83
949
793
353
635
682
951
473
374
136
778
683
786
534
494
254
745
657
507
793
303
790
390
882
568
679
308
101
243
933
598
290
489
236
567
372
798
632
904
450
244
902
168
917
763
382
254
86
85
68
865
596
756
430
709
358
905
384
924
626
878
460
844
583
442
793
609
723
747
653
826
371
491
745
263
118
213
834
68
75
680
673
161
112
703
281
976
455
118
1
63
13
908
418
653
335
320
892
131
28
773
428
799
625
977
487
815
513
821
605
778
374
829
429
706
663
399
804
145
925
166
918
601
358
185
899
60
946
666
366
958
399
847
420
834
595
298
819
652
662
506
782
874
402
795
675
854
546
804
587
890
537
883
374
340
189
661
622
956
458
97
915
813
622
634
325
563
215
160
882
627
669
15
8
949
534
638
273
785
441
368
883
931
493
934
488
152
917
950
457
598
680
571
751
762
609
857
580
631
656
363
98
328
836
284
218
831
335
576
256
919
590
84
905
481
235
277
810
405
268
498
716
821
645
612
754
863
586
275
74
710
387
264
837
534
272
767
588
135
23
100
984
465
770
1000
566
658
692
725
638
60
948
881
433
334
149
719
600
732
438
822
538
954
471
595
721
416
176
203
940
613
261
104
874
839
650
845
384
693
267
967
425
275
157
759
316
669
239
411
187
217
857
892
581
884
408
171
35
541
288
504
294
904
454
265
167
220
143
269
104
439
237
69
83
704
720
238
111
427
813
407
822
978
517
464
187
39
995
314
889
65
991
369
817
537
343
65
902
48
984
615
719
495
274
660
339
205
73
775
646
198
69
599
251
998
530
427
754
306
153
56
118
340
114
400
123
199
56
865
633
125293.0
109
971
883
378
426
276
94
983
309
132
464
733
462
261
395
193
961
526
207
128
996
472
129
8
101
76
375
223
63
94
988
505
472
728
642
297
790
670
234
793
665
670
171
55
950
470
241
960
457
719
418
256
795
562
325
183
310
139
903
406
549
668
708
331
265
119
72
911
573
288
518
313
121
48
814
434
940
473
69
968
75
51
352
114
667
685
620
780
790
617
466
751
193
902
624
350
61
87
481
714
205
854
972
589
243
882
467
686
518
721
777
662
670
338
238
114
982
530
394
268
905
493
888
476
402
157
318
937
177
908
453
203
716
700
291
180
909
566
598
712
197
136
566
277
100
102
244
823
7
82
353
220
957
494
233
120
525
255
360
238
932
410
241
825
134
952
260
896
319
86
940
518
952
470
388
191
159
49
931
392
517
811
514
309
532
792
152
915
903
582
454
730
492
262
769
389
842
431
148
82
566
235
496
803
94
963
954
574
284
113
410
281
288
100
21
981
223
130
986
506
260
69
418
847
786
572
936
562
106
32
273
898
198
97
537
739
103
960
907
474
557
653
410
263
534
753
356
787
411
172
948
464
187
80
628
305
603
308
158
121
487
267
435
702
908
499
72
978
704
652
245
838
808
463
840
475
204
872
527
265
677
320
460
236
840
576
618
345
282
205
538
284
730
657
673
684
121
35
281
146
104
918
979
516
149
920
815
355
156
104
311
809
602
687
547
695
951
430
366
267
832
528
294
913
202
880
641
289
742
321
232
916
307
890
646
266
265
176
985
534
92
66
958
467
611
695
242
835
55
25
570
366
81
889
519
686
942
489
212
88
950
545
765
350
177
896
954
531
47
21
291
134
922
445
365
174
853
437
443
200
705
672
902
473
869
352
133
39
784
613
511
228
485
253
928
548
173
969
977
564
433
209
158
19
629
270
228
68
802
628
850
362
226
107
264
894
809
610
901
488
170
907
214
943
966
583
678
352
237
184
237
67
88
10
954
473
371
263
211
111
24
959
500
761
441
793
822
459
515
232
784
664
109
971
34
26
663
589
71
962
806
406
255
109
838
538
818
457
425
777
308
934
257
794
615
688
905
402
367
876
600
287
576
280
580
350
666
262
474
188
544
203
890
546
296
851
191
885
149
931
270
167
429
245
222
965
535
259
574
283
809
375
532
688
105
82
517
209
552
282
833
379
476
786
944
546
511
700
362
811
267
866
338
161
611
309
166
874
533
731
356
110
475
288
350
817
760
358
203
903
553
257
770
364
987
506
114
934
660
306
277
141
971
530
668
292
469
179
197
906
627
310
550
216
611
267
168
18
547
710
383
834
740
679
171
871
451
253
344
199
990
417
27
42
85
976
177
128
722
678
923
506
139
946
579
716
163
992
202
182
311
800
537
306
263
781
332
792
697
294
73
944
332
108
499
777
412
224
544
279
64
16
692
655
667
283
946
450
258
797
658
395
994
558
339
821
551
301
407
139
514
264
269
147
693
372
218
802
183
95
462
737
442
858
702
700
860
463
893
643
271
115
34
9
794
541
63
953
210
956
673
355
864
625
551
717
765
588
753
474
870
557
936
513
527
257
485
206
692
363
828
610
394
238
225
976
364
248
129
986
761
353
129
940
498
799
990
547
47
976
138
891
716
680
625
733
60
34
141
884
977
522
723
356
857
541
940
518
933
461
794
531
925
576
670
244
360
240
148
70
233
177
774
584
337
187
117
8
685
670
811
682
742
652
750
368
270
141
797
371
376
196
996
499
572
344
962
531
843
388
890
416
862
545
425
851
763
455
820
565
194
48
602
321
701
694
482
809
338
138
744
428
60
981
967
414
462
796
865
485
243
79
874
450
965
453
167
83
932
469
563
261
559
236
783
341
895
406
628
374
362
817
353
234
497
695
688
621
500
773
767
365
212
24
465
708
191
94
443
773
549
260
653
342
534
325
853
495
24
951
826
640
382
164
445
783
683
323
20
931
4
28
416
154
854
435
552
272
734
273
168
113
880
610
254
925
730
322
853
589
982
427
968
600
481
239
488
787
94
18
461
787
270
192
800
420
829
526
637
715
982
528
465
769
548
676
406
759
200
889
136
81
848
409
714
636
91
970
673
703
469
725
915
486
473
757
341
772
160
948
586
724
282
822
550
254
152
897
330
224
319
101
993
473
299
818
124
24
239
98
145
63
412
168
767
663
31
33
24
35
452
230
409
797
638
699
240
882
618
281
257
839
546
752
953
387
487
282
145
913
117
979
344
805
199
949
25
931
648
366
123258.5
53
36
602
708
440
775
102
3
255
900
646
315
618
666
571
708
958
445
422
774
924
431
58
924
154
945
352
872
138
930
910
530
615
278
533
672
684
287
342
233
729
430
16
954
931
508
152
138
454
188
444
772
846
492
398
873
142
903
882
595
672
421
649
603
288
890
202
38
519
717
623
618
199
929
793
629
958
580
54
104
76
995
220
982
580
236
565
301
870
431
575
344
360
164
793
573
146
877
432
195
426
241
818
491
383
216
548
240
702
323
665
250
828
573
321
888
888
558
371
811
837
595
924
535
254
907
91
64
124
61
407
892
619
312
273
887
939
423
532
245
314
833
558
724
212
978
304
122
245
888
393
742
900
512
192
870
383
805
604
680
914
562
460
220
107
114
66
61
207
872
989
532
940
546
419
813
94
907
833
614
333
121
552
757
370
183
1
12
786
458
470
173
637
716
699
640
919
598
177
927
441
816
483
227
156
134
968
481
142
984
538
666
168
976
21
10
263
810
999
552
140
996
246
181
909
459
814
388
93
910
193
152
149
942
497
230
151
81
984
465
781
342
614
747
628
335
360
128
182
906
847
577
158
993
482
750
626
675
144
947
457
719
563
359
901
457
58
66
638
301
205
102
879
552
941
453
276
87
563
637
551
721
572
762
840
475
763
584
493
795
600
627
786
390
471
247
115
979
355
787
256
88
791
404
252
102
559
708
197
847
304
154
514
244
582
215
884
616
646
679
942
485
96
22
236
36
650
707
693
722
175
122
125
111
521
749
346
828
781
411
136
999
952
450
735
360
286
195
93
908
777
628
263
137
514
243
985
475
195
820
882
526
859
580
263
201
896
558
78
968
310
864
867
527
238
921
897
604
243
875
534
306
989
482
652
748
11
939
839
385
511
715
467
842
900
453
94
106
949
464
477
802
94
990
554
777
121
993
685
388
749
622
215
972
141
95
869
449
905
507
272
138
117
47
862
452
572
734
505
763
68
907
37
964
990
525
576
666
313
894
32
13
555
299
427
138
960
490
454
772
837
435
121
38
168
928
774
332
21
6
849
590
157
886
932
540
781
580
548
313
248
112
341
149
781
371
755
656
227
40
625
756
735
621
655
747
422
815
276
848
287
894
977
527
360
157
194
63
228
93
459
752
376
778
148
72
545
688
603
630
746
577
523
263
155
975
399
833
431
786
934
543
486
244
981
509
747
361
472
200
159
35
219
932
651
635
271
62
501
232
318
814
627
613
363
157
879
577
23
6
540
694
696
731
920
543
141
106
581
628
269
887
825
383
727
654
213
890
165
88
764
590
348
858
568
679
48
977
592
295
295
134
540
270
119
32
446
770
439
805
866
640
108
963
106
67
241
916
681
333
884
402
252
129
619
315
57
87
334
784
499
228
498
780
454
318
305
156
595
711
92
63
42
989
351
171
494
762
573
715
114
924
765
353
461
784
999
516
504
230
808
523
992
488
345
162
543
759
156
945
416
774
395
770
766
618
390
206
287
824
428
178
360
156
524
255
891
482
834
420
136
965
88
970
946
416
153
118
137
122
567
743
752
430
445
238
811
444
879
534
1000
478
891
442
496
832
292
819
719
556
847
459
480
820
54
13
538
707
103
18
641
737
86
120
427
270
802
427
116
7
357
188
546
320
550
301
156
870
248
214
992
448
576
741
866
403
907
576
855
521
839
412
738
363
477
767
481
845
103
874
465
795
742
406
320
841
153
922
507
267
614
280
662
344
841
583
208
930
893
561
346
894
909
477
550
694
841
385
761
636
914
541
976
547
301
241
921
556
724
387
90
999
592
761
467
232
240
143
97
957
858
513
35
30
859
535
486
205
994
445
224
859
985
464
870
508
38
977
928
507
399
813
432
739
579
674
805
604
601
724
261
109
450
798
636
295
682
361
442
177
699
621
37
952
682
290
248
808
517
310
366
808
661
693
739
672
925
537
95
36
839
454
242
898
451
194
566
732
155
159
155
887
126
942
950
561
555
739
493
703
168
950
910
450
295
146
575
682
838
495
842
535
722
319
573
735
459
240
146
888
368
176
415
858
763
603
797
390
592
308
823
427
371
179
636
233
417
141
228
78
205
891
756
648
739
299
205
93
507
201
597
354
961
500
672
333
451
144
141
20
592
302
266
181
591
692
153
98
540
739
132
891
983
565
239
136
37
959
4
995
266
887
307
871
616
311
154
869
151
905
458
754
302
158
571
261
148
26
535
763
308
141
528
239
844
580
697
651
106
86
124
119
216
99
59
3
282
115
568
712
122201.5
66
912
573
232
466
321
102
958
292
129
626
594
645
389
572
276
890
517
390
201
871
584
188
135
289
152
237
126
77
28
858
377
424
770
553
277
567
809
471
713
901
515
87
137
940
519
254
933
297
795
502
244
905
471
216
152
127
75
808
430
876
518
811
350
144
39
42
896
632
356
824
404
188
19
721
392
774
427
209
838
99
89
70
58
346
848
585
644
773
651
685
697
233
865
818
420
75
33
386
872
375
804
805
609
524
734
524
809
656
652
378
827
848
377
305
108
918
401
312
189
821
443
831
417
193
29
192
929
236
857
236
58
499
732
212
120
946
493
434
811
369
119
570
281
60
50
310
836
83
51
466
248
964
519
106
50
372
253
551
331
868
398
458
686
167
866
38
995
142
74
881
554
889
419
324
143
107
75
838
352
211
918
601
342
218
915
136
951
831
538
374
751
624
351
809
392
758
426
175
22
270
91
375
853
83
963
983
589
5
42
699
271
59
97
10
970
277
171
988
509
44
82
501
780
967
477
739
625
169
82
273
895
93
91
501
773
257
884
891
511
866
576
481
284
759
595
214
821
351
159
985
464
118
28
542
236
741
378
195
48
515
260
579
713
894
511
151
992
564
693
325
816
841
487
727
637
160
963
871
447
550
200
483
168
831
580
915
482
404
247
860
402
764
643
372
784
230
118
413
189
223
838
682
683
12
990
753
390
322
218
326
835
584
696
271
880
684
371
630
234
830
561
54
996
247
878
597
310
621
367
322
835
298
833
531
214
152
80
677
648
19
78
905
525
607
735
362
874
207
124
828
403
233
815
428
827
948
436
333
82
821
413
853
519
337
826
805
453
146
80
318
127
950
570
181
147
777
363
274
189
567
701
908
464
528
215
171
50
773
593
562
334
320
194
984
480
179
864
877
491
399
137
163
87
412
216
42
61
769
559
717
302
44
88
72
937
925
523
875
397
206
853
21
934
942
607
635
336
523
259
168
55
115
7
899
421
667
244
230
180
23
957
584
644
296
901
903
602
500
325
941
516
95
983
167
83
630
754
32
984
820
339
228
200
984
560
910
416
807
604
189
904
359
809
803
588
652
408
45
933
547
232
737
285
394
230
331
203
306
173
301
125
977
537
196
864
75
922
115
943
412
242
541
298
116
922
428
216
561
285
932
515
649
657
95
51
374
130
493
193
929
446
656
676
957
427
653
642
468
734
123
895
87
11
749
372
288
857
579
713
359
122
697
331
218
891
888
403
207
899
555
262
510
323
974
498
300
886
698
424
282
179
805
629
700
362
231
75
99
957
978
488
242
149
768
399
112
80
501
769
300
791
580
641
68
970
450
212
329
219
740
419
108
92
187
907
125
2
721
656
749
569
133
911
736
610
125
957
402
205
394
747
388
248
710
661
431
776
635
247
138
846
19
82
394
763
515
250
582
385
126
122
683
701
561
300
970
557
515
778
875
484
984
464
189
907
447
223
153
104
404
174
507
233
704
356
454
787
377
154
431
844
290
866
463
833
861
436
778
654
134
9
49
43
735
582
199
845
205
917
540
244
931
529
381
854
738
628
978
512
905
585
893
593
513
253
351
108
766
367
753
630
427
186
60
900
573
232
53
886
372
180
271
903
429
828
737
659
96
995
489
788
660
713
489
735
271
129
382
831
891
561
579
319
824
550
803
337
953
469
824
633
595
692
436
194
414
170
361
135
321
189
814
613
350
242
108
42
685
672
453
781
649
625
795
422
163
139
898
523
169
99
973
444
584
365
681
657
746
283
964
433
756
376
532
760
849
452
720
700
90
45
517
187
494
699
285
804
72
46
920
463
63
900
990
561
413
718
871
643
401
239
925
477
841
583
63
27
886
462
364
159
614
264
796
417
884
398
546
211
220
967
438
206
586
694
766
632
400
875
816
428
65
27
572
765
365
239
495
752
417
290
783
403
587
256
940
504
22
993
992
475
395
197
273
892
676
319
415
816
221
57
208
82
904
537
553
237
710
320
60
12
913
490
213
856
604
255
891
552
876
560
628
706
567
269
460
718
268
169
377
854
171
100
739
332
805
642
762
623
920
510
436
772
459
841
282
902
172
969
176
132
658
257
574
634
151
998
403
782
749
703
948
568
674
599
250
934
157
942
697
614
391
832
467
258
154
968
659
336
152
61
960
446
236
915
182
67
135
99
303
148
247
74
586
625
302
184
74
19
634
333
302
930
588
724
66
895
467
164
188
909
433
781
776
386
657
296
363
821
260
927
316
807
39
959
73
965
581
362
