500
8
130863.0
949
550
626
329
626
391
686
514
927
346
710
386
645
851
459
845
888
593
360
161
273
954
234
923
5
990
273
99
784
496
137
998
481
116
561
260
879
497
756
560
644
586
777
383
219
1
948
434
570
411
538
162
950
449
240
107
740
483
383
855
741
573
242
820
905
504
763
593
140
887
479
247
996
445
83
993
832
590
640
420
460
674
691
263
96
998
329
164
881
532
377
238
532
239
571
295
647
497
627
241
784
666
262
20
346
126
840
616
417
150
856
396
166
911
338
765
887
564
445
107
458
261
599
622
312
167
187
76
358
905
671
687
982
572
719
549
867
432
901
575
199
71
519
779
353
274
523
287
938
592
414
142
512
845
742
468
940
685
894
458
748
654
390
28
778
493
142
19
397
67
680
327
237
916
435
217
809
430
775
493
751
491
167
48
387
675
326
866
933
357
997
580
319
39
143
779
797
517
105
53
932
544
311
987
866
577
804
607
713
339
127
939
471
385
781
379
275
943
281
799
856
592
486
207
645
297
302
147
452
615
262
208
440
305
621
653
493
814
734
646
464
221
870
577
582
267
537
221
849
440
500
163
922
488
242
920
236
889
409
227
991
539
60
976
239
764
124
853
653
313
579
354
312
230
905
435
961
541
333
290
187
132
570
240
963
406
725
570
178
943
947
466
888
464
370
45
275
7
169
38
979
596
389
819
311
920
228
179
549
297
335
821
150
920
758
636
259
860
872
452
752
419
153
953
914
485
916
628
441
707
95
18
835
518
235
907
521
657
148
964
523
303
787
366
500
686
469
118
947
619
627
430
747
403
273
916
397
723
996
552
247
987
545
297
418
737
733
582
259
928
760
443
443
837
967
406
424
905
548
772
178
968
409
28
657
749
910
603
801
417
914
469
116
856
965
373
846
564
173
153
122
995
40
55
159
933
117
167
251
6
400
818
184
14
322
196
543
861
856
454
309
92
199
977
859
605
236
30
623
593
407
874
697
658
915
495
148
945
602
722
247
253
950
520
396
278
533
708
529
697
325
788
393
832
649
375
213
131
272
184
794
377
523
217
908
509
326
293
208
123
799
533
347
282
506
239
383
761
685
640
146
857
746
372
198
921
505
732
854
564
819
557
75
108
654
395
707
340
639
632
656
306
179
97
720
371
571
403
89
1000
800
416
978
572
235
872
837
555
283
819
505
210
241
871
110
103
151
23
295
240
158
930
408
916
847
604
210
795
514
647
200
957
394
274
535
401
201
75
978
421
325
806
631
808
509
785
657
304
611
267
681
295
618
113
246
904
332
196
358
108
528
227
185
728
507
694
465
314
98
8
572
743
581
153
977
384
818
508
166
64
833
282
291
801
942
654
155
941
593
595
62
957
998
531
190
987
495
803
839
555
572
827
585
723
879
534
264
916
291
870
329
927
11
952
400
898
808
615
887
341
653
782
394
6
405
948
130
5
423
281
490
207
353
828
665
490
785
513
749
550
253
105
143
927
322
852
324
810
365
954
228
91
325
216
508
209
288
942
826
376
83
68
922
344
272
43
569
639
385
847
706
687
936
507
537
605
319
160
720
409
378
98
678
546
324
881
320
975
801
297
560
255
554
700
463
332
754
372
427
352
918
353
702
591
538
733
521
303
169
47
685
226
562
219
252
968
520
260
833
481
435
759
304
134
801
608
638
687
798
307
873
528
741
357
981
550
675
361
896
368
777
694
311
18
806
689
334
221
852
639
888
478
360
47
500
758
398
803
424
816
317
794
299
41
763
637
440
919
191
119
320
296
986
617
156
871
193
90
469
197
802
440
647
543
489
10
554
726
493
316
350
183
910
649
364
921
601
288
644
750
658
226
232
244
835
621
420
223
760
500
814
706
383
688
631
282
454
684
268
222
429
145
526
716
117
881
272
156
352
832
683
659
265
43
402
903
472
219
454
81
286
879
150
891
239
962
511
240
156
938
786
644
466
785
875
393
995
603
539
681
291
772
695
662
889
514
218
827
195
10
256
129
951
554
569
248
242
78
174
120
769
475
367
859
496
411
921
577
39
28
728
264
113
974
731
459
780
638
497
663
533
618
976
560
418
817
981
552
253
966
961
365
263
859
463
143
966
481
877
364
867
539
679
217
638
294
660
567
159
15
555
582
692
589
194
972
740
320
788
662
415
202
355
821
609
793
103
896
506
223
575
906
440
787
348
290
407
848
76
959
735
272
216
977
281
40
720
667
575
260
203
981
954
438
492
752
278
133
115
11
973
471
485
173
100
948
920
469
956
484
127623.0
983
510
656
663
861
564
913
487
750
667
802
562
246
61
341
234
880
484
333
881
46
63
269
173
191
98
301
816
921
465
66
59
197
908
364
796
936
515
806
456
972
476
741
570
72
974
835
624
686
639
456
752
867
593
230
831
877
522
412
211
813
353
407
250
883
527
755
365
199
70
421
741
885
496
8
9
766
373
695
666
496
261
568
708
16
7
342
738
986
442
495
764
472
835
574
788
841
597
456
856
628
376
32
958
288
850
873
451
326
788
764
682
187
50
399
162
984
480
187
876
447
809
590
293
293
892
191
958
292
123
740
413
952
483
999
524
962
511
871
513
45
996
516
286
708
666
578
779
971
501
113
951
290
178
863
516
804
391
931
461
706
430
138
894
843
564
104
937
139
836
680
729
242
119
286
866
764
658
957
583
936
516
134
866
628
227
401
212
770
562
956
462
44
996
442
141
955
538
84
981
892
465
193
103
722
344
695
399
812
587
171
130
637
683
790
530
151
12
348
169
849
506
489
733
588
632
235
896
690
342
343
887
492
773
672
322
375
171
752
367
520
702
776
449
631
635
328
825
986
518
395
786
956
425
244
67
338
200
474
696
985
555
126
17
413
169
182
109
445
787
577
687
317
819
977
494
934
417
529
709
290
774
537
799
901
565
728
392
82
97
897
498
983
532
258
876
173
910
5
997
771
323
268
109
211
48
348
901
686
605
264
130
38
39
869
460
326
174
920
524
917
569
56
93
952
460
749
432
588
323
68
980
789
395
322
151
779
394
222
110
634
634
615
703
557
320
359
784
631
317
858
473
844
529
179
3
619
374
724
375
123
38
566
748
401
194
667
318
338
169
854
627
337
245
901
584
171
131
506
258
62
50
138
981
536
281
755
300
975
491
884
592
153
47
795
561
879
457
240
904
72
69
161
909
298
159
307
881
131
944
455
212
160
920
295
846
290
177
931
477
155
925
167
120
735
353
44
951
723
372
171
135
754
340
851
546
26
21
412
224
569
735
795
390
440
807
716
348
652
263
329
168
365
151
729
683
355
837
439
777
852
580
417
704
969
579
582
798
135
896
894
458
630
713
448
783
574
264
816
361
461
222
711
622
241
145
520
326
842
429
989
469
100
979
869
563
555
693
762
341
702
622
36
963
786
652
832
582
5
45
837
596
992
472
181
112
858
474
539
281
464
788
229
116
176
931
53
999
572
688
223
131
234
114
828
473
288
114
812
405
114
139
470
820
654
649
24
999
936
509
393
149
393
166
255
136
672
634
624
684
618
719
239
787
37
36
338
769
90
968
556
684
587
320
581
365
645
652
93
1000
520
338
270
838
803
563
924
489
181
963
742
631
419
156
622
360
133
6
812
324
207
78
855
374
115
66
340
231
836
456
273
82
594
265
863
410
208
147
383
221
157
158
156
104
124
24
905
471
720
566
601
293
25
995
155
129
119
908
535
777
439
727
439
186
961
478
974
456
901
387
141
890
235
90
174
61
218
105
147
12
288
827
399
760
392
845
266
133
909
546
117
981
689
592
86
915
844
388
424
183
662
326
873
553
849
356
249
903
856
586
114
984
945
469
200
71
90
103
682
690
666
663
538
279
611
648
616
675
770
640
676
725
791
451
503
325
468
781
35
920
346
836
445
699
141
41
498
700
917
615
552
320
268
778
921
456
465
229
458
761
877
485
720
570
946
441
581
689
787
611
671
292
169
903
641
340
488
789
668
394
997
545
162
919
445
211
218
110
545
279
430
226
202
936
670
275
270
153
226
886
704
606
708
355
409
225
330
855
482
776
896
583
750
358
3
930
447
200
644
763
447
767
756
437
290
136
578
668
527
280
620
675
423
745
814
448
481
833
866
427
677
297
588
234
471
752
660
273
375
853
410
805
459
198
124
36
357
830
285
181
750
438
216
870
59
17
477
708
220
842
86
64
307
114
87
65
460
781
128
122
800
388
460
151
700
595
878
389
541
282
488
220
605
263
902
553
243
87
39
986
116
957
944
416
651
697
160
956
336
808
880
529
95
54
878
585
889
465
205
896
550
690
119
36
727
634
711
388
805
377
809
382
876
524
406
177
976
513
60
12
698
643
263
166
206
916
898
496
691
657
850
382
366
785
549
722
863
427
5
938
753
319
752
326
44
33
742
639
705
278
553
739
263
99
575
294
228
136
586
694
308
186
396
239
627
688
300
170
134
4
559
810
109
107
161
931
617
297
563
646
114
76
881
478
414
228
96
951
5
998
910
440
420
832
3
36
996
503
957
568
128457.5
941
412
518
279
804
364
904
611
729
378
956
526
135
849
468
681
898
532
175
22
107
961
396
803
166
872
296
177
927
475
176
962
339
170
472
301
852
564
852
552
912
519
827
475
47
51
784
400
640
370
595
263
943
475
342
157
962
399
338
847
618
683
445
763
960
410
666
715
146
925
589
232
864
563
48
981
788
546
663
245
427
753
578
331
27
956
541
186
893
501
559
257
177
73
573
262
729
420
261
211
893
541
95
56
292
145
932
500
431
148
561
285
32
971
318
877
955
584
370
147
501
271
636
756
172
146
97
84
336
875
829
625
931
480
796
408
851
574
924
567
67
14
541
684
625
255
438
292
890
401
161
94
330
752
928
461
826
603
975
455
783
601
211
195
992
478
167
39
374
232
626
296
139
937
175
114
639
389
811
486
912
525
207
140
458
734
353
842
826
440
763
616
48
80
195
895
978
440
29
25
988
449
257
932
751
563
832
574
854
442
319
807
549
247
869
434
151
957
416
783
840
575
705
343
836
393
94
51
807
564
137
105
531
243
740
670
367
797
602
688
541
283
981
460
868
429
309
117
926
413
487
284
936
475
48
993
431
728
657
342
807
384
191
902
340
896
360
806
412
160
533
250
288
151
918
541
820
534
469
197
451
201
376
268
835
466
606
699
128
996
950
438
980
543
241
27
174
71
71
13
628
624
250
831
96
954
260
85
722
401
350
791
164
891
928
510
263
856
906
496
884
370
314
843
949
521
740
597
723
600
125
55
738
569
187
867
705
665
277
894
674
398
644
377
583
668
411
244
595
641
944
438
952
458
169
900
643
706
694
605
78
923
543
296
328
822
725
674
397
816
672
302
617
664
877
398
358
868
499
720
101
901
101
33
685
685
580
711
897
514
808
336
56
937
926
523
941
483
219
140
30
965
54
29
248
883
227
163
57
42
434
871
119
83
445
226
350
754
889
526
240
75
170
934
767
552
88
10
550
728
328
777
699
584
938
443
57
957
438
772
380
192
863
604
400
149
587
681
553
688
272
818
307
826
652
247
361
261
326
152
892
429
763
373
815
484
281
145
306
199
953
460
559
275
384
227
534
719
869
551
366
778
726
366
148
947
586
686
730
614
950
541
99
16
710
364
438
230
737
644
701
314
63
31
774
398
703
382
12
974
959
483
896
488
373
832
877
430
451
758
484
243
298
895
142
100
126
84
542
308
129
938
327
855
888
575
299
792
733
650
194
860
279
126
523
258
75
56
932
455
346
793
424
771
369
809
771
462
462
216
584
369
474
226
175
868
468
301
44
83
776
366
628
764
744
695
723
353
116
58
721
669
418
216
853
481
954
541
135
75
829
468
368
756
786
632
21
989
633
723
65
936
791
547
70
938
418
801
781
601
45
958
575
650
818
583
343
864
463
706
412
782
234
873
168
945
923
489
818
444
495
751
24
103
253
876
287
143
357
136
578
349
426
860
959
448
814
542
824
662
278
79
112
925
186
931
109
931
70
988
293
192
522
273
335
158
242
822
906
458
120
117
862
413
123
17
751
625
449
778
687
607
981
501
651
727
207
126
829
366
47
5
955
482
254
863
351
833
664
393
637
366
397
803
826
415
806
384
775
425
565
359
953
516
548
770
467
194
195
126
491
249
559
354
83
873
518
215
862
465
708
671
517
223
858
590
407
827
436
279
890
471
868
412
903
509
631
346
874
412
572
675
108
74
822
584
434
223
646
649
977
506
210
156
434
839
162
923
572
788
383
864
128
84
584
679
319
755
55
24
761
337
741
624
386
831
267
143
428
256
770
451
724
638
263
160
367
752
298
151
659
328
939
550
332
765
718
394
616
739
689
367
396
220
894
481
207
131
974
530
706
676
534
764
620
327
526
686
318
197
324
177
410
737
58
983
399
196
454
748
773
605
391
180
72
905
652
366
334
254
175
847
228
985
177
859
391
191
302
906
734
604
167
885
773
316
774
627
535
670
449
736
497
781
907
459
126
901
9
14
237
111
819
601
566
294
49
65
331
130
869
413
280
853
728
369
880
487
321
183
620
368
81
996
822
454
909
532
674
723
645
690
833
428
464
813
842
392
93
996
700
399
277
862
145
103
943
522
605
327
832
588
416
176
662
362
675
660
211
133
519
715
609
717
238
890
655
371
539
740
501
214
323
848
692
638
320
910
591
251
392
724
399
790
534
306
464
788
77
923
300
210
166
894
17
8
542
657
683
416
148
950
920
508
442
743
70
16
120
32
906
569
448
180
130
918
937
514
901
477
132223.0
724
590
552
695
698
707
810
345
879
553
965
561
448
249
625
362
938
534
103
937
7
27
327
131
216
43
445
745
807
625
155
109
419
829
632
750
968
514
727
359
913
441
948
459
226
865
842
540
605
694
461
710
875
525
297
889
724
649
302
152
608
275
482
170
769
662
598
252
26
49
508
774
826
403
101
19
990
492
519
778
577
259
639
716
229
122
299
871
988
599
615
733
135
864
525
714
801
548
396
793
786
399
149
866
237
883
940
478
335
780
688
635
151
108
308
195
859
465
285
793
461
760
657
332
413
818
292
876
309
135
655
376
866
565
852
637
942
472
959
511
127
976
704
323
429
786
680
699
853
506
185
976
505
231
882
595
853
380
1000
467
762
341
551
716
907
432
165
887
531
784
618
662
208
150
324
869
717
685
860
435
959
533
265
806
478
275
446
239
867
612
730
326
256
824
261
84
841
660
171
919
964
514
41
64
853
494
985
485
870
507
502
273
507
763
788
650
18
75
416
223
878
400
629
725
883
582
144
955
769
336
176
869
390
847
620
298
311
137
642
347
489
803
972
523
706
653
349
808
825
679
749
626
1000
508
131
100
540
190
619
648
673
631
46
28
183
108
378
216
346
824
616
725
282
931
914
464
925
530
385
900
315
851
574
632
946
604
615
262
4
26
889
632
901
452
96
875
310
839
30
894
699
392
348
164
90
8
186
988
811
658
387
173
282
123
970
425
165
104
955
405
764
694
273
143
963
562
857
432
743
440
129
994
843
337
361
135
584
275
243
63
838
601
787
649
549
255
512
687
884
434
974
560
934
473
293
146
416
213
828
356
187
26
405
792
401
172
809
387
214
100
580
698
512
243
791
532
267
122
639
297
102
49
63
870
528
277
681
319
851
457
684
686
132
33
921
469
900
546
244
802
182
82
52
1000
244
185
437
790
69
993
153
113
248
914
444
862
509
346
915
510
248
925
207
139
914
412
29
945
502
201
383
210
843
436
888
478
149
126
550
272
419
719
888
412
414
826
726
369
597
305
407
152
178
74
521
739
518
751
307
890
932
511
695
638
880
505
232
829
348
869
851
626
534
783
408
839
441
184
786
364
454
147
720
707
237
102
734
407
856
464
962
455
91
976
741
592
447
783
756
421
540
741
74
952
743
584
813
659
88
23
993
560
845
565
361
107
854
602
480
315
440
737
307
190
72
986
83
982
645
738
100
34
323
243
832
462
562
267
755
330
255
56
259
905
555
713
162
893
971
541
514
247
323
159
499
208
869
575
371
806
832
634
614
684
232
52
596
782
192
840
766
598
332
143
697
356
592
746
126
901
714
416
510
740
961
552
889
370
263
852
929
530
378
148
660
329
76
73
551
259
218
164
908
429
193
160
475
214
775
306
204
134
816
407
796
369
424
197
609
216
424
177
149
120
153
77
989
557
829
654
485
191
197
873
279
213
207
949
278
828
701
735
150
66
806
576
841
410
560
263
159
998
169
10
231
86
86
1
123
67
503
776
512
805
429
790
469
218
938
596
201
915
828
556
220
887
590
289
511
212
794
420
854
451
479
174
214
883
816
614
80
956
861
531
331
131
306
168
871
576
715
585
280
130
710
653
754
664
743
653
751
586
938
429
427
289
294
828
206
883
605
696
789
618
91
31
360
780
939
483
710
375
390
861
816
413
359
119
730
635
983
550
880
551
940
489
823
579
761
682
634
334
187
831
875
444
511
797
743
441
934
578
382
790
378
194
95
83
302
169
139
80
180
862
645
354
497
261
127
934
482
759
826
406
245
120
285
913
457
795
818
575
715
301
498
747
312
164
376
758
643
655
988
511
489
268
892
577
534
348
752
687
452
788
994
471
296
895
846
383
633
228
301
157
536
693
666
265
396
882
453
731
368
202
106
18
359
767
522
274
851
405
290
917
235
162
653
675
582
749
305
185
172
85
228
169
352
818
125
38
825
346
191
146
514
702
823
463
777
419
500
318
420
280
728
637
252
197
55
930
100
957
843
461
582
769
179
885
96
963
908
532
366
151
700
673
966
413
417
760
699
577
31
29
798
617
912
370
545
349
629
219
870
626
469
233
812
553
12
63
789
585
388
191
142
958
948
386
633
624
843
498
285
861
775
556
788
399
297
915
562
230
400
213
208
17
703
699
488
327
327
827
359
144
796
373
112
115
410
761
672
312
251
138
550
793
472
251
229
93
469
698
376
198
95
975
718
422
771
682
135
43
874
436
397
171
69
940
200
915
949
451
303
912
209
95
956
449
817
605
129237.5
886
496
536
218
450
253
607
655
974
543
819
341
348
808
782
645
984
482
86
31
145
940
134
937
6
945
424
241
780
336
270
879
409
245
530
307
889
421
748
699
876
511
773
625
296
94
947
514
597
293
639
318
926
479
305
169
674
256
189
884
609
653
238
874
679
404
369
800
169
950
428
148
744
689
50
956
914
449
499
208
373
834
611
347
173
942
363
165
811
345
613
295
143
83
574
274
903
359
401
222
762
675
363
230
359
153
951
584
453
270
860
446
217
967
354
765
923
486
559
258
399
173
538
767
289
201
201
47
332
799
774
570
866
445
595
273
950
471
936
541
7
26
706
693
440
158
523
263
864
463
138
24
397
812
812
448
836
591
761
614
649
618
632
290
879
468
35
14
440
201
768
361
415
804
274
102
719
389
733
611
941
386
461
269
610
722
562
749
775
472
644
584
476
218
285
880
704
375
3
20
918
394
119
882
912
471
861
430
997
513
463
827
452
201
717
439
232
935
394
838
862
500
561
308
799
379
163
131
512
755
297
89
256
109
556
672
303
863
708
724
249
150
821
414
828
401
545
284
665
315
680
332
944
486
254
923
371
884
669
330
764
450
108
940
165
902
372
762
519
274
539
248
97
46
972
489
970
416
75
5
156
96
650
321
813
478
365
806
62
902
753
425
981
475
326
131
495
255
169
12
911
525
347
745
30
939
198
98
518
272
491
737
295
880
867
558
234
833
897
608
631
404
241
819
890
441
938
474
730
658
174
98
548
716
285
928
545
775
86
932
776
355
818
370
460
749
547
214
923
581
957
417
954
504
278
864
373
745
603
681
58
923
604
299
362
869
951
531
216
905
668
343
562
733
879
568
378
782
485
726
97
886
239
188
518
660
698
655
921
578
646
343
55
926
994
530
835
430
461
196
226
900
94
85
426
797
346
217
50
17
156
867
292
115
370
148
683
656
939
579
142
38
457
777
718
650
166
95
366
764
334
810
695
653
907
538
75
971
639
722
511
219
768
669
455
183
645
697
519
743
329
876
179
826
578
349
429
221
219
68
922
443
809
350
955
510
311
169
238
133
625
346
383
181
349
166
425
839
759
593
231
868
506
261
192
902
699
663
912
443
795
580
82
7
656
346
476
205
862
639
419
233
143
119
829
391
655
242
209
908
882
446
987
501
118
986
834
479
634
745
554
196
351
863
76
54
115
27
540
230
124
941
476
792
791
597
508
816
533
712
138
867
234
135
575
306
184
144
859
471
446
738
310
751
467
710
817
403
416
225
732
268
756
401
230
909
318
120
364
257
759
418
182
926
762
652
417
178
195
20
825
669
676
356
920
456
803
658
446
245
883
485
323
755
851
577
67
974
555
669
261
864
961
543
351
855
316
820
574
656
280
835
867
499
798
652
455
828
480
830
339
918
112
955
216
889
873
460
771
392
392
768
238
182
423
719
211
73
327
123
500
243
164
1000
736
403
815
599
555
741
93
37
66
982
60
994
122
899
259
855
442
132
304
153
419
189
506
740
749
311
130
110
946
497
89
37
590
673
506
785
833
527
819
630
388
857
197
54
722
386
130
52
932
569
136
920
381
737
788
428
713
364
262
792
688
287
685
315
612
271
831
513
791
582
533
742
363
136
269
160
614
389
735
321
63
929
448
227
889
440
709
656
332
226
797
556
342
827
828
432
886
355
910
371
843
429
665
335
779
406
819
574
335
200
948
514
356
125
823
559
761
435
408
252
220
881
165
952
187
900
347
830
220
176
865
572
646
647
149
117
356
152
746
583
249
950
279
149
433
228
755
345
591
732
657
353
343
795
505
272
706
285
809
402
462
816
762
368
632
648
735
384
296
169
979
510
242
108
699
665
610
687
438
745
658
270
567
790
233
109
572
219
350
796
125
993
438
155
541
818
865
508
240
182
341
744
532
261
383
205
456
796
211
910
527
736
326
98
99
901
599
713
116
945
537
245
954
457
750
635
481
744
621
749
717
318
324
880
287
124
14
3
964
520
541
250
248
82
26
49
923
506
332
900
560
242
826
678
398
157
955
450
128
930
820
351
810
576
841
579
440
779
689
389
432
818
884
496
111
882
747
399
364
846
205
104
873
591
627
315
920
502
430
209
856
433
791
609
133
87
376
859
379
842
55
904
661
341
750
627
387
182
240
869
824
543
169
930
495
291
617
605
444
793
377
202
550
729
87
971
607
278
273
866
1
5
679
654
579
272
72
884
927
499
371
894
263
129
48
12
888
508
128
137
245
816
877
579
944
490
130093.5
948
443
576
735
504
693
632
284
972
453
746
602
498
254
652
269
906
523
97
895
148
54
251
94
124
17
456
803
719
589
251
53
529
661
609
694
837
664
708
381
950
420
768
451
331
824
986
413
713
646
571
676
982
454
478
740
497
747
216
122
592
336
338
220
849
502
505
227
103
14
374
830
640
233
133
141
999
505
483
719
265
96
673
637
17
8
317
798
691
565
546
799
325
820
457
731
623
653
534
686
678
425
410
743
351
832
925
440
615
727
948
462
171
119
502
210
849
569
543
782
334
843
596
268
457
785
93
909
360
253
945
420
892
565
528
725
916
505
945
523
9
987
511
260
247
825
499
681
903
513
151
894
415
251
944
550
901
480
752
426
625
305
679
685
969
456
54
903
451
785
827
559
369
242
340
808
660
680
815
364
853
591
520
782
427
182
426
213
969
445
907
516
439
718
173
55
714
692
191
909
757
624
385
212
857
584
896
566
901
540
361
92
325
830
825
608
150
103
438
235
922
456
676
657
938
532
238
956
466
160
249
889
143
956
636
287
343
219
584
272
281
852
981
528
612
689
594
767
681
701
639
728
879
523
152
49
132
18
741
630
770
615
128
143
276
119
553
225
518
709
449
754
107
997
964
490
983
526
21
950
159
875
596
636
915
506
369
210
70
71
824
516
903
488
362
775
488
797
33
968
922
477
548
257
100
125
260
838
454
821
522
176
133
91
811
443
369
227
688
347
850
631
347
204
991
495
814
587
663
244
160
868
557
280
161
85
352
137
224
59
681
736
737
689
487
162
369
775
896
429
842
606
936
522
374
189
327
157
650
398
158
63
505
738
279
64
926
395
60
16
547
709
494
284
920
429
566
305
418
178
352
194
276
863
597
333
726
364
911
464
860
580
154
43
919
374
794
554
386
887
83
17
172
939
323
159
388
875
58
884
311
200
193
883
282
813
675
280
832
452
3
935
438
248
681
339
230
882
527
222
272
164
565
252
993
554
153
26
639
370
305
869
655
419
378
861
576
301
531
224
146
24
475
255
621
749
333
857
150
835
945
499
671
695
950
536
328
903
283
926
730
632
289
892
262
834
449
242
753
311
228
137
395
830
160
69
750
327
821
549
905
516
61
914
771
602
454
697
662
301
471
698
210
926
824
661
541
769
342
160
805
595
894
451
33
63
961
432
468
293
361
843
316
173
159
900
241
882
367
860
298
151
431
244
786
308
401
195
481
220
88
45
318
886
703
609
334
889
958
452
458
163
658
325
695
322
743
682
415
821
461
724
841
645
146
91
343
788
587
764
662
665
56
23
731
308
399
772
69
993
547
275
695
621
930
473
668
322
506
839
966
572
500
291
995
517
176
111
564
276
395
160
908
474
198
117
528
275
750
349
508
250
923
487
769
348
396
263
451
222
203
175
53
32
273
153
824
610
811
523
469
326
502
739
582
304
89
945
129
949
455
843
65
12
713
671
784
354
573
304
79
989
125
102
101
68
314
143
212
115
239
819
369
855
460
776
484
233
793
595
159
941
965
421
154
927
736
337
434
165
875
470
632
354
296
101
96
974
675
645
47
928
821
357
181
178
622
264
897
549
680
658
475
243
508
796
556
731
520
823
926
534
715
379
478
241
321
896
200
860
861
580
605
700
255
171
508
682
916
475
580
248
560
722
900
463
519
272
961
565
702
614
769
577
868
513
712
631
810
606
785
416
501
728
860
575
291
929
883
461
775
635
480
818
375
205
149
73
363
185
280
71
402
824
724
364
619
297
248
893
336
795
993
496
137
92
304
863
424
726
694
728
543
254
792
624
524
275
441
808
486
814
833
645
235
136
622
666
805
365
907
564
322
920
969
515
218
818
518
261
643
356
384
183
471
734
344
231
233
974
456
828
481
255
147
59
233
871
394
242
895
471
407
809
573
222
396
816
563
708
295
120
147
109
513
339
248
906
201
59
576
372
121
53
598
699
876
524
641
366
371
201
598
302
643
714
128
24
409
777
77
956
993
513
553
767
325
855
164
920
976
439
273
132
479
752
769
380
299
866
984
563
273
139
758
579
788
379
806
325
563
295
699
652
346
263
976
473
179
129
842
512
253
70
349
817
678
326
786
611
894
523
583
694
875
529
640
340
227
927
288
100
363
170
341
188
668
634
856
400
506
763
159
39
828
416
78
72
601
617
815
465
449
174
309
814
600
281
135
97
493
704
378
211
31
944
637
342
512
748
313
173
958
433
302
110
276
799
70
935
884
533
364
787
203
110
895
456
906
607
130788.5
924
493
435
176
571
305
518
806
803
630
758
450
495
664
600
674
832
396
133
115
214
848
163
905
51
939
475
287
690
363
192
861
716
375
608
252
781
400
642
692
749
649
903
476
443
172
817
638
659
264
733
351
945
505
526
219
454
225
320
781
668
681
340
880
949
521
400
768
125
961
336
261
482
669
197
898
955
468
494
227
189
980
712
398
135
903
397
182
960
500
522
245
365
269
601
260
633
280
625
392
736
648
535
189
256
159
816
595
577
319
902
475
99
970
487
794
676
339
494
280
274
217
683
656
415
163
300
180
405
791
792
642
776
397
446
176
944
513
920
517
14
47
583
702
174
80
540
283
915
462
287
176
451
706
790
426
980
429
931
551
768
626
628
363
940
452
170
53
406
173
855
426
354
791
447
245
786
377
734
714
904
423
414
126
380
893
591
717
872
643
956
525
625
293
115
986
654
370
307
150
671
310
480
711
829
324
795
371
796
422
212
948
325
84
746
419
269
840
537
768
847
617
673
250
971
468
87
48
281
885
303
133
123
93
480
734
499
698
514
668
327
214
995
548
560
286
470
226
700
361
630
347
983
559
95
905
65
949
756
326
786
421
231
864
247
929
316
870
515
309
451
255
73
24
913
491
970
442
213
100
203
121
614
301
930
501
418
762
277
857
980
443
931
539
559
270
276
152
72
124
964
572
443
741
302
791
292
121
380
187
368
773
231
932
798
570
451
832
713
656
689
379
383
847
984
469
703
370
529
703
437
217
734
622
253
817
311
901
95
921
479
265
687
320
254
875
514
214
967
479
712
363
921
438
353
770
404
848
919
555
149
877
578
255
75
892
789
688
161
926
530
256
550
640
841
609
623
698
320
763
326
852
359
189
612
748
774
574
818
548
996
517
135
898
820
641
793
382
273
70
168
920
194
72
145
935
68
41
409
216
435
716
56
38
361
231
537
728
908
628
114
133
604
725
635
631
207
35
388
745
383
869
591
710
976
430
162
932
772
662
116
56
939
568
285
74
640
697
555
740
18
991
598
688
334
178
207
125
356
255
850
572
788
385
892
518
183
77
38
26
750
348
85
73
377
229
535
753
678
677
310
831
333
188
5
985
654
740
971
487
903
397
159
44
700
340
586
283
608
792
672
362
179
125
717
361
299
168
302
781
857
359
935
454
65
999
768
626
596
768
419
256
283
914
247
142
359
150
263
98
184
906
623
703
604
697
363
820
520
752
65
987
281
195
690
326
240
30
995
543
178
896
790
612
613
618
766
356
400
269
635
359
695
383
339
810
587
308
568
236
657
306
182
919
629
638
333
168
68
32
496
708
727
395
969
505
619
666
456
242
811
375
466
753
867
403
183
966
427
773
180
930
903
426
184
862
555
777
692
572
560
704
923
577
790
596
514
837
386
809
303
795
218
896
447
778
853
366
987
520
786
618
527
310
587
741
180
151
176
107
377
246
146
897
686
275
534
728
577
715
62
16
299
897
177
832
283
785
333
852
383
232
297
115
402
163
569
762
795
335
36
43
847
543
304
139
814
618
372
761
770
606
854
567
241
903
177
71
753
417
323
157
763
640
306
780
435
748
888
426
765
352
548
717
522
266
652
315
408
212
943
513
650
706
538
683
161
107
274
90
915
415
745
386
368
756
545
267
870
435
505
802
533
262
843
580
439
741
865
417
741
357
755
383
992
519
678
372
859
398
833
577
567
261
775
421
172
62
975
463
724
407
531
264
361
746
95
899
354
835
258
883
320
116
725
696
612
747
183
18
374
129
942
446
181
913
210
46
611
243
559
369
529
706
884
471
574
759
506
229
368
178
706
355
396
777
711
375
884
569
950
500
167
2
886
540
328
241
430
743
830
550
426
839
583
297
503
763
12
6
383
264
434
820
227
868
187
121
513
669
878
537
400
135
629
684
285
189
669
355
318
897
189
903
584
725
247
145
65
940
691
666
113
857
544
332
969
565
753
621
382
762
553
748
564
257
137
949
434
182
211
138
925
428
494
260
418
204
81
6
791
650
365
825
481
177
636
687
260
74
956
446
154
959
815
350
740
578
654
718
563
763
789
389
630
681
966
469
243
817
994
555
65
907
363
206
633
632
798
329
983
550
725
322
831
457
654
622
200
149
348
832
353
798
272
830
672
342
849
648
489
169
80
869
879
509
209
864
680
285
855
516
318
819
433
190
513
700
167
836
494
272
408
834
29
63
691
577
441
269
421
808
891
472
213
804
456
285
83
89
865
393
444
285
251
933
932
548
894
440
130639.0
849
556
359
803
627
667
442
211
748
342
795
627
709
434
700
315
792
511
163
899
353
159
86
66
71
9
464
755
745
628
316
159
935
535
592
758
853
518
689
308
572
292
949
520
336
841
895
460
474
745
731
639
871
473
352
875
419
736
384
155
692
378
333
159
871
469
421
262
210
111
450
804
720
429
183
65
917
469
423
732
160
64
923
552
66
64
410
807
950
467
377
777
531
806
596
730
616
763
828
633
704
365
298
795
387
748
733
387
657
702
898
489
74
52
359
136
574
686
578
677
409
804
699
281
296
840
349
916
495
257
602
300
868
595
383
808
918
559
915
553
164
874
692
321
43
951
444
806
826
631
437
758
632
337
775
664
881
601
926
548
800
468
661
665
924
621
206
945
414
746
806
596
295
171
550
721
837
574
591
284
759
657
392
796
216
116
439
226
624
350
905
547
597
630
18
10
779
688
260
936
762
635
610
272
762
622
699
723
844
543
102
147
206
895
773
644
243
172
379
148
848
430
635
661
940
594
223
916
272
74
262
910
112
933
469
256
545
214
829
428
489
766
964
450
654
681
436
727
722
610
735
605
930
541
184
161
84
74
456
770
764
604
194
109
133
52
153
49
566
711
612
697
87
999
960
493
843
616
252
884
247
885
658
714
989
444
525
324
255
169
922
536
884
493
453
766
287
805
191
859
958
510
473
215
442
152
271
908
379
802
436
251
114
70
853
420
288
183
756
362
853
626
406
178
936
486
771
634
531
241
365
840
788
320
302
155
234
105
187
88
551
777
610
671
334
164
537
699
940
532
592
711
770
582
467
138
167
89
994
523
317
221
429
753
134
118
533
269
119
107
594
756
618
274
800
322
539
252
517
236
104
53
430
718
609
343
925
451
943
524
940
506
180
10
674
373
646
656
183
960
57
18
110
994
204
83
30
965
401
757
605
308
159
920
330
810
524
318
616
332
233
879
446
198
849
452
158
869
428
178
239
194
526
313
981
486
135
53
645
260
148
926
897
508
178
826
526
249
515
188
51
44
615
267
536
729
301
852
333
833
903
502
641
694
926
530
91
946
176
877
735
708
172
880
485
753
419
170
517
241
270
92
492
726
36
31
639
297
973
496
716
668
133
941
781
642
697
632
490
219
673
713
160
883
810
623
342
737
356
143
565
714
760
644
186
93
735
379
394
133
529
743
161
14
246
948
316
812
197
1000
274
185
613
314
684
370
295
89
408
253
32
99
359
853
615
774
240
870
770
407
253
201
833
416
682
294
760
683
574
652
732
584
818
542
444
204
547
785
612
712
703
673
117
2
681
265
257
898
158
974
422
223
797
606
932
456
705
313
467
824
907
545
369
191
824
501
63
20
357
129
133
53
899
535
245
79
554
272
780
333
657
312
751
332
740
366
372
228
275
112
436
196
76
62
574
304
704
723
812
390
815
416
701
610
524
273
146
907
267
876
373
801
317
170
520
786
649
307
591
296
32
945
198
96
240
160
307
135
409
232
309
838
317
798
372
744
375
215
858
571
108
991
935
420
299
835
740
282
551
257
778
389
962
439
299
159
206
871
767
592
462
759
623
263
557
300
442
252
864
491
640
644
582
344
569
795
567
711
318
885
960
440
577
248
498
232
221
857
337
812
972
499
717
665
394
206
657
664
883
608
478
221
496
765
872
458
588
294
968
531
825
580
861
598
991
521
683
639
897
544
791
392
615
658
898
566
134
967
985
452
814
601
596
666
525
186
203
156
314
243
255
166
237
795
652
300
505
302
21
917
225
886
850
592
95
54
181
926
604
665
651
699
440
219
823
557
468
294
522
778
398
733
702
568
499
220
720
597
838
480
968
499
44
924
949
449
549
703
574
272
861
444
124
61
543
677
416
181
112
967
538
761
301
217
254
73
191
853
553
244
805
409
379
812
654
247
394
736
812
575
196
157
97
99
586
228
378
781
127
51
609
360
394
202
812
568
922
520
693
318
299
149
578
281
542
712
85
118
524
738
103
951
750
605
500
686
387
876
96
911
560
253
353
253
288
880
779
412
65
998
957
473
135
24
593
700
764
410
495
184
376
187
734
633
715
314
955
470
293
132
855
374
222
124
531
703
737
417
698
572
954
459
764
588
927
558
673
314
220
919
148
76
563
281
292
96
631
649
692
367
301
796
348
227
965
447
162
75
526
665
900
563
519
252
333
856
481
201
349
89
540
635
377
253
236
848
806
457
640
643
376
135
975
573
359
174
503
756
153
930
790
554
576
638
30
10
940
501
870
512
