500
12
119854.0
316
712
85
778
318
531
533
601
40
704
583
74
169
890
608
101
691
631
204
598
596
692
885
824
803
390
431
985
781
981
897
402
496
702
219
968
124
592
552
221
504
661
820
60
317
221
723
451
954
830
735
821
17
602
553
972
214
403
938
924
959
658
471
379
300
576
107
804
582
910
530
818
317
570
971
223
285
457
987
529
193
62
884
189
246
590
437
127
835
33
223
226
317
434
308
354
891
686
897
437
269
175
871
794
639
379
61
787
142
777
789
571
9
96
354
440
45
994
336
971
333
593
708
231
90
488
203
53
684
428
175
900
213
333
619
83
181
67
361
118
126
916
820
788
452
603
289
822
592
497
653
663
997
922
409
765
594
137
68
818
829
663
73
527
200
539
642
651
111
527
51
477
567
281
156
979
588
240
147
861
800
259
923
382
116
163
348
205
987
17
610
323
544
791
792
749
569
872
977
758
796
470
148
470
563
148
195
626
978
894
32
123
240
545
24
274
922
819
151
317
204
176
486
31
462
779
102
691
579
717
211
774
517
343
690
373
740
857
605
547
564
66
438
881
193
804
385
291
180
594
353
695
838
653
228
360
327
463
622
313
818
640
924
263
986
766
620
270
998
577
587
382
11
115
425
205
404
389
675
308
645
199
62
566
430
650
21
869
811
460
601
809
105
277
533
470
170
155
410
201
850
949
994
574
288
559
444
134
6
880
170
913
335
670
325
632
714
463
111
66
906
823
589
506
643
41
406
562
232
412
9
104
933
518
855
452
691
90
231
947
641
594
995
322
811
419
47
79
92
748
331
338
648
721
861
343
350
135
841
994
446
27
206
943
111
154
835
940
19
312
60
342
333
38
829
500
45
736
200
857
816
898
770
828
826
384
235
944
672
496
586
124
304
110
75
437
951
403
213
980
668
42
945
597
608
72
555
743
156
798
201
648
958
404
410
704
295
117
779
272
430
379
108
670
206
949
126
201
920
802
508
119
465
593
173
894
563
651
567
131
366
439
282
182
436
868
702
805
911
838
759
713
620
234
35
730
115
558
57
721
576
129
218
966
355
793
818
583
795
520
714
352
549
640
368
547
572
169
546
448
289
313
307
940
469
891
120
184
550
155
202
683
614
28
955
616
600
68
341
535
548
909
653
126
617
844
158
589
629
320
158
918
655
438
153
290
63
34
40
485
183
382
483
655
690
755
933
844
228
200
117
552
920
740
299
316
277
122
770
345
972
610
957
399
825
766
920
728
335
698
706
296
566
216
541
406
124
478
8
644
267
937
185
696
617
533
881
189
573
310
558
140
397
805
464
296
714
339
384
834
26
704
1000
110
494
13
993
885
657
806
656
791
367
941
830
478
569
470
276
940
878
91
262
484
41
702
914
882
127
35
500
462
687
93
255
301
967
436
1
589
655
770
304
255
718
426
853
965
609
376
881
6
191
74
162
505
906
741
113
57
175
132
760
108
978
838
165
309
644
610
233
766
750
156
322
328
83
731
599
994
447
900
184
290
758
543
139
449
158
287
51
72
2
87
887
945
747
89
889
888
284
950
758
299
33
366
549
687
393
835
341
398
810
800
384
507
672
439
400
176
253
553
31
626
948
1000
851
557
523
668
356
995
647
234
183
707
49
710
728
405
458
703
299
331
878
998
859
8
712
277
894
367
843
211
852
489
420
851
235
603
285
630
27
759
419
300
887
856
594
653
994
60
622
575
810
775
224
342
911
249
3
988
480
722
251
571
271
274
678
645
107
989
568
818
958
329
688
781
140
239
9
362
115
75
492
750
853
534
102
653
756
306
962
806
233
402
319
876
715
157
707
436
899
605
298
446
881
752
281
813
643
841
152
567
123
322
408
628
795
563
819
867
621
603
707
52
389
129
73
916
276
504
918
742
476
897
587
679
610
210
774
807
165
264
332
101
334
328
53
770
15
769
765
947
391
596
865
247
791
306
197
963
27
867
81
287
388
333
649
725
467
854
584
710
446
388
264
813
26
282
632
397
942
706
854
138
185
429
118
351
323
387
932
768
699
195
531
817
684
850
33
861
719
368
596
392
425
271
481
139
177
785
234
71
833
103
214
831
138
231
417
38
906
447
517
428
44
111
106
757
978
965
169
950
340
739
557
370
343
799
646
915
490
965
94
253
934
837
267
568
205
341
56
255
653
391
637
515
180
193
400
851
990
322
621
951
872
386
238
635
227
829
415
268
199
719
904
329
822
58
989
928
86
110
52
457
181
805
980
739
76
585
105
947
313
602
894
191
501
842
124202.5
578
426
123
944
265
671
320
415
337
267
504
314
123
471
415
169
891
455
424
933
372
920
217
423
796
885
19
81
254
955
79
365
505
652
570
511
965
749
126
237
385
99
717
6
971
656
936
647
632
642
18
151
15
769
164
978
685
285
650
591
470
14
215
789
314
189
375
113
217
273
984
371
716
583
74
631
248
626
124
878
784
551
977
337
946
702
797
890
360
66
488
295
38
96
760
262
271
779
413
565
795
898
856
78
525
373
576
365
43
416
621
150
911
353
114
723
914
973
403
524
505
833
736
629
124
503
993
684
819
461
490
740
54
822
661
521
62
133
917
938
331
369
86
69
17
346
919
363
1
650
171
370
97
743
791
902
300
350
4
214
280
362
105
445
357
621
473
738
822
748
587
756
465
989
910
983
776
580
963
585
34
18
498
719
550
452
297
417
408
698
542
288
984
581
5
780
590
730
191
622
702
506
790
684
848
651
293
269
884
174
952
624
988
177
253
712
721
928
564
355
140
977
729
524
655
40
773
109
215
986
254
92
916
81
196
856
237
752
381
66
770
86
294
67
4
886
956
185
380
867
901
328
54
422
436
140
924
596
201
438
710
305
421
913
639
739
657
969
897
708
529
42
456
28
919
822
320
312
595
287
824
23
693
945
893
913
517
747
671
342
755
247
463
961
368
713
194
770
470
470
456
227
759
919
413
569
377
117
425
560
210
180
239
488
96
310
237
31
66
562
357
254
949
8
961
61
559
323
675
550
654
931
796
525
404
129
798
806
47
349
266
700
964
718
963
153
14
205
333
488
558
830
660
149
24
986
680
574
393
168
834
791
218
30
869
210
410
311
819
323
418
541
22
807
995
978
23
480
21
249
591
193
152
22
571
164
362
42
473
179
570
564
476
744
636
556
653
412
950
854
325
217
480
609
386
69
949
288
351
180
690
846
427
424
429
501
700
417
870
814
230
652
946
863
833
794
432
32
991
259
451
550
151
513
766
13
279
919
631
474
818
540
930
135
751
593
320
975
603
693
617
739
464
288
269
148
204
552
990
979
537
700
954
948
571
343
416
596
957
458
46
267
376
242
141
179
994
596
515
154
968
618
54
271
796
440
671
929
367
892
299
288
3
7
79
708
403
228
177
566
410
865
985
330
304
753
390
91
412
889
830
614
833
773
187
881
29
855
301
230
270
408
11
562
88
38
386
460
393
97
445
158
887
991
614
502
158
752
376
141
161
895
842
151
165
67
579
46
825
271
581
573
273
321
704
955
507
523
43
382
132
791
707
167
174
612
951
595
570
945
372
374
55
195
103
645
855
728
163
498
286
758
558
781
45
342
909
70
131
765
318
419
687
912
931
144
519
20
647
248
537
21
225
6
984
803
510
692
342
340
864
215
775
122
516
758
949
509
810
895
221
400
508
668
699
989
494
316
322
230
70
420
328
274
599
807
815
699
55
358
817
473
994
159
615
518
751
548
75
342
510
502
801
226
575
81
968
459
510
113
695
355
156
144
663
59
29
539
889
143
943
771
625
80
899
513
942
562
312
375
853
210
645
119
813
271
221
333
842
385
51
432
159
920
341
474
154
739
299
160
427
991
351
1
780
868
115
89
753
833
806
216
500
383
837
710
262
83
602
637
249
576
238
949
591
280
217
945
554
923
401
71
100
134
396
754
308
557
456
238
483
199
425
720
347
275
526
209
797
876
643
761
653
594
615
991
540
448
155
20
579
61
425
491
476
474
198
425
57
244
826
985
583
855
115
77
738
710
583
161
688
814
855
821
81
565
361
447
312
437
403
472
414
442
348
508
505
399
993
711
594
220
566
679
918
104
372
400
294
577
244
965
455
205
586
377
180
181
614
302
316
790
98
922
622
199
861
534
968
268
462
632
146
895
788
13
214
950
352
675
823
781
321
769
89
944
368
927
482
17
854
849
36
823
344
930
605
26
983
987
661
458
976
667
492
225
524
56
938
727
736
225
501
348
445
872
112
202
520
796
85
873
710
902
89
827
892
106
684
362
792
927
237
402
390
418
178
381
791
214
221
92
618
250
664
958
314
731
722
491
440
247
828
550
276
7
612
42
161
592
355
738
137
738
749
365
903
636
284
9
60
129
666
985
489
612
323
876
151
546
431
48
52
635
762
586
673
700
361
897
490
318
62
882
930
63
195
700
352
65
300
236
442
583
716
834
164
877
529
183
252
200
746
11
61
574
473
882
696
720
600
535
831
367
281
167
823
601
6
362
628
844
983
734
674
368
986
518
381
377
123810.5
461
266
959
584
683
425
407
767
153
948
384
44
908
863
658
313
548
87
593
589
180
621
993
624
751
404
189
768
247
543
415
207
630
830
106
476
335
759
605
164
738
380
467
244
884
503
42
167
995
253
703
506
163
20
13
383
304
582
521
715
604
702
669
813
850
774
898
665
748
623
799
809
903
338
8
838
321
513
670
426
308
711
522
399
59
558
769
968
165
728
36
849
151
304
861
377
991
322
609
321
803
598
5
620
689
580
811
363
461
488
200
462
870
433
163
417
931
638
77
400
263
971
699
703
342
847
473
218
142
959
909
448
156
618
851
561
47
214
193
66
980
12
690
825
207
23
803
415
820
700
313
855
148
802
894
865
33
512
801
278
60
35
757
732
591
19
315
694
338
238
878
861
689
614
967
394
367
660
383
661
551
226
227
385
635
963
928
591
58
366
589
620
203
479
887
570
414
933
619
386
620
409
188
352
577
21
274
543
840
495
247
112
265
466
526
171
482
707
238
962
509
681
295
593
799
877
139
739
781
542
846
943
160
748
367
536
227
180
158
259
747
441
995
160
685
119
664
807
314
676
859
439
142
517
311
105
288
955
964
833
724
111
801
770
225
286
167
16
459
310
100
736
844
560
882
7
182
355
961
631
400
583
619
653
441
893
557
783
557
135
395
951
597
323
110
785
732
740
887
616
695
296
38
299
609
581
959
633
964
678
401
959
352
49
824
97
235
456
927
682
673
242
647
285
148
473
291
244
934
298
413
489
721
969
217
338
636
171
201
915
256
610
936
533
986
478
84
689
890
379
883
270
114
62
696
117
167
813
147
259
159
769
671
752
296
33
435
435
906
464
724
206
635
560
118
488
742
266
828
314
250
707
388
552
631
913
227
733
236
35
364
912
661
401
548
308
128
731
114
895
32
99
726
722
220
637
78
307
263
984
543
908
236
83
694
632
710
785
31
401
101
842
871
619
335
926
485
467
549
928
290
829
53
656
272
543
153
590
774
982
681
18
760
639
484
591
682
844
947
468
919
202
350
384
912
545
189
668
967
598
71
302
666
345
178
506
124
978
438
487
979
46
992
902
187
828
635
334
473
918
725
76
23
624
16
945
11
583
263
302
738
567
744
819
927
765
868
294
160
476
337
578
157
900
445
838
870
844
368
787
58
324
550
658
736
993
510
833
46
553
645
32
145
167
248
214
132
489
308
29
100
400
309
87
499
556
773
678
174
935
774
247
828
233
368
174
752
702
95
305
481
903
541
125
855
164
4
825
57
855
73
646
243
187
420
239
924
12
773
214
197
27
250
321
891
913
337
456
106
549
593
257
960
365
340
152
287
414
587
742
445
450
975
480
132
693
82
396
78
735
793
721
25
237
380
804
485
316
415
228
631
194
822
337
184
666
236
627
673
153
767
1
55
515
751
616
460
783
880
265
474
208
833
41
318
49
231
448
387
678
588
534
805
775
362
571
750
239
684
719
572
531
711
807
104
143
700
697
43
174
810
302
989
892
672
984
860
966
711
625
46
329
44
54
256
141
21
115
23
398
561
863
157
555
234
167
727
681
45
481
576
61
650
78
407
634
865
282
632
107
872
861
465
973
778
753
851
314
870
828
730
499
296
532
683
195
991
994
846
774
676
310
998
205
289
958
809
283
621
591
596
713
527
68
775
317
904
796
598
521
264
916
883
218
294
700
15
356
961
292
115
973
87
24
677
823
774
33
59
270
24
891
273
961
526
364
650
766
851
641
920
305
306
349
602
306
725
175
187
517
877
470
204
677
539
986
256
980
392
299
236
161
213
696
519
759
987
282
61
133
675
21
44
779
329
983
24
77
424
641
339
385
752
796
254
22
46
172
999
597
708
676
715
87
947
541
526
131
501
918
778
234
641
42
737
495
312
400
729
78
251
618
85
52
644
489
462
154
696
314
701
708
170
147
157
199
565
704
323
670
145
726
108
466
305
293
533
860
57
30
699
546
44
621
612
690
776
684
88
375
70
315
338
350
707
686
681
340
833
757
153
699
497
987
655
98
769
175
649
75
583
716
239
983
459
468
648
823
597
168
459
175
616
425
979
353
489
271
914
100
481
600
703
158
116
999
688
143
150
459
467
199
368
511
28
28
740
558
342
4
882
265
564
509
950
330
263
115
60
842
626
36
841
279
465
105
999
142
901
581
544
818
821
473
32
6
301
713
568
54
101
543
61
777
258
39
761
73
215
907
574
492
880
154
472
207
866
794
917
714
693
262
134
312
777
439
580
589
298
213
129092.5
672
919
339
530
396
655
971
103
254
297
490
713
810
359
434
936
199
385
311
504
175
257
758
280
486
559
875
748
162
358
166
728
11
241
539
92
357
898
832
111
106
786
209
63
589
562
441
431
268
618
850
701
838
784
93
957
595
74
921
994
344
645
405
880
392
267
507
541
165
452
376
526
17
609
169
488
635
156
964
898
393
930
432
264
542
54
78
485
788
893
342
522
648
758
570
567
316
846
789
193
145
309
932
580
629
389
828
556
250
485
537
672
484
354
928
235
243
114
935
50
977
207
613
123
841
149
444
649
331
102
586
57
941
419
415
736
585
613
372
692
252
219
116
274
720
47
883
194
101
826
438
64
801
687
621
448
239
856
232
202
387
610
912
823
949
463
930
165
732
741
615
238
224
647
791
492
819
734
24
166
440
16
716
413
601
131
527
369
682
482
230
62
942
258
504
961
994
799
655
449
546
48
817
497
562
401
670
148
532
958
44
905
823
801
132
665
929
789
983
75
412
609
938
26
517
206
766
83
957
11
328
871
308
654
590
558
828
57
483
238
101
125
589
595
604
940
383
777
124
62
552
801
506
994
996
121
119
149
637
691
54
982
942
423
905
891
936
679
138
379
695
907
424
376
834
156
401
916
277
479
873
505
81
106
11
140
790
851
775
526
544
627
900
206
930
508
751
375
333
17
5
392
554
451
68
244
383
687
263
270
151
84
379
78
116
928
285
173
373
485
512
174
632
930
262
665
486
293
576
982
733
161
981
430
719
330
111
330
919
318
769
516
154
963
962
460
836
486
962
912
355
31
398
230
165
316
933
218
242
134
452
277
993
460
756
768
993
296
208
86
177
847
100
180
155
83
841
408
690
625
880
506
420
643
939
133
777
650
989
377
628
849
564
963
911
699
708
326
888
766
846
565
786
11
235
55
307
190
295
655
106
700
471
119
61
554
232
696
439
477
277
892
113
184
579
523
386
503
786
309
13
378
409
212
300
115
176
13
934
892
663
47
728
686
527
20
815
925
535
645
431
190
167
921
714
785
883
865
411
290
204
836
445
559
660
789
738
628
234
606
658
111
29
510
32
405
299
240
737
505
758
694
526
269
603
654
987
239
344
180
746
169
547
934
315
736
175
476
471
698
451
939
456
296
629
476
950
190
638
959
665
216
483
819
101
493
177
314
988
292
528
949
581
827
843
152
189
643
46
303
419
765
303
268
203
181
493
876
80
481
955
621
849
29
637
211
505
43
350
262
297
685
67
355
728
492
384
549
502
939
367
752
172
396
638
299
928
656
633
555
184
437
997
677
574
438
237
179
79
795
485
181
335
310
494
811
725
542
128
594
788
566
686
335
752
73
856
862
30
431
893
924
101
311
719
965
220
617
962
808
392
316
794
896
190
796
625
903
384
718
220
92
920
903
122
748
738
659
796
770
779
505
603
220
361
832
360
763
186
416
164
353
238
118
639
788
758
209
785
421
663
495
441
590
613
547
80
628
392
450
794
431
982
888
201
79
900
254
101
227
986
695
56
487
178
448
949
659
668
658
728
734
813
137
197
31
570
383
632
709
121
704
650
618
369
225
855
87
26
93
920
377
536
524
354
217
267
140
844
104
125
994
423
499
198
38
703
497
526
8
336
707
912
395
616
632
684
726
684
668
756
776
427
563
177
492
736
839
613
205
494
353
200
556
213
319
413
695
804
214
647
977
308
154
808
434
765
740
50
543
616
795
967
542
603
237
658
75
307
694
846
267
715
207
559
977
647
863
275
606
398
371
565
580
32
309
569
608
998
296
508
827
2
751
439
459
881
181
666
964
399
362
839
620
153
158
262
639
974
294
480
452
322
182
482
710
443
451
725
83
267
201
14
419
290
917
891
969
273
525
306
673
378
437
23
270
579
158
246
547
312
419
351
915
961
763
972
120
930
156
405
703
543
926
548
338
214
373
522
579
360
733
897
895
82
745
120
394
709
875
939
937
36
591
953
774
9
584
778
549
410
437
906
71
837
895
704
144
401
208
40
365
634
72
474
872
961
557
542
167
806
17
661
316
118
248
783
617
275
622
591
338
611
569
461
74
371
120
585
138
741
724
667
390
867
625
420
788
369
685
278
599
322
68
413
162
37
198
391
510
787
890
134
82
982
779
858
433
194
217
990
669
382
36
749
23
780
912
576
776
280
183
866
948
884
163
516
122
103
728
7
283
182
904
391
629
438
45
217
932
317
336
762
5
285
697
683
565
39
47
911
226
276
785
179
141
934
980
563
133
121419.5
166
35
843
207
731
673
682
111
143
873
133
597
250
329
396
99
59
1000
193
593
180
877
652
105
8
142
137
359
756
777
597
337
784
171
167
289
297
765
9
260
402
472
310
919
278
763
606
860
471
723
975
751
478
406
597
64
796
76
101
568
855
400
410
408
596
441
544
812
625
509
213
322
725
391
956
415
680
903
699
801
939
743
250
746
829
868
331
899
859
891
8
110
241
932
926
484
420
512
800
159
885
382
75
862
82
745
860
518
997
754
889
275
756
150
618
491
351
28
347
852
114
369
193
198
553
883
32
196
450
958
910
487
828
880
605
323
351
699
774
161
569
176
703
446
629
779
990
897
506
715
285
837
962
37
108
683
395
683
787
981
136
636
806
955
554
984
190
247
758
621
617
653
6
925
438
763
116
636
745
48
171
61
591
552
496
182
186
885
489
740
630
852
992
562
950
43
59
483
48
251
5
115
431
21
34
242
623
728
87
813
628
822
239
358
877
494
206
997
572
512
93
532
102
929
351
681
537
37
224
664
979
69
611
638
625
77
587
547
207
55
607
344
886
633
865
538
529
70
27
201
973
323
169
245
816
915
136
778
875
892
954
51
181
482
767
941
242
522
285
591
890
215
740
599
24
548
34
48
902
751
266
622
874
233
315
3
180
249
139
49
669
719
215
757
217
236
822
352
870
242
747
972
443
866
327
698
214
31
466
785
363
901
771
543
429
107
736
152
164
354
651
373
89
771
828
541
567
897
305
401
839
357
923
225
804
193
548
229
211
398
680
840
296
525
297
670
688
73
373
946
206
309
2
669
968
649
357
836
383
713
321
262
326
614
52
970
64
827
220
280
254
718
805
173
138
279
122
572
663
633
25
40
594
394
653
30
414
997
454
623
523
749
587
58
996
677
717
108
563
126
813
674
821
238
293
14
791
229
497
405
188
202
623
175
587
105
125
930
41
427
207
309
116
321
156
103
32
888
895
484
212
852
446
80
649
675
920
17
456
842
906
64
930
583
224
776
232
998
516
391
737
896
902
38
683
854
624
14
757
853
566
321
92
196
425
14
612
492
653
491
100
575
724
786
630
489
764
926
173
139
599
810
357
686
1
53
34
437
528
360
582
493
805
866
325
490
91
112
116
361
552
650
161
959
19
122
323
810
973
433
595
827
219
835
944
688
590
552
137
126
643
754
323
987
733
781
844
252
712
490
569
526
567
148
903
257
564
620
970
540
595
285
714
593
648
454
941
2
633
512
678
888
812
200
889
451
74
673
366
546
681
962
213
810
661
376
509
166
955
848
372
676
909
555
857
883
447
859
58
110
889
399
399
395
340
932
808
221
799
41
385
379
263
504
206
752
717
396
660
751
214
136
178
398
67
343
508
646
127
502
651
946
140
903
910
455
840
20
361
307
491
870
280
89
713
671
14
856
310
862
883
952
422
481
881
15
37
740
305
933
884
246
942
665
972
935
331
408
7
332
433
845
521
955
401
554
955
384
594
639
118
148
355
912
595
352
992
22
227
568
727
592
245
747
348
745
724
373
859
49
978
836
544
438
713
28
7
391
483
865
672
724
679
969
852
491
338
54
232
420
239
142
615
453
905
555
97
244
804
65
132
621
563
411
104
2
936
976
698
145
785
210
318
648
365
892
536
50
957
767
502
964
117
368
979
882
415
598
718
619
316
311
926
654
844
500
699
366
899
911
176
589
416
798
570
499
435
372
98
207
234
780
736
170
745
141
792
692
500
586
911
161
853
531
104
172
182
959
22
961
397
803
309
327
268
337
383
152
135
650
402
632
81
549
44
264
746
872
368
541
516
842
158
814
817
785
330
1
506
128
357
89
265
394
373
528
498
996
660
402
444
427
736
591
584
572
495
897
524
279
554
710
229
597
276
494
147
403
602
973
524
124
999
454
165
822
220
83
738
125
42
248
204
753
57
49
768
397
295
594
489
571
1
642
869
424
308
664
430
877
460
410
698
847
134
738
220
279
400
212
284
225
601
795
588
766
719
643
291
709
314
301
252
294
785
3
37
277
474
221
620
319
488
206
186
586
965
71
830
480
633
98
211
497
600
946
341
870
895
949
981
21
36
115
15
72
11
636
900
745
72
481
590
589
718
581
375
41
468
937
539
44
942
335
199
432
503
508
81
132
763
180
662
319
153
249
80
738
695
805
176
646
553
564
522
93
396
570
754
612
461
391
356
352
152
488
629
291
662
8
450
935
665
731
535
945
15
375
6
392
242
209
452
913
972
468
522
318
181
521
125946.0
59
601
516
450
131
875
364
381
814
923
232
982
268
34
818
647
753
748
906
826
484
88
228
87
485
987
716
830
152
445
135
979
186
662
317
385
404
451
436
44
966
482
297
261
27
262
31
330
436
36
725
589
76
412
521
562
648
940
12
821
877
788
741
411
170
370
84
822
765
544
704
740
146
300
36
859
706
687
589
185
195
896
994
567
593
137
235
680
514
265
561
263
840
829
417
615
636
906
153
233
992
146
775
480
366
433
884
812
267
877
508
57
803
352
44
695
613
130
465
731
434
427
122
746
644
837
667
841
64
400
686
866
978
578
746
201
104
339
448
886
755
314
247
602
495
277
876
131
955
996
657
229
634
339
977
335
904
255
382
856
383
818
110
58
368
92
565
850
63
533
169
398
892
188
140
741
100
960
585
674
675
162
915
876
115
265
20
752
537
140
415
295
883
371
818
527
197
247
697
583
41
767
920
178
210
792
716
904
463
688
359
116
547
351
430
603
208
484
991
744
323
272
670
900
642
350
828
992
503
379
523
828
935
337
186
968
579
839
750
845
186
982
624
415
226
241
272
487
213
803
599
749
395
425
806
679
278
47
827
951
960
2
164
561
452
822
93
266
676
495
417
296
988
943
564
764
767
503
508
34
725
788
187
922
137
9
429
613
365
546
764
817
447
148
318
999
577
867
912
130
956
690
797
885
168
748
378
876
48
448
287
152
716
497
924
230
303
153
16
555
301
944
280
244
162
189
791
944
357
420
290
374
124
974
414
715
638
853
177
631
194
799
625
159
154
692
824
765
990
246
86
206
946
626
607
141
68
287
498
484
864
598
930
232
357
912
95
193
734
167
871
506
222
227
444
818
967
831
466
67
949
228
802
971
870
866
643
165
995
611
842
298
752
423
522
29
881
196
701
720
732
614
997
2
376
846
173
563
796
707
370
579
615
479
724
819
238
41
136
114
506
923
370
932
343
782
844
147
778
990
402
591
322
326
933
713
790
736
857
7
382
298
489
733
718
926
670
400
102
287
9
934
541
436
187
390
280
792
973
421
237
809
616
4
566
241
884
855
930
929
547
968
431
804
840
670
973
788
353
735
49
46
829
362
676
5
459
906
38
553
851
714
517
843
911
683
542
377
444
748
743
791
433
363
900
166
59
768
142
370
988
272
427
888
192
322
502
879
68
319
333
297
5
127
609
230
546
129
83
344
825
897
24
179
87
154
329
750
665
778
225
410
562
887
575
626
126
445
174
439
525
220
790
977
653
910
519
58
99
454
606
806
926
18
278
396
420
628
666
775
434
946
187
129
581
591
142
104
972
185
842
465
246
439
419
857
622
8
16
516
587
566
278
612
993
731
647
5
409
667
858
860
367
789
889
430
458
441
217
912
930
141
22
348
272
672
794
290
265
371
135
60
278
978
950
21
384
271
750
187
872
822
754
988
262
298
704
960
48
696
804
245
610
472
709
488
446
294
609
603
868
338
782
307
366
181
86
466
607
302
160
866
853
454
974
820
637
331
957
806
780
278
556
994
185
646
673
618
260
511
900
132
471
848
318
156
852
760
504
999
621
411
601
252
960
728
993
428
776
966
761
259
507
955
457
182
163
547
181
561
884
873
996
196
890
703
954
234
488
419
324
778
809
649
290
2
861
324
318
503
195
140
640
398
681
557
464
304
925
34
409
829
983
330
909
130
638
846
141
999
545
20
358
858
774
125
623
37
253
613
391
14
154
307
219
535
365
90
849
192
311
852
826
214
745
33
710
404
995
630
496
753
489
448
89
855
695
175
35
308
779
910
172
149
504
683
555
639
512
323
436
652
215
783
51
792
756
545
945
803
387
463
804
215
901
175
291
949
830
843
6
825
650
77
677
666
217
901
232
112
456
531
553
218
679
664
913
87
464
86
262
466
192
41
289
713
26
518
768
13
972
69
104
874
94
303
232
227
120
327
802
411
340
595
51
884
589
748
348
486
152
442
953
702
42
507
131
967
54
4
55
519
81
591
273
147
782
572
293
574
947
192
21
400
404
41
130
960
546
360
815
131
251
769
646
465
226
864
774
603
629
952
413
429
256
35
786
666
426
952
859
18
39
868
181
676
92
162
155
598
652
852
732
140
342
789
277
203
510
578
716
582
863
831
625
413
800
979
317
522
48
110
856
317
929
76
133
55
828
661
24
508
775
555
98
714
740
709
317
459
908
677
548
346
144
355
789
264
47
467
239
20
340
262
311
582
624
64
182
685
239
335
668
832
935
344
130
790
914
738
124105.0
359
493
730
711
742
425
557
498
853
524
150
114
834
632
550
640
871
995
665
805
382
519
740
595
766
514
129
657
218
382
533
167
961
837
208
7
296
564
178
943
625
739
101
155
629
8
540
445
791
205
475
894
804
204
541
540
265
796
776
140
180
402
288
749
440
715
983
374
44
379
75
813
4
997
309
385
403
64
126
990
96
944
372
11
46
110
448
721
543
20
723
396
569
822
285
885
59
404
197
927
706
700
125
791
798
39
154
703
686
471
5
212
530
662
174
124
391
153
992
230
775
599
124
483
558
929
576
162
570
963
262
75
96
451
692
427
947
16
123
258
24
364
33
754
874
822
337
522
210
680
795
928
944
429
348
69
700
356
470
489
747
565
700
546
957
713
320
613
678
249
936
487
566
560
962
808
153
620
502
294
400
576
656
285
637
276
359
272
923
642
293
633
955
623
977
212
277
376
983
170
999
7
98
12
9
623
167
592
31
362
724
189
406
540
743
225
351
171
334
977
980
126
937
994
868
282
754
51
895
68
653
469
499
240
895
906
352
755
769
544
34
542
257
755
120
214
810
147
610
310
655
90
867
365
944
230
797
614
387
651
194
201
786
216
903
978
38
408
379
597
446
494
702
731
766
583
284
397
884
933
79
320
238
899
934
941
88
622
312
168
517
171
234
570
591
350
383
542
522
989
962
429
403
59
824
41
193
66
331
308
316
701
67
376
518
280
668
973
276
874
247
511
166
284
862
222
102
861
897
630
644
101
695
191
949
677
238
310
680
422
619
834
257
286
644
98
444
79
288
160
214
349
79
670
169
84
326
911
725
789
94
897
857
245
130
613
491
466
810
580
145
4
487
158
523
196
254
763
692
602
991
288
596
321
639
44
262
899
233
193
844
755
421
778
7
153
666
296
930
108
966
313
626
193
512
207
444
845
59
432
649
343
667
343
253
388
832
898
218
120
945
1000
217
754
414
924
260
535
402
3
700
876
296
971
678
516
616
273
344
546
391
330
606
291
267
421
843
320
541
48
698
220
1
209
913
254
933
912
132
257
45
296
879
483
831
721
669
410
125
707
553
766
919
137
117
362
426
236
228
879
334
756
530
927
974
916
819
17
433
8
910
202
90
899
706
908
688
562
198
684
192
70
833
550
361
980
330
427
845
248
301
65
471
605
436
672
148
970
555
776
256
968
146
179
432
404
650
847
711
195
829
705
183
611
831
426
778
665
357
897
956
563
102
489
571
890
284
915
575
393
491
358
972
151
842
854
269
206
243
756
337
505
155
535
178
617
841
330
509
3
952
508
541
807
389
74
507
69
594
526
823
723
929
195
42
868
910
318
894
981
125
176
397
363
391
173
770
683
33
171
332
667
790
342
675
851
28
354
332
915
858
171
672
230
903
988
451
216
192
576
55
421
922
227
541
413
132
317
748
747
830
208
324
121
755
171
255
700
311
496
252
747
682
749
917
572
976
778
498
438
375
43
562
871
779
727
789
637
183
86
189
576
333
643
118
646
129
481
471
50
198
554
155
593
62
874
220
787
199
378
40
57
303
904
206
840
62
468
625
801
596
530
736
987
530
706
435
587
828
836
674
190
106
344
219
131
486
904
319
896
291
879
663
176
582
289
382
993
231
804
303
685
371
846
814
300
320
221
480
40
700
712
229
838
357
615
62
618
83
999
286
230
843
869
145
992
977
306
309
690
386
407
490
916
674
377
471
96
861
576
185
378
871
385
413
219
361
654
179
351
986
407
309
318
561
786
164
657
620
741
307
833
240
361
21
779
82
8
833
412
728
706
272
168
765
966
603
595
725
313
354
4
970
987
258
285
587
81
860
140
398
97
377
87
944
974
488
649
859
360
780
765
914
531
177
695
504
943
311
371
566
449
963
672
37
991
210
963
319
407
146
81
431
561
768
279
958
96
927
794
128
362
965
19
75
625
145
614
638
739
868
49
174
980
887
912
226
984
741
248
948
995
827
270
329
62
690
980
956
159
604
429
15
424
713
967
551
384
88
614
131
467
903
379
665
811
695
181
173
942
702
826
957
198
166
567
477
688
338
631
311
720
583
624
435
612
556
106
898
477
94
726
955
80
933
739
376
174
215
865
80
135
687
889
222
563
718
607
597
88
484
154
295
882
60
289
533
720
977
527
694
714
947
438
418
692
561
964
718
578
221
808
901
391
659
392
357
421
894
879
427
438
659
49
572
465
763
777
665
315
522
673
577
752
566
339
438
898
49
423
350
989
244
249
104
259
98
953
300
664
125709.0
5
644
324
741
539
369
62
397
936
415
965
740
904
213
883
887
102
827
993
111
126
776
933
844
36
562
116
664
577
595
991
431
628
838
229
867
159
138
728
706
20
444
238
597
934
634
571
481
466
708
475
459
884
175
878
808
941
55
557
84
316
268
448
906
923
833
862
418
502
693
957
521
774
149
698
71
920
694
473
316
869
296
179
621
719
778
821
57
39
463
459
183
37
867
728
196
178
949
236
842
459
779
715
955
278
604
984
470
482
220
534
1
994
20
830
718
633
8
347
733
881
698
272
897
11
961
979
159
816
44
524
199
453
42
385
786
241
171
931
528
93
43
952
906
433
466
527
485
56
490
853
800
909
77
661
824
103
873
726
104
583
440
8
788
714
908
209
461
952
96
543
403
845
135
616
390
847
224
381
901
828
413
854
598
986
832
822
438
784
26
341
726
452
290
590
181
215
740
779
675
201
256
619
145
81
592
766
866
674
258
462
336
512
352
266
698
973
507
95
705
599
868
989
408
266
773
785
704
384
821
259
21
354
989
45
323
799
503
314
144
710
953
978
130
94
303
969
949
913
82
292
723
177
224
562
770
154
479
673
77
589
803
22
6
432
328
376
789
919
237
597
288
70
677
90
913
766
175
131
960
272
535
277
101
840
377
115
225
754
305
689
244
445
626
589
304
8
676
250
53
819
810
735
949
226
523
34
893
442
945
803
159
481
701
453
345
108
185
434
733
100
856
729
553
758
459
172
997
756
336
764
127
864
84
718
822
988
104
363
923
500
452
124
988
613
659
195
331
486
481
92
525
990
203
839
682
567
88
983
394
736
979
976
975
60
707
46
611
168
562
415
161
722
42
439
90
400
921
819
216
847
485
510
322
615
339
386
226
694
501
949
472
839
290
698
633
693
91
721
516
611
187
78
958
300
917
202
387
277
228
886
689
966
175
418
395
896
283
451
289
431
298
521
46
845
189
919
84
738
250
289
943
91
790
813
886
72
273
593
168
955
907
207
32
912
368
185
169
137
796
480
814
630
653
949
365
312
505
882
160
289
215
116
198
442
614
252
434
155
63
189
359
759
735
771
323
773
150
136
180
573
666
160
308
420
764
721
708
468
382
204
382
745
475
269
928
969
816
780
378
480
460
958
659
371
785
304
454
65
317
387
143
756
568
884
743
31
936
535
235
765
932
979
500
762
54
718
118
201
46
15
947
517
584
918
270
591
446
639
980
435
305
865
660
534
792
249
591
457
141
506
939
404
422
402
35
912
5
759
17
131
192
718
365
772
296
820
146
30
12
158
919
812
993
496
68
167
173
190
491
950
739
796
238
351
498
46
272
722
674
258
400
98
531
155
345
948
206
787
574
116
622
430
278
239
19
594
784
327
733
78
464
554
232
802
343
410
84
130
437
86
336
226
629
104
710
878
341
174
126
408
784
963
398
399
980
487
279
152
869
471
33
264
805
863
906
228
794
461
433
847
297
118
177
77
662
362
284
714
916
459
393
346
7
584
884
64
910
845
389
52
935
266
771
58
114
595
63
748
290
37
100
384
87
403
279
489
75
834
143
921
773
278
44
13
803
8
31
254
613
688
123
125
83
102
275
476
746
302
800
673
955
759
246
360
263
213
2
748
827
439
961
862
854
658
787
243
716
320
629
880
594
846
740
970
221
888
882
756
80
163
777
195
764
390
419
186
706
311
938
209
655
125
327
824
137
169
240
287
665
431
934
640
641
531
621
285
730
179
851
94
257
230
151
366
419
505
175
708
732
250
700
380
141
556
647
329
731
583
775
880
669
968
338
214
845
993
653
454
810
684
349
172
9
355
25
838
565
73
157
638
281
586
28
802
543
640
192
549
766
120
966
806
928
723
711
860
522
518
373
704
244
796
735
324
23
866
928
459
577
561
189
735
156
838
681
334
687
28
747
971
762
124
177
815
456
255
669
175
829
690
582
20
452
690
340
902
691
880
410
848
668
254
374
607
94
89
603
145
174
958
976
569
841
566
335
526
82
125
461
690
726
408
789
122
9
862
376
29
879
349
471
592
312
851
941
620
501
444
702
532
785
514
299
345
764
448
480
4
280
146
737
711
211
314
814
616
59
487
606
74
885
310
61
677
349
589
351
393
830
571
899
495
977
220
748
13
997
173
94
258
504
11
17
719
368
233
112
249
43
794
947
625
486
286
4
574
914
984
486
266
747
229
50
580
806
653
414
447
636
638
628
944
257
765
186
569
875
194
537
815
361
151
908
927
225
14
468
478
674
118496.5
655
509
536
630
310
11
318
207
932
154
197
73
250
737
891
216
189
187
322
250
679
54
577
258
306
284
903
264
450
166
403
935
432
262
5
842
327
651
581
447
576
736
51
97
135
137
84
988
140
14
796
909
564
920
316
717
903
382
609
253
866
63
863
235
646
528
665
721
350
905
695
65
377
644
808
628
912
583
668
411
815
928
982
572
789
423
302
367
38
627
719
674
824
83
16
570
866
456
451
790
78
411
899
55
604
904
101
467
373
688
475
509
3
845
342
334
708
912
334
325
207
97
539
688
245
138
497
640
237
447
6
66
433
975
594
41
379
531
378
634
881
974
124
626
660
904
934
172
854
50
394
242
752
264
574
566
145
562
796
213
660
754
620
29
119
305
243
689
356
941
402
119
299
44
688
361
895
557
625
214
473
397
930
990
933
299
569
326
105
126
706
458
273
198
978
218
508
313
412
687
567
959
500
447
243
491
149
553
778
106
389
603
896
706
758
235
256
106
162
853
490
632
710
102
984
611
133
876
19
23
863
847
131
96
585
12
707
613
438
549
86
969
647
269
513
709
42
128
41
786
73
794
422
848
90
391
445
228
950
40
25
440
494
89
153
178
252
866
973
497
254
467
867
372
792
328
179
101
890
486
8
792
124
860
811
195
341
993
159
24
991
499
54
444
362
798
781
447
804
369
894
449
505
204
618
706
507
850
844
886
273
635
1
935
35
521
992
125
816
825
37
628
128
889
42
788
121
627
490
120
236
935
311
171
861
695
196
126
147
734
62
66
213
658
550
996
938
434
98
932
876
720
120
310
714
450
566
99
103
432
830
689
946
975
199
905
70
611
531
457
829
136
658
279
579
300
591
832
94
939
242
928
515
994
597
586
261
62
735
206
393
619
142
19
77
997
953
198
535
352
207
381
196
759
496
468
635
742
780
203
52
356
460
847
124
617
538
419
940
126
530
464
776
853
945
899
884
874
5
944
183
810
771
655
801
289
568
341
516
472
369
65
471
677
155
171
204
444
108
438
248
744
164
187
257
245
927
102
905
243
735
38
173
13
901
845
680
808
807
775
179
115
396
109
296
881
286
318
844
894
585
276
513
885
910
597
207
60
667
917
894
963
120
340
201
842
257
888
584
165
341
437
953
293
504
396
607
489
972
195
768
297
263
471
979
316
917
722
443
800
639
47
531
89
188
317
997
685
7
945
595
966
704
134
231
756
346
794
307
643
511
232
796
833
963
269
996
289
240
689
380
915
802
664
227
620
540
717
955
111
387
267
609
970
93
907
592
178
572
361
260
884
801
205
953
921
319
242
813
146
718
314
861
727
63
204
810
424
244
59
117
354
727
252
770
806
52
636
33
296
876
247
512
165
671
652
388
331
605
807
161
238
89
619
463
83
924
789
534
352
580
123
383
182
246
710
804
429
506
15
682
404
718
701
606
241
109
544
845
523
652
441
475
734
599
157
490
590
961
93
680
805
172
865
723
611
628
480
919
385
174
35
311
844
818
82
731
950
783
691
451
480
111
678
893
405
767
311
505
386
887
743
886
113
601
693
519
459
484
112
20
538
483
477
558
549
796
413
62
487
530
3
46
672
542
156
323
638
280
707
214
398
217
841
221
968
82
673
44
37
572
437
824
630
387
600
970
648
659
957
496
863
723
904
456
829
622
27
878
381
384
732
830
486
620
381
314
151
582
222
892
569
435
454
237
912
365
986
265
711
232
34
787
55
157
725
661
76
211
19
848
312
535
78
474
149
851
423
207
111
212
901
77
327
466
10
364
761
229
160
750
774
562
374
116
859
502
957
238
695
399
483
382
830
31
262
408
306
757
624
383
255
142
972
432
535
297
770
771
906
188
399
684
242
1
430
572
666
352
798
611
726
561
172
459
674
477
146
537
174
763
487
288
313
809
797
72
731
395
7
6
348
473
722
450
879
551
871
705
305
465
676
908
994
164
667
21
595
935
210
293
91
562
422
689
125
424
535
491
446
105
878
312
134
227
839
214
414
330
783
100
668
228
431
473
70
510
855
782
504
174
95
753
30
648
228
134
584
665
515
840
831
39
397
726
75
159
53
21
615
285
912
397
180
119
479
982
490
301
761
790
937
562
306
476
593
107
950
676
265
210
314
982
103
474
682
398
215
40
721
257
160
103
924
395
261
18
99
304
549
50
785
215
552
710
214
406
544
914
990
554
771
853
464
116
492
38
656
235
20
309
377
52
417
296
792
192
203
113
660
118
583
836
314
431
149
115
818
59
210
126415.0
994
741
665
956
370
336
705
657
781
518
733
759
104
225
607
637
195
451
838
644
664
172
284
874
956
371
110
360
831
962
935
674
627
505
693
483
957
605
650
407
367
839
767
636
503
860
944
909
443
213
794
662
896
840
976
66
970
302
799
464
834
190
577
223
419
508
883
941
884
380
659
266
837
463
172
929
856
670
525
180
724
523
159
72
526
281
629
762
235
284
595
584
712
586
319
550
230
202
28
265
816
997
369
343
362
604
647
356
158
678
231
683
464
504
113
408
950
796
28
486
961
404
605
221
62
474
338
46
184
992
132
449
797
44
11
428
200
631
300
740
147
471
534
445
822
248
362
570
587
828
23
494
78
293
593
703
13
946
731
434
778
298
505
721
234
642
649
796
22
653
890
919
510
206
143
660
471
517
492
222
131
591
839
31
220
495
597
874
867
367
638
563
594
484
804
764
252
607
279
983
976
322
948
460
124
527
840
486
814
596
829
960
104
723
89
844
801
189
671
31
764
663
229
178
344
574
166
790
233
325
603
648
227
282
801
984
700
985
122
299
964
205
364
759
543
509
922
811
374
242
584
400
612
53
278
514
254
114
823
199
409
198
294
456
974
500
331
111
196
453
250
83
858
20
48
89
908
73
296
600
937
42
582
21
317
465
147
41
814
63
786
795
184
239
772
301
138
836
751
747
399
360
594
792
531
320
142
430
689
84
618
543
350
134
589
289
851
379
123
789
563
103
569
52
612
699
974
750
671
878
779
877
145
289
612
219
847
816
500
581
835
502
614
885
676
976
670
420
147
845
585
488
995
551
625
510
645
577
162
202
314
576
634
963
560
20
952
607
209
888
100
16
366
236
981
698
291
117
195
179
683
622
672
113
528
581
997
733
378
602
445
629
44
683
22
924
642
299
138
736
352
722
987
420
503
855
368
958
549
235
914
198
875
35
705
130
440
553
388
527
604
591
783
735
722
97
816
820
618
358
664
330
490
563
14
343
361
223
741
672
837
541
73
300
784
980
861
254
666
638
979
468
255
305
520
937
1000
794
959
663
623
522
441
248
856
552
725
56
596
789
244
701
125
319
167
854
844
498
882
421
919
478
999
804
937
530
633
345
152
126
96
968
516
498
14
358
431
596
481
720
120
89
16
221
58
931
590
275
707
483
355
875
527
84
898
398
407
688
600
716
434
885
131
750
581
774
520
907
685
556
904
508
274
259
752
713
853
594
131
557
588
511
233
721
265
394
370
120
116
111
486
595
474
873
879
633
969
74
219
386
460
68
860
420
36
840
209
349
985
131
252
835
938
340
319
500
390
875
603
440
487
192
296
954
917
241
867
619
381
746
868
721
806
129
912
641
446
314
357
980
339
20
504
658
65
530
1
538
508
463
238
290
18
597
111
856
300
984
333
669
884
319
522
410
468
88
790
919
357
7
780
187
330
753
868
843
205
5
937
561
238
487
733
567
712
816
992
520
885
831
594
103
696
834
712
750
675
194
908
855
761
625
566
795
9
122
291
667
154
393
804
937
543
512
976
896
88
314
768
994
312
52
383
308
963
332
927
857
419
353
404
159
928
40
129
459
501
573
702
203
589
770
778
725
982
566
433
932
145
89
201
197
231
571
328
407
341
339
880
734
8
734
328
607
546
609
381
931
432
160
662
632
453
158
486
605
221
421
283
438
566
656
1
948
54
532
400
449
239
956
825
680
97
882
600
336
779
71
136
807
724
235
992
143
982
479
319
975
636
887
42
747
564
815
36
790
334
923
138
95
687
678
957
656
485
540
876
75
76
263
414
88
260
400
747
316
442
288
638
414
166
295
46
917
164
949
313
677
91
888
544
944
853
515
239
768
300
561
229
168
822
171
583
18
218
771
918
497
157
484
618
51
605
37
163
733
325
87
136
969
223
698
582
672
28
728
697
382
69
666
231
668
362
175
652
257
498
998
508
247
531
99
794
273
349
295
897
808
704
929
651
160
650
579
900
879
410
673
159
360
131
830
364
19
90
658
571
654
413
839
476
241
770
870
884
185
337
223
306
610
326
481
706
575
433
135
74
723
971
268
308
327
152
153
492
143
677
762
487
647
358
176
664
749
374
178
889
707
953
520
139
924
182
945
807
917
345
740
664
384
97
456
381
914
936
344
327
139
611
548
345
814
114
273
458
49
513
383
784
669
989
398
203
383
307
403
322
525
195
455
438
476
63
331
879
216
174
513
737
969
334
542
65
290
151
583
3
410
529
565
189
967
754
907
769
198
373
909
85
226
120716.5
654
561
632
14
740
797
569
516
697
436
140
412
236
536
279
482
948
92
751
883
264
701
547
696
47
791
424
778
239
184
276
620
234
601
17
872
443
803
617
701
158
98
220
543
60
947
945
84
360
251
692
213
763
938
298
281
260
78
234
751
404
85
89
222
254
752
112
505
517
955
16
36
294
8
256
745
581
675
48
512
833
550
741
844
336
647
73
303
596
164
71
26
763
372
33
523
802
336
700
329
464
595
954
105
949
591
327
80
772
638
748
90
965
931
601
665
675
452
688
882
788
452
790
291
798
677
749
191
428
350
764
125
120
476
593
658
453
402
527
722
664
35
662
520
208
180
813
785
712
146
788
976
922
82
920
174
655
735
528
628
326
59
422
318
989
971
674
210
617
621
223
814
326
772
365
334
402
400
19
213
335
855
73
56
590
17
818
37
898
13
285
673
774
760
404
360
995
732
548
404
196
967
389
625
138
234
408
538
595
591
969
324
458
588
414
512
837
375
506
473
454
447
787
579
654
83
271
1
150
187
100
507
197
148
870
906
854
788
5
403
353
141
608
889
863
816
978
537
712
879
78
231
503
286
470
516
837
887
155
932
637
466
945
860
412
807
368
143
675
781
76
946
678
14
768
410
24
66
262
914
251
665
309
698
44
706
837
942
232
636
231
151
862
76
937
216
787
99
886
251
296
53
777
775
956
937
799
392
484
622
733
760
975
186
215
486
607
44
337
396
615
145
845
969
626
267
234
783
968
197
547
108
876
874
897
483
387
510
560
783
827
860
360
21
540
732
268
845
116
205
184
308
61
294
478
523
403
691
908
522
502
433
418
461
437
156
876
419
471
416
70
829
613
219
873
701
104
317
332
8
48
874
928
713
273
374
150
880
607
668
227
202
271
379
69
206
740
36
301
55
704
346
489
356
182
51
151
267
335
118
121
565
281
499
970
307
101
488
820
191
532
147
674
6
446
682
415
143
498
629
149
91
405
706
683
530
867
981
706
363
52
183
454
828
394
940
997
808
249
63
978
605
202
546
902
964
642
483
584
539
191
645
357
367
709
127
221
887
518
574
184
880
739
828
150
652
963
880
451
594
893
611
926
655
650
658
269
277
647
482
3
705
548
572
399
306
458
520
903
457
764
188
267
862
437
326
882
569
716
859
52
773
305
608
543
73
429
685
591
956
493
926
376
6
93
67
805
285
166
758
594
828
484
432
719
205
489
964
243
983
82
803
226
575
364
177
137
46
770
202
482
302
411
460
42
230
212
365
272
333
29
602
977
900
50
974
735
856
156
680
499
205
758
413
355
460
122
465
907
225
46
227
392
541
512
177
4
144
283
731
458
294
333
805
639
261
206
323
83
762
778
641
390
167
650
539
951
581
404
187
233
720
451
145
735
990
802
778
870
82
835
145
57
284
251
624
636
923
558
149
163
182
248
301
187
104
659
455
446
375
756
176
976
292
467
348
969
212
853
680
772
575
735
694
672
783
764
970
825
278
433
301
996
98
80
295
503
591
835
40
945
499
985
112
233
229
497
239
338
687
794
374
489
254
353
794
311
952
173
773
320
992
559
592
736
180
905
798
439
563
25
689
467
381
252
119
865
459
388
84
726
657
142
471
369
955
765
731
579
518
69
645
723
890
821
342
402
592
267
107
637
450
854
556
637
687
739
673
328
437
365
627
421
914
800
929
56
616
606
533
217
854
679
586
440
482
246
816
320
895
684
31
936
658
795
875
94
520
106
503
100
792
824
812
883
721
225
865
280
421
53
97
224
440
812
565
356
996
64
444
904
404
279
924
93
966
786
103
239
279
248
708
61
886
481
715
877
502
733
922
395
810
351
446
423
755
428
950
207
326
925
306
969
39
509
917
95
688
560
52
290
803
408
650
162
489
107
99
720
241
238
52
689
234
659
867
937
205
50
526
54
937
693
295
211
386
230
398
338
967
43
179
26
576
999
976
816
740
481
53
766
263
242
338
59
337
731
62
212
412
313
933
443
70
979
136
303
958
612
495
211
882
185
494
85
128
368
789
444
46
520
990
596
789
907
532
885
870
670
64
185
922
132
803
402
553
185
833
588
331
896
913
179
605
477
443
272
445
176
859
452
299
676
278
884
325
303
41
915
270
999
451
509
301
622
550
67
515
276
220
810
904
246
799
417
881
83
656
347
383
434
225
756
271
148
804
169
918
246
711
516
824
547
118
365
504
182
128
91
955
405
537
497
110
67
569
804
165
399
380
384
804
236
974
844
665
86
233
514
588
129554.0
310
510
131
166
890
767
315
579
282
288
525
503
943
516
584
896
603
631
815
121
705
173
225
440
670
348
528
168
394
952
337
494
308
166
780
265
645
58
610
958
533
891
808
66
957
464
993
297
205
770
833
636
569
228
804
499
275
115
171
213
740
86
800
613
266
537
716
621
259
469
827
999
411
63
903
611
727
447
535
179
959
425
335
563
679
32
964
875
851
186
780
952
59
221
493
327
473
641
490
164
612
135
352
388
763
464
135
324
798
192
88
133
754
857
908
101
467
925
709
778
706
465
603
35
955
789
174
383
717
95
862
512
545
573
130
78
671
540
370
212
746
136
107
21
961
429
311
635
210
3
532
805
631
589
540
584
427
17
314
333
622
251
911
801
818
122
247
545
586
919
427
80
743
985
981
893
397
343
192
408
372
311
631
931
734
947
818
732
952
475
2
588
214
229
123
639
474
921
454
709
990
135
134
808
697
795
677
201
864
170
527
846
228
495
952
652
778
106
495
299
979
800
466
947
372
608
794
245
914
385
196
642
246
852
557
223
95
410
202
357
379
801
92
488
645
368
798
816
17
919
773
403
837
972
976
512
551
578
184
93
526
771
673
464
281
85
692
480
167
810
573
733
399
651
452
640
383
155
588
712
593
119
348
780
828
74
571
128
362
860
226
413
534
821
918
389
958
963
742
707
404
228
269
107
655
19
100
881
924
108
122
778
398
29
279
734
968
55
976
593
904
571
180
99
373
638
523
350
238
895
932
992
412
358
877
182
112
943
624
937
853
780
968
327
736
833
657
314
966
279
676
852
736
156
563
64
154
371
788
538
743
472
334
904
899
255
579
248
671
402
157
878
495
706
768
455
840
566
991
218
867
799
275
115
98
715
69
661
58
992
671
624
234
467
776
617
602
410
672
924
370
723
749
680
187
796
353
846
892
732
4
263
166
348
603
381
673
452
135
693
431
789
635
743
469
325
16
641
177
528
310
668
296
934
316
552
254
570
822
524
521
461
819
381
215
201
546
184
9
401
20
753
438
487
437
839
704
949
858
777
140
946
813
917
813
409
872
100
226
166
149
812
435
55
742
394
983
185
462
228
279
574
299
525
336
995
279
69
42
705
2
42
551
324
918
917
604
94
850
115
563
296
317
668
362
341
514
424
735
690
643
45
262
641
128
79
644
779
221
806
46
698
606
399
894
848
908
615
229
341
41
747
669
964
294
741
482
188
387
778
986
855
487
728
579
206
613
1
740
766
271
106
845
381
284
811
918
997
369
255
423
994
622
824
303
55
478
578
36
503
319
639
491
958
766
988
722
703
701
492
756
587
967
242
868
551
731
44
283
51
567
283
423
984
677
917
796
90
162
575
297
990
585
572
714
176
148
795
984
781
256
205
562
316
448
578
277
777
548
553
465
344
780
880
931
79
391
727
901
845
494
372
984
743
459
272
937
849
224
17
413
202
494
273
756
636
948
953
250
575
605
120
341
365
454
319
121
434
580
769
583
279
927
845
28
736
602
869
169
849
900
54
201
614
597
211
642
152
291
657
984
974
603
351
858
921
447
789
163
607
665
717
317
296
294
40
485
886
18
849
834
183
629
805
973
16
600
448
872
682
6
857
421
862
250
53
139
937
342
139
239
157
480
100
322
515
284
998
620
604
530
865
454
18
666
486
502
910
183
648
868
582
72
985
217
613
532
161
642
767
860
897
896
714
821
494
827
154
233
44
563
942
393
217
57
350
221
425
155
343
807
279
249
867
822
187
351
431
418
930
65
713
93
52
527
787
227
595
49
556
455
406
981
416
916
182
333
810
61
777
897
615
117
620
480
496
782
130
924
358
704
201
210
499
861
964
560
136
369
562
662
632
301
728
600
652
809
377
725
890
71
384
167
209
966
226
107
475
673
936
272
494
464
467
561
38
444
412
756
903
190
184
980
56
193
768
176
77
314
441
864
263
298
696
83
419
613
100
481
359
31
214
239
740
488
854
239
930
496
717
956
133
919
189
473
152
49
275
739
81
915
591
711
829
626
603
34
141
591
51
72
319
947
786
281
124
52
235
822
7
996
520
281
175
406
829
660
152
347
807
873
451
597
640
821
793
196
314
800
1000
411
956
607
686
403
418
274
241
542
716
430
844
660
367
923
257
159
938
548
177
516
659
261
285
759
62
865
669
555
462
12
241
919
376
424
954
590
752
346
970
866
892
31
317
674
648
267
788
620
679
34
512
426
587
737
185
729
685
300
931
199
396
370
639
445
831
564
34
579
224
