500
6
128744.5
721
469
558
654
848
617
586
643
162
830
120
220
301
672
214
137
675
561
91
626
472
969
81
376
971
476
766
812
896
153
127
482
565
96
534
325
575
494
858
316
256
564
324
809
988
457
588
866
879
348
676
530
506
565
781
932
566
100
583
990
34
795
597
787
455
862
859
709
235
142
403
452
368
912
409
74
124
834
972
926
3
589
139
628
778
121
514
407
527
817
415
1
141
591
872
983
791
592
593
424
449
489
308
270
556
490
386
93
40
21
95
534
717
25
545
447
744
310
757
178
839
226
19
821
443
538
245
928
764
644
408
70
769
327
297
598
171
153
17
245
992
189
376
560
186
577
178
477
757
211
705
234
787
946
929
381
837
491
423
187
631
258
710
778
391
149
408
921
519
131
106
89
152
621
652
448
729
370
27
64
329
140
736
772
953
208
536
130
340
428
445
187
607
315
350
667
370
841
1
478
999
332
95
541
660
894
456
940
419
979
305
910
486
505
628
319
792
584
671
628
727
421
129
734
957
607
209
947
780
543
352
853
752
372
476
482
945
75
595
973
594
330
736
156
506
828
676
265
734
117
825
3
247
204
296
75
263
377
781
572
809
737
597
454
54
468
731
196
934
303
852
322
839
907
825
596
428
146
234
698
369
681
429
446
537
919
519
45
144
730
390
540
799
139
125
192
606
103
819
905
16
360
664
235
549
422
571
156
831
580
835
771
647
739
102
920
342
480
529
292
826
617
745
881
499
583
99
175
912
93
217
82
689
121
283
564
965
431
294
236
709
758
552
43
911
741
784
806
868
924
543
104
137
329
725
682
634
250
410
538
869
909
761
849
276
576
688
299
645
565
635
541
44
316
544
540
365
192
821
897
411
180
299
185
773
586
124
223
341
494
953
416
174
98
964
498
347
681
550
788
369
835
470
301
602
681
925
91
978
41
668
457
11
14
762
67
599
986
433
659
41
795
12
991
665
462
856
42
18
957
655
980
950
944
244
389
532
424
923
771
93
312
323
367
251
617
515
978
311
116
313
980
193
102
269
359
942
382
112
637
521
222
209
283
200
934
464
104
602
626
12
529
733
649
606
877
699
833
762
777
691
473
652
861
537
498
538
677
240
40
325
360
456
612
820
713
782
451
530
863
15
354
446
529
459
872
514
49
767
409
758
101
868
778
146
119
719
848
894
259
861
126
224
937
367
124
409
985
901
10
611
429
336
119
109
973
139
373
269
307
822
925
361
401
9
660
634
213
740
573
823
587
100
207
302
897
35
777
644
948
326
919
501
299
25
327
466
638
54
755
150
965
600
882
53
906
401
113
188
870
92
696
655
382
820
129
233
467
990
788
111
354
26
378
113
131
315
298
49
788
659
647
59
274
286
859
745
207
555
130
294
418
502
111
368
707
761
638
948
827
981
260
368
223
284
837
560
463
838
753
738
499
432
561
480
588
222
754
883
187
480
355
645
935
638
293
514
744
951
787
162
853
278
543
138
469
755
451
365
444
724
664
761
124
935
47
959
234
355
595
642
726
836
33
201
62
686
757
337
1
605
270
256
114
860
203
406
848
966
126
202
302
270
22
943
124
220
866
511
104
587
70
212
62
8
955
979
47
20
55
474
208
41
690
442
974
149
13
490
628
291
774
437
971
1000
621
849
510
386
244
682
608
434
789
223
768
860
893
942
746
934
513
364
200
488
750
380
624
737
206
542
505
994
88
401
53
954
319
400
617
55
708
955
492
918
848
23
47
350
521
433
597
558
507
604
954
733
54
912
985
432
139
488
941
898
87
18
47
910
21
381
957
554
267
66
138
892
203
40
608
171
887
880
612
979
321
542
497
861
633
827
845
498
453
908
656
307
185
484
297
526
416
883
867
455
331
616
935
914
225
429
694
667
341
398
748
765
348
1
22
704
209
206
793
716
115
174
203
669
868
60
358
385
496
843
676
383
818
967
11
232
623
815
205
113
716
954
768
912
10
534
530
378
807
492
29
743
684
87
47
687
463
578
827
794
940
822
555
947
596
954
749
374
659
314
629
206
158
447
791
738
658
825
427
207
790
626
123
799
788
881
414
27
310
584
997
428
355
258
615
159
11
855
920
787
567
745
521
124
389
501
560
738
189
279
655
739
780
176
381
20
218
284
638
413
698
469
357
495
310
630
617
706
411
409
638
102
416
24
517
950
391
367
661
645
118
774
909
654
348
523
402
252
380
652
298
707
714
131
424
373
650
730
742
967
444
800
911
451
47
649
98
172
72
609
994
957
747
318
901
126759.0
949
511
84
234
799
575
48
976
536
585
976
848
478
830
632
629
435
85
812
14
387
551
222
46
57
197
346
646
562
487
569
152
611
651
896
966
535
102
44
850
432
807
821
930
964
187
246
429
881
188
827
862
242
427
92
128
481
108
792
289
384
15
629
105
654
117
692
806
303
704
817
757
579
41
171
902
756
377
900
138
1000
548
6
685
527
882
137
914
143
893
504
35
992
733
184
796
668
865
729
638
178
560
863
901
122
952
395
585
598
103
16
883
399
344
845
945
917
117
481
344
187
765
91
925
423
775
103
39
136
531
512
726
647
368
214
266
874
616
761
962
139
632
893
585
784
824
996
850
513
924
403
770
509
989
549
429
320
39
839
728
352
904
304
934
246
101
62
639
785
342
755
392
928
472
770
539
827
195
563
946
670
474
363
374
113
496
131
857
872
563
2
794
228
156
612
896
776
155
345
904
761
974
948
323
671
868
635
446
71
501
372
83
82
301
478
342
938
688
751
640
559
890
579
365
626
644
374
494
361
999
466
701
486
810
597
903
923
876
453
418
558
560
946
981
722
577
633
897
221
260
330
397
715
582
319
15
938
905
592
234
225
647
361
896
170
11
679
954
950
794
183
311
850
925
681
144
701
73
301
667
898
796
27
97
278
843
173
609
196
221
735
330
575
444
507
365
14
816
330
222
348
996
227
112
748
842
860
108
576
312
418
776
578
157
594
917
425
800
702
659
429
681
441
350
599
560
459
564
619
652
142
252
537
730
26
221
762
487
487
920
755
209
984
449
972
529
33
250
941
363
543
850
251
83
37
115
815
535
84
597
983
763
812
568
904
616
181
523
466
623
600
881
990
82
924
253
224
222
380
418
842
850
691
864
279
627
845
945
754
13
733
130
767
114
867
989
138
353
31
885
139
995
727
479
983
135
142
19
624
500
938
144
75
112
394
940
38
930
56
534
173
92
264
689
406
109
837
394
818
482
598
856
239
12
220
805
494
129
495
429
239
725
58
557
846
890
153
661
570
299
28
206
470
497
624
744
466
407
338
449
830
617
219
815
382
783
21
987
109
689
689
880
890
31
240
920
825
164
883
746
436
960
995
594
327
54
864
270
376
953
760
785
442
95
384
941
102
863
636
394
441
454
343
97
578
821
237
923
919
655
178
671
794
744
107
380
198
867
632
413
51
160
997
189
25
179
272
727
404
631
412
946
78
902
888
816
376
63
444
593
748
556
527
744
185
945
520
626
816
353
434
878
331
996
955
88
693
672
312
450
516
643
148
445
545
996
120
927
697
40
824
3
545
846
377
634
657
453
512
619
922
218
737
258
370
348
68
784
588
805
183
940
465
529
681
227
17
132
692
375
591
380
730
547
278
566
573
182
217
309
601
771
918
813
168
450
351
500
459
626
978
11
19
603
956
387
199
899
971
486
704
73
882
681
990
433
817
876
7
612
186
996
873
866
427
953
302
926
962
893
338
110
867
907
518
665
102
206
556
799
128
534
979
488
131
31
738
709
712
908
27
790
485
504
351
376
815
205
311
713
277
415
161
844
158
543
808
881
76
499
399
570
758
35
743
704
805
755
786
878
707
892
875
538
803
313
225
343
397
453
164
341
388
993
885
878
682
206
37
939
429
933
181
492
206
689
314
437
897
66
849
128
551
828
203
573
212
589
287
306
987
723
785
125
499
729
428
233
299
860
693
729
272
226
28
414
847
48
648
202
793
626
725
474
314
471
550
526
124
882
144
41
756
332
63
736
800
96
202
799
601
262
909
153
787
615
982
420
18
886
708
218
872
783
565
197
401
604
674
813
936
951
286
18
433
201
893
927
43
57
200
661
468
531
748
358
576
226
343
591
796
714
266
868
115
848
838
960
723
760
732
939
599
174
908
375
737
579
780
354
354
796
957
476
624
909
87
473
907
791
346
645
71
831
521
784
947
521
554
772
268
490
219
606
368
415
15
103
231
79
623
972
870
130
414
949
769
771
926
959
991
59
998
427
162
222
820
487
914
100
916
637
63
326
373
55
753
724
294
479
380
163
24
305
558
337
780
51
607
99
52
765
108
438
601
325
723
260
782
635
626
924
350
907
161
937
40
97
230
724
950
588
877
33
361
704
5
267
636
890
280
486
126
929
274
557
937
66
373
213
690
110
167
136
834
39
268
362
503
655
17
130
361
880
700
262
258
330
119
887
565
848
784
655
521
901
869
520
715
280
818
669
856
224
71
54
270
878
352
802
85
14
959
413
472
636
317
26
272
379
125304.5
952
196
826
548
239
865
905
826
759
348
523
374
49
28
535
260
775
615
509
627
934
459
586
976
112
440
699
68
281
656
730
674
427
206
318
484
427
156
21
575
182
411
966
62
98
974
977
9
223
858
58
834
650
786
431
642
1000
355
597
128
166
174
89
156
68
135
768
440
773
627
852
248
644
776
847
678
3
807
613
514
424
943
79
636
835
181
891
590
536
141
584
500
303
780
679
491
431
877
387
284
267
603
244
319
369
508
815
296
25
591
321
279
637
160
644
265
455
228
668
777
621
289
379
738
89
338
406
304
204
6
375
274
265
912
942
162
374
746
187
953
35
179
4
188
724
950
860
810
956
733
760
3
134
554
797
909
986
95
850
675
471
565
692
952
539
402
266
117
260
305
115
166
764
592
278
216
548
55
823
99
610
170
580
669
903
587
334
134
608
257
407
444
728
598
776
694
802
866
94
850
776
538
677
674
599
817
103
822
400
12
894
342
995
959
960
397
515
254
994
678
921
815
296
334
548
175
352
616
552
567
510
187
458
505
249
643
34
656
1
598
429
305
481
573
372
187
434
537
702
115
164
346
357
936
624
453
105
645
434
368
214
252
114
432
393
893
277
492
268
153
244
797
864
866
944
529
494
105
754
209
96
221
518
501
421
456
186
59
687
724
441
312
758
200
903
359
944
856
199
458
252
508
518
210
944
729
649
514
123
6
638
265
807
764
571
834
944
87
968
765
491
688
900
678
422
770
775
179
839
581
125
178
751
460
956
869
180
991
840
181
143
562
165
783
355
1000
763
357
502
267
751
137
435
704
653
694
149
988
396
355
365
45
704
839
304
587
298
696
489
849
747
273
10
842
336
216
839
112
212
41
281
414
825
977
488
856
536
506
413
473
816
55
208
354
451
355
729
628
448
380
132
8
17
154
163
722
364
378
967
311
625
22
631
883
146
390
174
787
48
128
257
606
725
523
135
973
911
389
962
70
211
999
926
936
703
175
333
857
226
236
936
282
880
218
401
781
498
259
976
102
642
216
464
528
823
30
406
302
473
222
795
737
745
366
74
407
924
202
10
227
619
521
512
12
922
864
588
53
283
672
28
124
39
117
781
380
493
450
128
786
872
717
53
280
411
2
463
697
545
49
768
304
466
605
288
561
612
844
796
378
89
433
583
231
582
73
106
965
361
549
214
135
169
492
549
189
428
252
699
218
887
911
812
358
908
520
295
524
986
262
2
652
483
452
821
172
614
347
447
617
586
669
586
218
631
103
170
384
482
788
892
450
50
595
572
636
80
12
971
7
679
706
205
608
435
868
517
114
103
475
45
493
885
810
672
826
500
999
796
817
573
176
293
960
129
178
497
638
915
206
368
107
226
693
102
532
203
659
615
723
557
172
768
828
52
479
414
502
375
682
15
518
872
160
968
933
774
966
647
178
656
448
612
388
49
389
147
21
862
804
846
412
955
125
884
498
652
376
344
808
327
527
134
551
265
211
977
266
702
501
851
437
761
843
29
860
437
905
410
496
178
513
48
322
817
788
950
134
1000
330
270
5
767
737
417
847
147
36
191
761
255
437
838
12
106
401
714
176
640
124
843
282
346
770
562
693
560
943
40
477
301
50
679
512
299
666
32
919
623
46
41
833
574
783
977
574
777
273
485
112
507
840
417
812
878
957
134
578
195
180
122
641
508
348
492
887
136
879
743
353
708
961
186
176
149
940
899
556
634
114
983
716
663
282
397
129
921
589
301
257
628
937
318
468
366
696
247
407
326
717
745
425
586
484
851
374
574
973
104
398
381
316
247
567
894
116
177
852
975
299
561
147
905
901
360
435
725
24
434
989
713
774
157
504
851
556
57
780
408
270
189
127
351
632
611
972
352
544
23
972
792
239
138
80
428
598
976
912
602
103
781
754
441
160
761
548
700
800
658
25
305
991
956
418
967
933
876
524
944
688
549
240
64
296
439
932
950
746
738
538
349
372
610
426
551
830
595
989
957
888
176
369
930
192
132
566
146
272
758
219
616
437
214
898
17
42
112
443
279
228
523
55
875
963
202
979
78
498
766
517
149
742
591
107
452
576
736
979
51
142
811
470
683
954
42
736
726
663
502
682
573
158
919
501
499
737
564
181
117
769
953
317
536
696
384
290
55
646
71
435
747
78
498
956
657
559
764
328
961
749
406
150
49
535
151
510
140
79
28
605
167
589
145
95
255
807
824
711
899
870
692
156
281
11
663
363
109
858
944
696
317
944
716
264
324
183
73
73
432
830
123179.5
474
829
755
797
239
592
321
480
27
118
210
1
97
118
693
998
245
605
927
848
818
186
912
636
738
534
76
32
578
930
676
860
586
335
412
998
151
972
713
280
529
414
431
31
737
93
324
478
547
637
55
8
464
792
911
199
516
908
882
72
726
83
490
358
453
674
146
50
31
671
32
640
693
729
672
316
84
639
76
3
331
144
910
869
244
399
537
138
527
494
174
956
392
493
294
188
57
984
94
955
721
648
654
762
818
988
638
508
663
258
740
331
219
542
87
700
211
873
988
928
979
388
189
5
388
626
83
211
869
532
469
413
522
709
793
384
484
930
125
47
109
599
622
425
843
238
643
759
589
994
510
459
979
869
350
14
824
490
767
602
530
696
788
86
452
139
23
835
119
914
954
18
537
381
642
112
287
700
899
220
398
217
406
530
445
921
233
956
804
918
737
295
154
926
692
588
922
24
611
875
387
483
160
894
22
811
591
875
184
400
669
741
528
716
902
481
53
917
591
935
747
211
984
432
517
423
423
457
94
398
316
973
698
490
864
978
634
372
571
68
161
955
1000
867
223
480
279
780
206
50
290
944
397
565
806
363
34
286
951
887
269
692
275
882
464
702
333
492
526
14
290
167
38
454
633
197
955
763
648
112
891
321
52
610
178
431
232
11
672
855
634
690
977
405
363
756
221
999
85
450
898
66
81
998
916
459
786
492
285
549
879
261
722
612
961
503
605
901
144
88
27
433
517
904
785
935
480
433
182
988
66
51
482
581
501
806
102
945
214
850
809
151
151
324
430
134
313
9
949
260
619
1000
602
358
744
899
196
960
436
814
157
661
632
709
662
145
487
987
444
486
503
511
97
584
484
578
203
15
717
800
196
718
450
600
242
186
591
896
727
659
483
239
44
270
27
910
219
557
382
215
521
482
702
376
548
138
558
673
911
107
715
654
26
604
89
972
201
121
743
528
369
838
27
571
175
418
612
245
945
494
77
774
930
612
945
682
879
221
590
159
597
352
171
903
881
439
763
443
452
561
605
19
224
529
448
579
548
384
110
818
131
740
625
608
837
443
568
76
157
216
303
554
436
721
320
631
519
773
759
729
66
477
131
104
977
486
720
927
927
390
185
574
674
508
710
727
714
852
45
74
985
741
202
285
398
963
154
857
675
107
293
205
867
530
96
386
209
9
374
976
544
548
52
819
721
522
808
765
577
337
821
460
138
866
252
293
846
995
852
516
455
493
751
608
836
587
436
779
621
687
186
624
211
24
410
682
201
142
260
129
189
985
796
598
143
969
923
264
856
855
537
959
967
735
503
794
101
761
837
409
174
124
718
100
898
53
316
550
884
20
662
697
857
382
956
548
738
891
745
484
878
175
315
860
377
504
232
154
807
880
860
768
314
280
11
111
849
381
161
647
804
974
805
416
541
618
840
663
850
669
103
273
87
977
633
679
378
166
79
357
174
335
213
941
113
831
608
383
736
282
39
589
161
632
284
508
354
689
886
308
412
537
510
321
842
566
559
852
813
723
937
147
31
379
187
22
523
126
395
15
198
693
795
665
445
28
853
684
406
317
973
127
94
921
61
682
470
547
325
265
360
697
679
454
792
794
933
255
804
77
31
507
710
81
879
744
93
293
795
589
70
769
84
916
478
867
286
913
243
237
730
199
104
748
315
143
641
676
498
661
66
286
837
223
721
452
713
436
885
496
649
777
328
502
613
723
876
125
52
428
351
480
213
373
889
448
523
862
532
235
97
557
840
948
339
845
938
325
442
920
371
934
929
60
889
602
978
901
383
475
96
689
769
891
34
689
567
319
75
73
486
446
564
341
45
484
205
260
454
480
543
464
435
486
770
853
854
959
548
675
713
195
529
144
949
590
33
750
177
173
936
372
273
146
452
137
297
162
950
52
790
337
14
981
434
502
139
376
424
592
677
65
567
437
201
465
848
631
665
239
185
166
137
875
691
672
433
739
831
809
924
1000
805
517
975
82
499
436
940
703
309
421
212
407
490
704
111
551
411
319
605
693
100
742
597
207
237
240
896
934
428
431
701
445
506
159
534
907
692
780
871
454
196
140
538
151
895
88
234
578
756
183
187
470
661
477
50
188
42
615
877
426
838
829
233
41
586
910
251
928
160
178
995
256
649
358
728
82
748
42
674
772
283
457
611
656
105
6
606
603
218
469
773
997
51
176
6
241
772
821
947
467
256
969
458
137
494
515
339
278
366
495
92
240
431
497
545
894
361
55
318
692
949
469
745
458
138
400
904
267
120882.0
818
291
362
566
658
25
927
514
721
653
738
975
716
789
870
534
789
700
44
914
360
849
953
769
735
543
946
407
651
11
204
959
929
419
965
980
924
779
190
327
644
507
17
765
636
397
6
891
569
621
404
353
63
160
498
575
791
860
246
230
138
311
355
726
918
888
334
406
223
774
662
482
690
647
767
451
771
876
906
356
648
154
675
744
73
948
587
276
176
951
619
557
818
984
406
320
469
52
479
514
93
248
536
708
623
890
617
660
387
142
195
568
129
800
43
825
813
650
608
851
783
222
820
163
515
716
344
329
114
839
153
575
362
188
488
752
455
476
888
704
200
238
3
386
147
407
869
743
744
527
563
569
702
504
665
296
951
981
918
811
606
633
222
405
52
851
905
11
922
577
614
562
454
117
90
232
837
235
221
429
518
707
953
862
5
68
695
543
1000
740
100
325
749
515
894
288
91
895
931
712
53
469
446
42
59
673
754
602
365
919
971
340
692
880
667
26
478
48
856
648
140
709
912
803
17
643
58
532
447
93
840
318
408
900
495
239
201
714
81
526
302
623
798
916
615
603
14
247
982
151
33
706
704
862
243
581
380
357
135
173
236
29
498
905
894
636
963
879
19
961
619
726
101
363
473
342
531
889
909
814
966
716
130
852
408
565
226
785
393
619
883
546
155
994
169
164
61
979
291
838
385
710
103
305
179
500
311
255
502
514
276
381
57
632
517
111
469
210
573
665
539
555
673
662
966
102
538
97
127
565
780
52
25
601
826
330
378
990
201
452
979
201
567
526
478
794
491
18
958
143
388
937
608
511
461
905
16
436
558
823
219
286
136
79
575
619
511
694
229
272
773
638
759
410
593
348
975
178
251
907
680
681
269
81
661
563
922
453
393
676
39
896
651
938
15
255
722
987
508
734
819
602
33
415
351
838
990
485
383
171
537
709
430
781
496
976
826
956
200
189
676
797
216
724
132
292
467
927
982
738
882
615
890
16
789
331
445
296
191
756
791
880
228
387
962
873
658
56
86
465
262
471
598
130
851
726
788
246
265
323
157
139
503
322
535
1000
677
175
993
493
684
716
635
809
647
858
430
168
609
532
441
509
321
849
198
982
865
534
638
983
426
794
20
269
336
869
226
831
952
918
668
175
228
725
527
164
769
932
879
419
181
182
989
433
325
302
92
332
619
544
457
114
59
969
220
982
48
807
339
487
749
739
644
425
995
425
605
565
930
702
524
529
413
435
498
19
663
672
55
173
605
303
844
947
752
983
201
462
541
728
601
242
522
362
45
845
634
777
129
427
169
712
446
663
374
539
278
600
668
780
184
775
239
129
325
747
249
598
479
285
432
35
876
89
708
794
13
739
989
38
372
215
293
238
165
958
96
453
284
387
822
697
166
287
539
533
254
163
516
591
798
223
589
193
353
521
323
38
22
68
908
630
128
129
249
359
88
57
505
905
727
111
20
525
525
202
735
40
690
554
253
81
617
397
544
833
184
868
48
903
324
567
420
806
288
390
213
379
726
992
968
679
780
911
832
311
612
416
638
445
287
263
339
935
739
545
572
89
203
100
897
16
492
838
838
208
562
28
660
158
725
59
198
579
76
675
589
456
327
564
97
256
78
260
246
329
443
842
378
36
487
131
243
36
918
445
867
564
163
880
817
931
5
634
142
823
658
401
220
508
462
346
934
942
635
814
594
518
129
384
201
256
869
563
253
743
443
707
611
309
552
46
939
139
147
882
114
856
398
403
362
786
8
297
21
777
130
560
59
621
428
636
962
77
475
744
38
68
298
67
151
980
36
466
153
125
745
35
664
288
108
482
38
750
394
98
360
987
461
785
623
790
711
298
624
205
386
46
501
796
746
781
732
147
285
505
649
199
271
535
731
657
24
791
496
884
6
991
301
319
455
149
63
75
208
490
633
64
928
816
84
22
166
282
296
929
946
226
213
394
293
327
595
923
749
37
632
705
761
848
108
762
294
54
638
52
841
479
606
857
111
24
691
822
211
314
345
132
676
203
512
36
811
121
602
43
374
69
721
138
117
448
885
457
815
611
528
756
472
965
23
795
566
290
873
721
741
873
440
44
336
344
629
875
829
250
177
805
627
979
777
68
674
987
912
324
605
873
670
823
536
427
934
17
106
691
540
59
714
172
943
200
614
482
144
758
294
261
900
659
250
274
657
388
614
524
141
450
186
674
122
833
957
407
424
712
369
775
250
252
707
861
810
469
467
471
578
449
194
494
96
198
355
402
106
549
878
307
629
606
122641.5
485
428
669
808
736
826
307
837
586
377
611
944
575
888
286
40
7
737
359
294
64
261
74
731
654
145
596
507
802
443
729
178
358
346
81
344
269
244
846
798
440
387
794
32
766
497
741
753
1
69
920
221
621
823
762
389
266
219
437
843
23
670
271
353
194
839
204
746
392
710
316
372
640
526
714
286
352
953
943
707
871
306
223
782
617
941
770
966
323
9
267
756
533
721
503
224
948
907
647
648
694
577
673
528
331
868
449
837
882
99
548
996
16
858
127
913
870
763
532
173
283
697
131
430
599
436
890
101
302
689
276
261
15
998
811
905
105
99
95
771
244
126
19
122
426
90
461
755
203
270
870
829
784
930
219
738
321
130
339
1000
381
286
60
856
678
229
984
825
389
207
695
265
772
582
231
641
807
981
820
825
19
283
492
337
873
140
689
498
398
534
481
210
467
290
223
657
723
715
879
588
256
125
252
418
451
713
282
129
96
691
832
631
212
221
616
56
439
23
659
754
600
507
897
531
356
641
377
854
718
615
312
936
867
299
340
24
553
152
805
791
22
833
733
679
318
809
782
512
976
187
667
148
168
943
93
487
544
419
725
886
193
885
321
352
257
970
613
70
165
514
678
402
534
913
54
635
149
965
810
685
231
894
334
152
772
975
470
589
390
810
793
320
326
752
811
354
866
378
896
514
514
449
219
773
962
184
134
967
378
181
912
836
166
900
393
4
101
684
367
32
963
85
658
745
806
938
351
940
946
883
348
741
867
596
758
256
971
875
783
858
261
209
614
870
77
72
51
536
150
178
568
470
263
416
975
326
492
36
648
641
409
665
53
996
340
894
530
202
821
548
328
85
246
78
450
383
620
353
952
132
196
442
528
911
868
359
899
425
553
86
848
383
986
297
715
47
909
711
398
577
201
847
769
426
111
459
776
689
764
916
865
77
107
485
44
940
372
641
128
334
668
23
642
843
62
538
997
136
962
155
673
859
301
417
412
414
101
93
270
473
800
184
710
626
546
405
153
314
254
655
466
362
630
157
861
14
239
165
272
128
859
626
201
319
700
766
940
690
775
958
857
502
667
249
982
74
760
197
870
324
64
363
56
322
84
901
129
309
512
966
165
55
333
306
262
442
981
101
797
292
537
126
568
893
194
309
508
902
289
58
300
970
935
250
971
340
876
494
756
781
963
606
206
637
156
791
464
992
100
865
987
853
738
173
950
850
604
236
924
967
791
948
441
580
107
495
68
218
689
186
17
231
284
738
278
227
875
3
291
29
270
35
427
66
26
693
132
204
929
154
337
982
691
517
177
204
243
16
249
599
547
815
603
228
466
925
208
333
812
731
222
158
25
202
327
376
680
821
501
3
598
298
188
420
381
467
844
893
727
137
454
248
362
591
96
200
843
573
581
960
594
189
370
348
487
379
588
963
136
845
904
924
999
518
607
918
189
860
543
634
308
36
488
213
13
391
132
238
409
416
943
703
316
643
428
799
276
490
341
280
23
820
693
320
336
40
358
994
684
159
395
982
891
769
226
758
194
367
390
773
660
719
321
372
209
624
584
271
240
33
978
150
274
156
242
737
645
803
808
941
748
656
149
188
366
987
451
662
668
875
292
188
355
535
290
301
1000
485
786
342
732
226
134
962
101
930
156
397
731
556
770
912
145
455
814
744
817
316
918
371
987
817
367
545
715
959
240
960
599
416
830
533
7
527
2
783
64
776
260
458
169
735
616
227
671
473
207
328
557
747
83
352
52
307
367
164
191
415
885
641
216
808
506
922
541
364
597
3
203
390
48
434
151
587
632
886
875
817
734
371
935
637
193
776
112
431
369
12
31
754
546
490
24
598
167
811
530
504
743
66
559
687
349
510
159
841
687
807
632
804
30
306
172
311
552
47
736
370
70
278
747
399
331
522
564
652
713
84
840
532
585
660
734
937
372
929
119
180
316
228
479
246
775
202
338
960
986
380
94
64
541
642
915
471
653
738
39
437
703
262
57
177
39
473
666
114
949
584
683
586
195
289
343
216
170
407
101
449
323
54
526
631
69
548
561
998
555
885
326
513
313
64
393
169
504
656
610
618
530
699
148
42
565
780
384
151
835
95
950
134
313
986
978
419
897
802
614
926
694
444
953
970
575
983
823
209
405
56
661
215
374
560
838
272
369
56
7
889
883
2
789
19
292
420
688
121
718
556
898
955
892
183
78
512
748
138
735
629
1000
276
679
106
518
66
223
934
566
168
117
657
670
21
621
265
436
959
804
569
87
330
