500
20
128105.0
618
655
838
57
964
750
758
14
853
578
79
680
613
517
975
451
274
787
929
387
21
115
458
253
937
380
488
188
181
939
492
801
224
428
85
188
35
753
282
188
672
697
814
924
587
739
383
330
612
390
47
720
367
439
500
985
435
842
146
309
299
726
331
41
231
934
140
96
389
344
827
746
822
793
909
755
544
664
450
709
940
727
367
2
226
121
61
942
639
765
73
316
384
365
936
813
232
517
88
457
398
283
828
47
543
555
758
725
485
953
632
991
548
621
315
194
596
204
603
373
922
802
537
788
313
746
200
556
499
140
884
81
615
874
440
827
52
227
572
843
989
810
822
564
433
706
910
992
390
378
11
761
60
481
104
107
328
475
731
413
994
17
820
34
848
685
58
983
586
126
28
946
566
368
173
419
445
963
355
303
5
269
190
135
659
207
108
767
925
889
583
997
800
365
400
220
17
633
963
780
115
91
751
865
386
462
515
765
123
680
357
264
636
565
546
389
835
204
359
459
986
262
790
920
759
587
74
748
578
770
210
254
897
425
273
113
690
743
161
8
985
861
736
942
727
276
20
293
482
200
590
20
637
352
479
688
579
987
286
241
629
744
532
719
845
133
211
527
666
123
907
245
232
482
961
702
358
93
372
715
800
704
984
899
493
322
990
916
682
516
648
996
385
493
586
693
331
125
912
973
604
273
855
35
677
869
371
347
378
897
603
161
544
883
59
168
83
581
331
75
468
142
378
497
901
254
194
231
971
135
186
822
969
709
911
854
281
705
455
821
922
881
803
561
101
634
497
815
536
552
205
200
129
651
179
469
205
101
39
935
755
354
427
749
445
5
999
993
174
685
471
92
982
380
494
483
491
642
113
213
282
495
365
968
725
716
892
799
196
884
860
81
866
117
481
260
156
967
505
131
706
605
730
338
24
506
377
70
201
534
256
605
262
676
102
307
832
778
558
818
530
550
763
948
42
475
408
13
48
965
284
720
103
2
739
536
846
566
452
289
646
846
832
486
742
70
260
285
936
181
42
426
846
365
173
813
549
224
348
44
693
174
303
672
915
6
578
13
548
630
474
153
887
878
807
838
275
28
365
729
345
52
597
815
863
530
958
411
894
842
928
974
505
100
456
121
576
320
378
350
385
496
531
267
941
769
149
476
962
304
215
680
615
917
939
808
69
494
909
691
923
680
796
728
576
298
129
125
360
255
18
159
1
160
107
77
363
982
930
853
304
866
506
664
267
21
611
727
884
898
808
150
726
361
90
479
686
343
575
603
946
130
235
332
986
519
202
468
208
824
382
438
58
575
249
602
208
512
854
89
996
553
537
499
996
957
628
248
710
542
58
977
845
471
971
414
857
46
485
580
812
978
832
184
579
284
261
264
448
94
913
571
890
844
129
391
448
588
988
998
500
831
512
4
140
997
429
755
391
615
38
445
431
189
284
154
136
443
345
865
784
662
502
983
707
853
52
229
470
933
604
854
334
88
999
875
168
16
392
628
344
319
680
535
124
310
240
668
495
787
991
492
768
985
524
24
301
851
86
240
546
819
235
576
70
138
199
861
230
459
432
827
872
401
360
482
781
470
746
884
195
686
54
122
850
276
997
610
114
226
885
256
289
42
210
730
215
731
26
425
566
652
731
784
292
415
86
601
194
105
414
683
866
315
199
534
865
224
434
414
466
288
536
728
394
708
741
613
969
202
301
133
188
417
242
482
776
712
295
452
299
98
825
88
359
680
931
61
502
120
728
403
665
493
565
536
279
790
568
767
424
223
223
800
232
418
667
628
751
135
357
259
713
877
808
27
542
563
306
64
773
899
744
502
849
724
619
882
902
204
413
576
207
103
627
127
400
118
169
944
890
701
784
227
767
789
167
513
631
153
623
998
509
185
917
93
822
118
69
4
10
907
814
200
909
517
878
931
524
96
802
820
557
658
529
360
720
530
410
253
465
708
893
893
85
754
954
177
146
837
614
780
490
837
875
658
405
494
880
924
68
488
493
134
54
603
729
511
264
600
979
260
388
851
512
962
66
127
914
685
510
548
920
258
912
434
301
110
777
506
108
430
981
110
533
503
831
327
545
769
962
497
259
642
317
943
311
462
834
807
322
160
805
551
177
328
295
835
770
670
176
338
130
837
878
253
167
482
873
384
955
357
950
559
940
259
120
630
440
572
415
556
223
717
356
740
570
670
779
983
392
114
332
631
409
759
840
296
369
143
199
685
128
635
957
285
423
34
831
328
372
253
42
686
30
62
939
653
556
460
122044.0
727
529
829
804
120
394
428
197
105
401
162
348
85
387
963
229
444
747
870
726
558
941
727
995
48
176
913
602
404
59
985
759
124
46
820
71
778
369
485
865
402
298
919
991
491
342
355
123
624
582
730
912
707
370
122
627
832
556
279
123
267
871
802
711
332
897
284
861
651
230
739
244
355
818
292
794
648
127
745
876
885
316
136
716
767
199
718
268
46
163
134
729
674
661
47
481
355
290
206
221
529
624
70
303
698
330
898
538
723
842
633
356
768
355
679
483
418
1000
921
939
761
321
57
580
924
614
507
936
658
422
623
301
252
297
529
376
841
140
31
758
335
581
37
340
705
605
117
890
464
221
225
742
863
386
325
65
700
633
550
861
442
203
598
567
354
901
192
326
5
409
663
76
947
783
445
274
566
941
826
997
464
501
747
856
279
365
217
92
521
3
903
558
798
960
589
727
890
456
119
522
503
265
266
713
289
144
539
874
230
808
952
109
791
784
586
113
594
14
828
262
920
738
629
394
655
395
644
567
9
553
637
686
678
335
311
230
206
781
610
292
569
415
275
455
833
668
790
785
739
896
931
936
426
119
756
525
75
707
557
396
323
414
920
913
86
41
679
620
249
187
80
410
307
566
315
826
944
352
377
671
143
81
708
458
9
395
583
607
211
398
916
436
572
595
527
987
553
105
735
476
877
86
65
371
214
148
459
959
423
544
733
307
698
226
902
627
307
990
118
429
927
243
460
742
313
806
480
657
562
570
267
102
732
8
266
445
588
752
311
894
758
36
409
549
486
21
213
128
979
830
216
859
828
486
98
386
169
406
256
45
346
1000
29
664
679
901
421
15
637
840
557
605
334
558
473
395
63
802
714
682
404
970
67
795
860
119
382
129
872
615
174
672
604
509
663
388
656
378
238
154
208
833
446
57
463
8
770
825
784
551
648
153
71
322
269
153
269
504
65
438
54
834
119
965
563
286
705
617
937
38
646
631
463
910
774
388
954
852
298
851
490
653
325
714
609
543
864
532
309
669
59
69
432
232
112
715
743
730
71
299
197
988
247
304
760
365
433
850
469
898
814
630
377
70
654
488
712
810
326
787
819
507
253
850
56
772
77
494
881
821
723
71
410
238
37
845
202
94
225
97
249
946
308
511
670
957
495
51
623
790
131
645
519
110
674
130
862
321
275
761
34
607
115
610
197
670
413
1000
926
944
853
464
906
835
637
759
604
288
731
414
886
132
882
473
876
815
677
41
382
810
65
29
183
258
483
634
51
860
430
796
210
651
376
63
116
944
565
903
976
163
972
189
173
721
3
810
35
989
368
427
601
182
302
521
609
985
907
499
975
505
506
361
21
346
987
113
535
989
82
193
447
890
312
670
611
246
122
713
667
440
94
717
173
714
692
459
148
900
690
716
321
467
772
389
629
865
608
338
178
72
164
609
117
14
28
108
399
380
402
264
735
706
474
312
412
498
628
282
955
254
934
628
222
141
52
500
165
981
90
26
681
989
170
785
844
459
281
991
887
181
183
666
441
336
925
554
35
399
9
244
380
618
761
774
46
717
514
624
946
90
426
573
843
452
309
489
116
870
487
596
274
89
521
940
127
467
627
933
959
326
328
231
557
239
468
782
572
703
622
594
223
286
255
277
586
18
1
268
534
642
9
803
57
184
886
793
994
487
396
193
752
104
364
756
501
422
647
362
265
991
71
539
565
913
668
559
517
409
221
744
896
166
374
647
281
447
773
546
539
337
568
858
972
960
692
880
846
20
353
394
805
624
988
455
971
460
539
275
738
33
878
680
573
300
238
530
97
953
365
4
47
233
770
926
473
764
169
897
671
563
566
89
797
199
757
205
294
454
945
249
357
920
367
652
768
730
405
123
271
8
515
824
739
320
353
860
832
467
516
956
132
567
557
524
546
708
204
686
72
521
55
78
170
150
339
616
428
307
634
515
697
962
766
371
272
505
945
14
386
835
961
177
289
468
432
381
847
367
907
497
584
79
78
705
168
877
296
540
723
220
948
220
364
539
416
306
388
562
853
267
81
119
51
557
379
55
524
738
578
816
142
60
266
695
168
443
925
290
444
957
111
382
852
82
557
797
1
717
812
839
614
630
369
772
617
456
85
200
646
827
382
526
801
638
559
575
795
821
781
754
968
74
577
40
490
467
972
162
476
421
634
735
371
427
187
179
139
378
862
438
790
95
66
76
779
88
832
648
789
781
483
782
185
245
554
168
36
508
141
766
180
557
796
147
423
539
62
720
584
158
126781.5
462
774
756
11
974
313
890
836
229
3
193
79
740
598
912
382
119
399
687
461
251
858
896
77
432
620
583
529
436
894
948
445
469
63
878
180
588
87
511
536
294
262
840
262
847
268
737
912
760
272
874
538
975
328
64
760
188
734
838
964
735
75
715
719
793
18
225
225
459
805
114
601
874
413
549
910
456
751
957
750
660
909
594
971
997
842
843
48
498
424
164
972
488
324
593
417
643
93
499
37
844
929
604
435
48
173
482
980
807
274
248
108
288
986
119
42
850
591
266
340
287
776
998
989
828
686
903
781
508
743
194
882
81
838
806
62
331
917
524
362
399
299
519
481
122
356
342
686
138
251
479
235
378
780
341
175
181
905
655
530
681
891
429
583
261
538
662
366
804
199
641
512
483
828
957
294
196
281
803
921
534
98
819
835
911
613
809
368
151
872
50
184
119
93
723
602
17
65
215
416
904
777
527
907
963
80
393
860
624
729
660
739
163
215
870
706
965
911
76
271
8
665
174
663
332
739
338
895
627
433
322
732
99
894
234
872
675
679
273
477
390
87
257
543
392
817
798
155
957
591
24
610
58
10
852
529
519
610
285
880
510
548
88
182
505
443
92
642
668
653
806
787
195
386
542
726
84
726
285
60
762
749
281
846
133
943
280
158
184
197
88
403
682
988
287
610
599
458
353
994
553
172
897
291
482
96
81
871
887
714
786
469
53
34
564
31
486
860
907
671
514
333
922
845
74
356
582
370
549
971
851
434
797
957
842
28
82
743
935
909
91
791
460
545
365
910
330
815
312
191
323
759
117
857
794
691
780
219
132
77
221
82
387
210
376
628
106
264
249
805
967
472
146
646
995
724
180
79
234
159
186
290
452
272
302
673
535
953
729
438
938
347
387
789
355
471
981
716
999
45
164
131
24
801
190
956
150
142
632
418
787
353
211
647
138
613
622
694
19
539
779
495
997
134
864
13
819
599
30
939
643
434
792
375
710
650
796
570
912
617
614
497
351
716
242
978
1
929
669
107
846
918
929
443
234
678
916
592
242
692
158
294
194
690
124
273
603
889
69
841
539
202
771
557
885
868
758
290
317
263
488
349
620
779
441
642
821
238
625
530
475
580
641
66
636
204
559
844
634
587
445
158
752
225
291
877
213
313
803
410
542
561
737
555
520
478
918
594
816
519
470
996
525
564
51
852
646
205
88
698
939
189
589
338
909
3
215
473
186
875
550
320
677
666
294
108
459
784
228
608
621
703
414
912
237
431
748
487
841
986
588
160
916
725
316
526
147
968
754
761
271
24
404
174
215
541
133
408
917
973
422
964
72
779
930
837
720
576
39
802
856
205
991
431
579
19
239
754
216
65
474
148
587
954
518
735
824
61
275
426
12
530
306
793
50
112
730
79
77
742
475
782
150
171
290
62
810
663
466
639
517
369
140
840
843
848
940
366
600
299
580
70
975
744
551
697
967
980
421
506
203
687
884
954
196
812
324
316
636
844
432
927
854
850
948
615
904
940
656
707
957
883
658
9
96
887
472
210
655
947
593
575
457
166
818
300
793
293
548
875
130
339
860
155
347
452
334
382
348
307
143
66
599
721
73
267
49
275
407
52
499
308
687
221
83
863
780
335
142
460
103
659
125
91
362
98
45
535
674
812
547
118
871
757
24
64
794
644
625
230
708
75
72
652
117
571
981
981
761
104
570
109
821
701
88
609
198
418
596
30
286
949
461
320
249
425
299
931
206
248
921
23
702
659
818
768
10
925
625
189
988
463
513
950
631
229
467
643
685
337
609
351
999
441
289
89
123
918
716
437
226
78
916
134
105
190
643
938
139
853
354
956
448
92
738
738
816
201
941
774
713
628
550
902
752
304
140
862
167
812
129
483
156
430
554
95
128
846
475
493
209
625
171
341
118
505
467
465
672
799
650
576
933
869
861
689
827
779
850
179
716
898
401
156
812
959
477
242
110
926
672
802
904
607
665
200
370
677
509
803
27
265
959
590
491
781
803
190
580
476
194
539
549
4
91
335
939
647
78
24
869
683
979
134
449
358
517
206
628
574
692
17
443
329
661
997
437
768
125
562
113
291
217
89
711
624
947
283
825
512
397
246
667
196
361
322
466
257
277
12
886
352
138
812
601
945
811
95
185
597
436
598
389
345
659
970
591
881
746
956
84
439
470
246
246
258
389
82
26
409
677
53
927
863
654
476
460
180
978
44
321
235
794
927
650
615
305
797
436
971
901
903
821
742
788
674
438
221
310
392
121827.0
154
610
903
934
822
323
524
926
232
669
912
484
411
237
965
240
375
877
318
145
455
15
640
102
826
165
385
413
738
522
578
879
537
28
82
636
580
691
765
708
492
771
797
798
736
484
922
551
661
485
459
61
158
846
808
131
756
681
807
131
715
644
572
286
788
878
934
693
313
517
184
746
575
142
483
808
306
991
427
522
313
272
959
549
379
512
317
299
197
495
593
198
383
867
231
941
325
362
499
723
108
538
438
180
528
25
831
382
368
523
536
903
767
901
108
10
548
780
187
920
615
958
708
119
272
419
269
971
769
982
455
645
514
56
248
231
156
879
718
306
499
308
448
624
299
743
727
984
392
886
281
653
271
736
240
418
922
556
325
748
589
676
160
820
316
564
383
802
602
912
385
879
479
46
791
759
612
501
299
577
259
534
375
632
31
390
209
966
619
143
22
789
478
965
130
809
517
295
69
348
576
749
97
274
376
158
442
202
177
320
535
556
475
45
314
461
364
38
874
501
260
296
431
473
468
154
44
542
599
448
697
258
742
337
639
234
672
556
44
925
643
79
574
790
116
452
131
382
418
321
474
35
510
310
207
806
991
405
185
747
244
405
642
652
790
748
450
385
835
325
612
448
224
551
57
401
994
494
353
967
946
546
82
419
564
390
999
995
566
276
722
750
977
384
852
372
677
540
96
471
277
304
752
832
788
979
420
615
767
401
437
755
985
676
758
635
530
437
853
350
10
489
714
43
285
2
724
8
13
336
221
420
524
384
735
12
418
670
63
381
864
273
39
994
985
501
252
64
778
10
602
135
20
460
774
514
366
43
755
264
874
938
174
35
685
545
922
555
674
880
826
499
834
963
373
986
227
935
21
359
225
692
874
852
386
925
126
736
298
241
806
606
800
304
923
857
986
564
958
843
75
575
756
331
265
405
549
565
462
553
241
664
141
944
29
635
624
68
812
860
9
879
771
168
532
973
463
33
398
993
125
565
524
629
916
669
973
96
184
912
464
535
741
372
314
721
821
64
204
21
414
105
471
971
240
849
919
122
151
15
205
884
627
155
870
724
914
64
858
925
681
241
151
167
467
923
535
485
754
326
761
365
851
474
355
146
794
559
661
412
406
808
633
21
392
573
701
674
449
293
502
190
938
742
497
51
236
788
9
967
508
680
780
766
471
50
77
825
199
266
295
460
11
906
968
563
621
239
895
823
135
780
422
370
224
748
895
38
353
703
74
348
272
827
554
844
465
258
222
783
785
729
924
311
264
71
250
825
85
54
139
731
117
909
224
406
369
283
253
437
985
16
685
840
708
589
53
751
391
505
170
256
522
826
9
982
683
993
418
223
11
978
371
727
390
107
101
815
560
471
239
476
672
288
350
701
879
230
406
310
238
606
690
245
561
532
75
415
114
390
710
508
352
266
931
717
196
70
25
648
84
549
564
450
70
527
246
489
963
311
27
413
659
66
235
304
657
851
410
372
923
280
610
485
375
230
177
394
87
447
110
165
594
517
384
161
781
822
169
686
173
458
371
911
795
189
675
929
252
458
541
591
392
618
628
192
906
79
311
343
514
646
75
130
292
797
645
735
905
726
286
603
549
379
363
532
271
60
115
14
16
496
769
25
825
157
451
153
869
99
794
926
385
518
473
349
51
142
431
647
402
458
442
822
935
856
501
313
535
339
853
988
26
128
874
104
750
22
47
10
112
786
528
429
122
610
116
608
647
101
72
80
669
813
868
828
106
567
299
991
504
924
354
753
670
968
434
749
282
917
163
224
610
70
892
206
135
663
890
897
407
8
808
767
185
731
602
248
374
347
257
979
541
190
690
596
58
41
241
21
917
541
534
802
684
43
936
5
225
230
79
287
97
438
495
201
410
317
528
276
9
326
715
316
930
120
704
908
437
728
481
445
286
314
942
515
875
288
50
52
782
518
95
235
186
376
575
651
340
730
112
670
512
925
241
784
47
33
743
152
637
935
133
748
940
285
927
806
980
34
864
434
964
848
923
745
408
231
201
783
510
96
477
975
783
664
217
148
280
759
980
832
58
111
293
694
719
861
695
831
971
375
106
493
826
364
979
595
317
24
569
563
583
173
74
758
237
194
785
580
629
64
584
249
605
784
255
486
417
357
263
417
792
209
6
635
298
732
794
376
963
343
242
875
349
737
866
34
455
524
241
752
868
904
963
229
390
271
389
506
569
839
385
890
355
464
589
243
926
314
636
867
491
135
540
647
888
420
194
637
540
284
935
465
567
177
658
584
558
218
128600.5
723
603
5
321
483
598
924
373
242
475
331
652
379
225
670
267
924
926
328
311
608
543
873
565
519
240
611
714
180
788
497
812
816
713
738
375
945
854
7
650
107
587
375
852
52
247
567
554
562
263
442
428
778
676
449
862
510
68
398
637
513
365
306
258
992
104
328
703
619
359
829
835
959
357
207
398
17
129
913
409
884
547
749
321
359
1000
140
773
897
176
944
686
189
543
557
97
469
916
929
498
450
888
414
412
587
938
165
908
85
883
610
485
433
267
568
544
269
528
587
464
429
861
480
293
632
363
868
172
910
110
467
271
561
351
519
466
180
132
252
461
654
46
830
80
518
7
138
597
893
354
713
818
335
168
597
58
180
666
3
203
708
61
169
163
477
419
765
306
461
965
484
11
851
449
478
144
308
292
732
235
857
759
793
600
523
493
669
260
65
413
327
749
326
84
668
280
760
832
269
226
2
479
904
810
503
6
841
258
583
709
803
326
33
80
73
844
827
703
410
110
638
326
108
927
986
173
403
542
455
583
6
516
991
121
507
667
918
520
944
476
76
360
25
782
165
132
298
983
504
374
617
11
382
718
322
408
216
568
152
504
807
70
217
209
172
619
443
98
181
795
716
365
948
117
518
426
637
832
467
549
948
618
185
164
95
468
452
843
126
914
265
658
667
886
165
768
339
855
354
602
856
325
692
436
685
984
937
416
651
276
911
704
266
885
26
278
644
441
117
204
698
125
153
835
566
344
101
658
592
46
433
283
716
820
441
377
924
537
242
974
800
98
487
972
627
760
27
110
56
188
619
253
375
70
348
198
727
95
779
635
610
238
238
856
239
847
177
912
994
221
691
815
849
200
394
811
875
532
716
669
550
274
169
123
546
205
316
363
790
206
217
5
572
391
948
54
363
367
198
821
934
532
261
728
109
186
713
468
487
374
773
49
999
437
133
187
840
686
109
151
324
648
920
208
137
847
188
808
940
88
48
748
90
157
642
766
711
633
847
582
553
495
506
782
379
497
99
920
774
209
527
531
111
804
141
130
208
983
170
644
387
743
857
679
470
730
512
578
488
95
586
750
511
604
617
477
70
763
937
784
40
834
961
204
126
587
983
369
149
378
952
194
579
4
130
479
136
163
324
429
267
849
250
789
441
696
610
670
150
984
3
596
463
610
78
520
698
985
621
820
748
480
301
671
835
873
637
166
895
18
277
213
502
556
888
214
248
511
505
151
590
438
531
895
225
701
152
972
26
124
756
649
947
460
594
63
453
974
547
287
378
2
749
993
261
575
727
155
878
658
512
601
782
872
533
553
304
816
249
425
853
735
52
503
798
602
336
405
156
322
573
667
558
568
350
487
623
383
859
295
554
964
633
791
725
129
128
542
524
273
483
663
301
251
220
644
252
927
772
447
41
526
425
816
332
554
146
952
648
778
300
120
965
116
939
746
405
10
219
976
363
909
725
247
408
139
815
324
432
376
717
809
883
570
558
9
980
735
761
665
529
910
279
987
30
121
436
547
487
334
724
898
673
416
963
845
989
217
962
235
703
982
560
281
974
9
574
440
1000
697
724
472
244
222
21
408
407
324
486
609
811
609
650
897
340
540
912
263
923
459
525
286
717
616
937
25
715
282
798
981
624
569
212
934
361
268
773
520
682
225
225
877
661
2
741
814
581
974
893
911
988
794
46
751
528
513
919
337
902
364
102
977
815
236
416
259
350
404
212
789
691
569
713
755
564
621
753
336
769
480
465
40
768
357
777
949
131
478
350
176
506
402
525
818
306
626
482
227
801
879
64
313
829
120
755
331
426
74
784
985
302
503
433
985
126
705
703
211
136
761
324
802
674
959
945
582
620
975
991
200
853
688
79
838
679
752
773
417
60
582
227
619
253
698
177
178
760
677
938
980
618
324
627
368
989
903
437
596
663
452
613
56
119
668
367
606
757
681
10
501
479
945
610
888
801
595
442
131
325
770
627
368
774
985
866
849
270
703
539
354
870
804
529
970
986
453
954
738
883
497
179
778
551
52
703
278
35
845
846
899
22
474
549
735
673
419
974
805
714
665
639
6
963
877
674
664
765
732
319
555
39
491
919
14
85
798
626
147
460
223
859
438
652
986
693
196
297
28
129
147
360
912
554
188
468
289
96
928
245
97
729
356
67
869
68
19
811
645
103
632
703
771
851
243
380
968
95
805
310
34
691
873
237
535
572
511
278
449
723
234
966
821
312
242
105
753
192
191
59
597
797
47
682
660
139
381
466
805
873
386
125383.5
787
779
497
165
529
513
797
214
234
227
409
507
417
836
434
485
751
39
380
619
388
581
825
718
807
92
570
193
751
336
883
433
556
262
241
510
624
86
644
374
106
226
101
168
785
387
531
812
289
937
866
5
708
593
906
876
713
931
51
197
984
690
519
193
989
229
623
279
792
66
421
377
661
977
371
41
782
64
855
84
596
540
561
710
767
585
612
130
357
63
559
367
298
149
419
378
837
161
779
629
907
389
942
383
231
911
203
627
685
299
224
810
911
588
989
40
57
107
989
270
272
981
563
328
426
649
701
566
346
817
941
347
137
958
868
133
187
163
550
179
362
775
675
59
227
640
763
379
995
541
244
535
335
17
136
218
293
721
967
658
229
143
858
834
407
950
393
36
290
955
491
490
177
317
262
97
919
423
693
935
374
895
54
688
966
668
225
934
866
51
64
53
231
30
334
370
864
233
881
176
915
692
995
265
262
367
804
988
411
631
675
972
795
501
238
246
1
697
653
582
382
799
538
965
538
451
234
579
298
716
411
692
360
957
250
441
257
737
903
76
986
122
846
178
925
67
837
382
312
189
50
256
688
169
453
153
912
605
425
502
612
455
462
836
375
32
359
671
166
206
953
71
237
782
949
361
22
299
762
713
112
950
454
965
804
810
102
385
98
681
369
598
753
235
142
732
845
695
189
277
55
489
139
941
66
780
342
312
225
447
414
15
336
494
590
978
318
679
394
958
419
260
538
83
322
914
555
302
973
853
134
26
205
629
492
295
611
529
559
713
521
679
617
681
367
424
23
861
408
947
510
301
272
223
640
763
767
446
507
158
985
489
471
530
170
526
219
730
461
681
864
487
624
565
313
749
647
828
570
811
876
456
292
743
21
546
749
902
110
621
780
694
766
228
288
213
19
941
556
909
7
92
891
276
529
504
587
757
153
768
648
662
808
658
820
242
823
506
174
174
256
838
148
828
608
709
930
302
769
372
420
118
831
899
306
451
379
656
114
68
639
194
616
761
9
856
209
37
354
533
456
129
552
51
610
554
748
801
266
180
365
746
50
458
619
157
953
630
346
191
33
623
555
604
220
199
977
26
814
421
853
401
88
125
224
763
365
23
41
662
62
150
705
277
794
887
183
23
751
776
677
127
805
630
42
273
460
279
867
939
246
493
589
986
499
276
789
36
134
317
709
231
388
458
59
991
127
433
798
82
583
897
949
289
480
309
751
179
511
672
586
758
78
663
11
406
337
590
890
936
207
927
410
553
40
850
414
509
341
613
219
418
604
443
828
218
623
627
999
931
961
688
378
761
455
871
594
530
754
505
594
479
242
200
983
539
963
248
59
549
575
479
366
290
157
330
662
798
601
104
249
498
365
469
624
871
793
757
720
727
352
498
85
392
808
283
485
639
135
119
748
207
811
84
424
437
840
346
37
303
467
695
538
533
645
462
544
351
247
979
131
798
506
99
496
724
969
782
636
681
588
783
266
298
830
960
192
595
2
208
893
784
381
315
168
23
235
504
609
463
66
296
424
6
873
818
15
492
837
726
768
878
922
181
399
119
609
464
670
749
220
843
283
669
613
663
451
470
747
652
515
670
897
443
56
153
32
370
143
227
990
196
943
431
69
250
888
582
128
281
681
740
318
767
997
258
545
823
112
920
99
790
820
42
140
719
739
142
119
554
194
383
81
326
192
720
21
865
631
694
715
866
315
93
74
744
531
994
601
142
361
953
792
62
121
592
777
721
885
859
927
872
845
261
106
36
294
276
733
507
568
913
736
894
527
473
748
318
390
21
392
108
503
531
544
132
91
129
542
567
477
507
685
303
855
720
381
346
48
938
4
96
444
356
512
28
82
782
418
104
742
615
53
564
581
731
411
351
20
891
598
110
906
171
967
923
393
34
994
101
221
343
749
652
671
680
1
640
909
892
637
560
765
912
428
978
369
428
970
812
106
249
318
26
349
879
399
647
516
939
890
666
700
857
32
77
735
243
274
507
293
708
473
8
420
998
747
269
547
399
454
315
101
868
251
166
929
442
502
387
585
840
458
761
814
847
737
889
324
289
319
209
318
116
405
903
792
495
439
831
443
798
582
767
655
323
418
420
571
780
525
609
576
819
453
830
677
648
474
229
722
460
576
910
269
400
123
51
921
167
405
792
567
405
375
999
709
830
48
849
843
35
16
93
425
296
996
570
912
101
373
129
899
426
433
399
916
531
742
971
37
153
837
640
652
989
849
695
383
968
882
862
944
933
20
735
141
436
339
201
118680.5
692
266
285
713
615
525
320
738
541
773
92
353
913
937
291
221
81
188
534
244
889
966
318
537
602
573
363
417
58
81
491
466
133
256
845
10
746
610
143
815
222
351
635
153
400
823
547
427
523
497
673
498
685
115
988
373
846
279
534
522
751
222
859
477
308
591
124
80
573
13
244
753
345
741
162
625
598
662
358
594
170
892
738
250
61
993
618
857
902
185
419
245
897
259
874
164
421
210
789
866
323
643
152
338
545
612
87
864
496
554
689
210
861
225
601
870
492
848
230
809
314
992
447
556
705
547
266
538
253
853
819
946
649
645
399
514
124
845
272
430
334
340
641
542
826
498
529
626
75
575
341
67
538
712
718
53
492
88
188
971
623
322
682
517
836
554
696
613
350
929
718
304
413
976
432
56
565
22
246
847
323
831
230
519
381
206
636
123
364
326
33
744
166
202
369
835
162
808
115
106
327
127
478
456
816
509
93
695
902
623
23
955
600
634
351
257
153
701
899
510
304
317
747
715
461
188
634
624
60
851
626
816
97
784
231
770
108
509
574
262
128
806
437
369
683
704
779
93
579
979
11
559
899
564
733
551
856
417
992
5
393
446
692
508
599
681
899
246
533
386
529
612
430
943
211
353
879
577
592
837
144
34
571
522
804
265
264
930
551
674
691
832
443
95
356
720
111
230
261
647
7
68
170
176
261
940
49
137
481
615
634
298
969
890
593
20
883
563
6
477
739
507
403
695
355
374
952
275
69
159
42
223
413
56
645
875
335
72
626
901
916
141
331
850
909
35
702
943
232
244
415
421
25
338
345
385
944
970
411
821
370
568
447
839
416
293
406
9
691
970
337
233
325
253
397
8
537
358
901
906
972
259
121
691
282
231
416
611
171
968
882
419
827
141
434
65
315
235
409
584
667
1000
836
22
12
20
269
580
654
103
463
209
7
234
200
992
272
330
478
83
308
366
527
954
285
773
353
666
259
603
995
642
272
895
985
409
884
748
723
461
678
530
521
504
197
620
783
312
483
399
250
975
608
110
702
697
189
755
74
393
992
835
410
523
432
442
400
803
34
95
555
459
496
405
616
583
986
950
921
671
712
560
311
772
534
734
10
243
692
866
70
818
738
990
394
837
669
385
375
781
213
666
854
200
374
977
928
600
10
309
388
637
358
765
494
855
99
373
85
923
834
957
954
309
148
868
788
249
157
380
730
386
163
659
768
177
353
896
793
483
857
676
627
627
696
229
629
493
816
693
579
393
876
127
992
228
725
490
700
622
204
425
304
463
834
102
743
853
734
514
798
917
92
628
55
527
980
861
656
155
57
671
896
618
367
75
928
421
198
780
461
613
612
105
777
265
135
877
164
287
30
254
25
768
548
138
710
225
722
425
396
549
816
356
702
491
396
663
802
634
177
156
296
496
836
302
312
213
165
545
150
538
698
911
433
467
952
60
255
933
281
31
586
618
557
156
259
911
195
494
251
183
67
960
865
949
264
629
325
616
993
842
34
349
580
301
687
969
268
287
818
103
4
186
438
500
122
894
478
520
931
257
306
331
798
795
680
235
512
502
480
262
417
383
87
803
15
147
595
576
417
838
104
58
757
569
987
591
567
750
94
630
376
546
287
313
634
916
255
109
926
274
414
806
76
962
67
723
534
833
527
11
876
914
151
455
578
323
287
260
710
788
589
243
413
804
55
818
537
781
142
184
80
867
763
784
642
428
746
742
23
747
65
483
345
649
731
49
691
654
22
546
6
919
447
891
878
170
632
455
167
795
952
282
353
592
843
554
511
318
310
118
405
593
645
777
763
374
638
758
101
525
273
254
492
70
344
123
657
862
597
16
200
25
424
81
52
179
198
930
664
323
811
823
447
785
32
58
636
816
368
109
105
774
202
924
656
740
63
731
304
229
324
45
500
348
61
745
254
814
816
286
64
758
948
720
262
461
441
821
580
33
15
334
57
421
421
497
221
327
13
339
160
505
818
824
499
444
706
858
513
538
552
283
656
985
817
148
544
324
556
691
618
997
530
479
840
370
65
681
974
41
934
418
235
502
696
626
439
311
604
362
653
179
396
242
684
748
244
139
943
322
79
599
309
832
327
891
426
413
205
878
264
334
350
580
76
215
443
716
987
640
994
396
442
237
311
769
970
99
222
297
484
862
595
432
372
887
789
998
405
193
611
718
914
798
832
198
974
982
822
266
176
200
927
330
110
650
667
411
679
517
690
672
408
816
289
800
262
683
9
8
40
634
150
805
748
45
114
847
121498.0
37
521
609
816
222
267
415
962
921
522
632
377
910
877
956
37
811
427
757
569
509
804
246
640
333
720
652
262
591
902
868
271
95
485
263
696
565
110
427
460
483
907
115
752
112
755
375
73
427
298
53
22
159
786
8
834
354
380
555
99
924
152
710
600
437
951
611
585
109
188
232
471
911
886
213
603
961
369
247
352
583
506
127
543
527
585
904
880
101
54
49
58
745
791
392
209
318
350
960
973
194
153
231
554
780
665
645
488
432
598
569
845
148
135
424
301
180
236
760
481
707
767
756
477
63
959
358
364
787
471
40
918
132
413
11
104
931
391
407
11
276
926
545
866
8
123
6
882
128
732
532
98
268
605
577
367
683
53
834
922
595
118
334
809
166
22
442
346
286
918
759
338
132
992
64
840
605
944
844
369
818
424
488
406
489
443
780
492
466
234
925
122
454
730
710
762
842
917
384
95
528
244
103
180
473
890
407
972
659
444
869
215
52
450
332
506
230
616
389
946
888
484
875
749
286
158
597
209
861
821
194
376
3
886
147
485
163
697
168
24
557
903
548
970
718
318
823
602
180
653
262
619
284
750
839
423
11
924
582
202
798
614
341
776
617
434
736
62
547
480
64
262
629
445
883
39
806
835
723
646
909
959
325
475
393
380
445
589
454
956
327
245
316
479
358
357
664
112
558
364
624
335
724
143
689
153
881
316
417
456
581
297
540
951
703
773
961
697
624
268
54
731
51
506
279
3
591
914
443
308
684
12
615
3
135
221
949
610
547
63
260
836
597
76
237
726
226
439
118
949
509
856
907
884
403
701
428
870
665
693
64
107
779
494
980
947
241
267
901
43
270
30
874
300
963
724
852
944
653
635
618
309
881
247
27
169
586
462
892
932
832
18
687
703
460
617
975
709
736
715
918
1000
860
196
181
999
804
873
458
50
23
832
917
382
273
153
806
65
226
907
370
936
560
612
846
222
47
759
960
572
933
97
386
485
204
752
66
334
520
481
575
142
851
963
597
482
263
907
328
924
596
77
275
476
852
851
345
529
536
85
907
795
188
387
723
886
516
961
505
523
772
879
762
296
653
724
193
629
936
293
947
696
948
286
654
26
377
323
774
765
476
471
787
110
667
480
501
522
323
564
196
405
978
722
174
933
270
353
204
567
737
390
569
50
96
810
214
266
353
812
427
690
642
455
909
589
14
925
483
945
932
340
252
840
352
75
996
550
865
290
72
372
859
755
308
357
365
7
162
32
445
388
208
259
841
358
423
280
270
807
572
773
814
524
935
133
73
952
135
957
330
6
647
172
798
532
793
964
622
144
519
990
487
504
777
706
340
18
687
158
201
589
211
215
988
151
666
4
378
373
873
803
90
369
125
840
159
421
625
29
584
364
437
234
414
665
370
348
218
347
579
501
41
466
78
382
176
69
449
849
708
493
137
562
274
237
421
102
499
459
824
313
84
90
926
395
741
863
348
861
275
730
40
489
454
813
7
360
195
323
255
775
650
878
631
936
605
887
326
350
610
746
862
760
749
275
186
715
83
219
127
761
122
575
619
886
879
907
868
309
965
988
299
567
616
463
9
91
592
274
81
72
332
461
622
274
138
626
857
414
981
782
294
832
39
987
387
311
454
516
153
464
415
732
361
808
763
181
750
538
660
263
75
445
418
549
524
606
82
162
873
984
968
134
245
486
903
52
884
847
552
456
864
555
477
379
387
704
593
993
528
320
947
896
869
370
442
49
366
912
458
297
322
525
275
792
789
419
669
585
544
833
325
529
225
668
814
804
541
657
610
374
7
967
407
178
531
174
431
581
634
170
751
64
175
309
305
83
134
448
318
339
377
854
392
247
706
112
81
399
148
454
193
324
66
406
780
658
917
240
682
970
756
310
53
831
850
648
522
621
492
688
329
642
962
187
374
602
654
328
437
887
139
9
696
601
44
646
1
690
920
284
348
149
233
439
9
569
487
192
618
20
332
775
902
847
453
201
761
187
520
268
861
799
421
490
516
388
148
773
882
680
799
726
921
194
432
752
565
622
516
1
69
9
7
796
147
47
105
622
631
152
418
222
74
182
922
594
356
495
239
270
303
625
554
979
567
243
330
586
866
428
212
353
653
992
228
843
850
192
660
829
694
897
462
113
135
50
351
997
609
900
674
515
136
83
76
531
890
763
145
133
512
700
344
890
835
242
314
858
293
563
394
660
535
617
158
507
670
110
877
428
617
144
194
240
75
444
10
988
396
301
616
926
346
956
84
327
391
735
127911.5
81
413
194
961
282
273
237
421
73
715
902
81
621
471
763
735
560
216
942
109
577
508
788
314
326
268
997
260
697
759
593
808
993
200
821
309
67
459
535
41
680
775
476
980
209
786
48
586
11
793
169
347
294
415
709
445
718
366
766
824
171
31
664
404
957
605
641
223
367
514
813
843
401
687
329
846
835
298
323
44
550
424
811
954
121
207
715
475
524
892
202
235
892
149
63
194
252
970
951
296
413
940
493
665
387
35
511
541
1
684
8
734
523
881
502
159
444
125
429
110
672
978
332
600
19
433
106
455
953
51
501
580
218
98
815
901
703
620
831
330
652
326
72
413
437
4
389
849
165
375
353
896
140
763
523
979
364
152
527
200
896
242
389
750
270
496
683
50
422
388
331
474
492
299
57
657
764
562
543
544
471
62
746
318
386
861
965
87
713
89
499
907
660
53
960
854
872
610
209
359
291
280
430
910
606
862
591
498
268
314
237
211
375
529
87
549
930
478
60
305
732
139
82
850
588
423
931
464
145
295
346
143
293
924
969
846
573
540
483
445
648
226
242
941
888
214
756
680
606
969
454
438
199
713
337
747
702
581
138
951
455
852
267
457
168
710
718
374
366
152
368
510
238
668
161
829
502
997
704
983
939
592
769
1000
237
719
211
89
835
670
996
546
267
516
443
471
276
450
217
110
53
14
631
163
959
885
740
373
188
265
364
571
454
290
637
863
684
869
913
252
624
61
186
623
787
9
238
799
462
481
521
855
31
694
350
703
97
623
72
462
883
306
793
698
98
31
368
23
521
902
885
247
334
689
11
115
945
530
12
234
187
929
477
59
269
577
358
654
672
394
659
84
596
487
577
772
967
358
431
598
204
453
912
183
610
32
623
789
810
135
653
935
773
997
841
935
478
496
15
955
829
975
525
606
664
986
60
537
35
714
932
591
461
541
140
760
627
240
746
805
87
1
836
909
968
628
36
854
225
708
262
652
330
691
757
127
370
688
406
842
979
102
829
346
662
244
723
824
955
404
854
635
63
736
59
972
796
168
600
886
385
966
879
112
996
312
564
995
96
277
768
1
45
141
30
628
683
846
708
142
817
44
463
90
289
356
339
703
270
251
89
212
775
771
600
442
447
583
918
758
709
309
840
740
276
232
363
568
509
706
810
225
514
975
352
895
758
158
695
796
358
720
371
751
203
139
966
145
912
457
615
443
606
207
833
423
916
569
237
720
850
70
217
448
214
124
672
754
502
195
154
856
779
826
917
739
123
205
488
187
13
736
676
305
388
645
954
949
156
436
843
164
206
32
973
129
707
944
836
590
251
980
108
87
987
950
259
410
14
463
636
513
264
200
840
959
552
707
691
975
945
76
242
597
253
283
514
557
671
602
502
429
242
770
971
255
768
206
170
404
675
510
959
58
559
18
9
550
931
147
888
642
776
47
644
265
140
425
339
924
417
297
615
569
427
841
137
608
329
220
448
972
109
635
230
525
167
940
785
98
632
295
609
522
810
640
217
652
994
10
933
204
861
532
246
953
249
440
186
538
317
999
909
602
55
191
415
101
60
974
95
96
155
819
924
75
886
972
792
69
748
127
168
239
739
148
945
585
654
949
296
343
400
149
629
904
13
65
166
472
72
787
391
983
261
338
429
271
259
729
625
209
558
802
445
134
576
544
77
687
289
866
182
724
837
445
326
199
405
424
825
676
162
514
30
837
358
73
150
796
890
177
961
862
349
927
804
828
176
148
298
262
347
195
205
719
941
569
310
663
664
751
504
703
764
850
539
27
39
864
290
74
10
672
745
22
552
14
992
494
996
758
939
666
348
746
982
944
871
8
567
925
855
177
60
635
946
925
940
685
882
820
769
336
839
692
386
743
907
645
307
335
139
595
906
716
981
857
822
517
817
722
837
459
890
390
772
894
806
960
383
831
397
107
31
164
983
592
229
909
157
775
45
851
741
357
902
151
505
24
698
508
704
158
283
967
239
361
363
892
977
692
451
336
185
733
68
946
230
451
216
122
858
515
809
110
848
596
953
607
888
273
123
270
978
554
694
989
454
118
235
781
445
929
47
27
948
325
57
545
695
602
232
88
68
951
321
339
349
936
924
732
319
462
346
349
661
557
641
855
711
436
436
231
918
429
94
37
306
382
145
625
843
811
686
198
962
156
284
134
132
269
675
797
686
695
158
104
943
410
567
541
148
746
456
240
225
993
995
419
415
104
463
490
940
613
483
371
673
638
622
838
978
251
592
651
970
544
782
20
122449.5
562
53
114
291
700
953
548
54
199
287
84
491
675
159
932
542
644
199
958
503
996
221
241
774
281
396
582
606
959
118
933
824
161
215
534
758
829
604
724
910
185
72
557
166
159
406
630
6
71
206
87
866
158
791
379
290
817
755
245
673
104
870
470
830
558
867
236
660
879
58
540
194
587
511
801
427
278
364
508
192
358
346
903
269
36
356
544
856
754
957
420
91
26
161
493
112
343
268
119
229
903
239
685
6
372
696
596
178
37
953
995
418
354
60
716
723
238
535
282
584
495
245
189
445
436
287
266
116
241
882
386
52
322
226
241
423
462
957
767
834
645
233
184
818
788
610
866
166
74
991
496
342
485
463
402
821
395
155
742
704
608
593
856
566
719
202
692
937
647
485
176
474
943
631
945
260
671
20
74
152
104
937
814
595
21
478
692
870
848
735
740
411
344
770
113
769
446
45
713
982
857
719
9
900
615
620
766
388
290
62
775
438
750
611
809
819
740
362
358
617
446
439
952
999
3
980
586
314
299
985
513
470
927
95
877
648
80
626
539
978
554
913
254
902
603
314
211
552
904
847
624
184
883
89
827
692
669
575
875
790
876
656
838
134
468
861
654
55
315
781
417
327
545
318
815
178
841
531
401
796
399
922
968
785
523
19
16
512
758
760
856
371
46
381
25
753
249
747
142
600
541
803
890
802
894
953
976
832
689
29
875
220
929
535
73
795
599
533
615
657
820
516
264
901
121
897
560
923
946
846
368
369
472
945
942
217
360
121
377
193
158
309
243
94
238
199
551
230
787
836
445
238
168
945
52
700
165
111
747
575
961
281
329
319
694
513
45
269
340
636
691
37
29
170
817
932
969
231
368
347
256
196
164
147
575
225
826
191
221
407
715
779
226
140
773
322
87
65
255
504
672
796
998
113
98
615
705
59
937
523
32
754
507
968
823
790
75
140
210
44
163
395
895
862
20
985
226
812
33
366
354
726
73
521
925
521
964
777
349
994
300
106
173
839
897
599
117
372
773
146
553
691
699
352
409
394
842
290
7
284
95
51
397
361
46
927
505
564
750
500
12
167
946
964
290
327
706
376
535
586
469
715
533
685
533
152
358
825
66
650
396
917
267
468
531
801
886
147
532
19
652
526
306
660
460
779
502
336
490
872
903
224
760
282
833
94
155
600
663
619
26
385
560
108
971
420
795
445
204
980
140
673
839
910
291
586
848
9
971
493
591
380
884
595
236
530
624
523
169
984
988
138
478
989
63
484
859
965
843
182
318
800
62
30
990
301
900
349
697
169
361
77
388
964
178
302
155
665
56
23
667
338
595
577
563
994
305
19
411
351
629
281
341
479
514
354
409
415
197
937
73
71
542
837
156
519
89
195
907
53
401
579
92
337
733
929
931
830
392
139
489
584
835
574
745
186
964
36
144
185
352
156
89
791
314
442
147
656
847
176
774
870
916
880
565
625
32
464
484
162
965
69
251
104
36
328
88
222
474
595
242
876
52
33
69
162
179
544
827
322
615
216
25
124
323
772
544
281
674
645
216
223
113
437
176
619
595
149
892
994
357
592
764
271
245
103
697
629
958
945
676
500
152
824
833
118
109
619
360
855
64
446
477
242
395
176
607
599
378
402
91
804
819
92
995
673
312
231
707
646
818
411
174
445
295
633
968
559
709
701
883
253
326
632
572
32
28
566
61
785
58
758
171
118
867
743
614
241
420
36
633
338
533
399
848
494
736
163
805
302
278
88
61
673
714
35
533
642
436
290
999
864
6
885
762
349
673
684
797
13
363
405
66
358
144
625
303
738
270
777
581
523
737
660
127
885
371
885
281
241
255
727
789
971
131
72
182
125
841
225
352
899
533
840
860
846
835
127
375
735
629
713
931
173
631
765
745
978
630
244
546
802
942
195
33
466
529
513
588
946
490
886
386
340
43
121
780
345
268
191
61
536
667
597
70
389
972
911
31
608
692
910
589
449
678
833
406
955
186
982
857
725
360
872
42
484
65
218
981
954
983
40
576
119
732
418
175
168
600
490
215
730
438
931
187
735
765
854
243
993
992
89
388
685
47
797
679
971
222
791
377
232
622
888
54
921
180
546
395
85
527
475
634
138
880
471
331
549
352
734
868
217
731
616
526
794
336
917
856
693
66
109
231
595
673
625
581
529
221
462
414
987
909
759
804
186
9
724
332
978
815
173
352
535
349
762
583
720
28
516
715
728
440
272
972
498
742
585
567
324
378
68
398
433
333
159
87
225
20
715
129398.0
714
159
183
978
693
459
792
646
684
215
326
842
488
887
474
367
62
758
908
202
816
533
282
682
221
772
665
742
17
37
51
989
545
2
932
919
419
486
92
417
88
91
982
632
900
169
896
166
829
710
662
453
780
177
622
483
85
65
910
450
541
919
278
39
37
207
40
436
962
376
987
387
497
527
173
736
931
8
447
269
933
342
609
170
175
634
726
820
840
22
679
895
465
294
551
963
844
661
756
885
118
610
848
949
667
288
630
953
105
183
64
349
94
263
874
473
676
126
466
534
353
891
873
330
289
809
623
537
439
983
716
110
981
729
951
323
34
389
969
180
69
349
486
979
418
931
231
466
985
717
31
743
730
306
745
950
761
584
996
162
987
421
554
923
46
254
902
926
874
220
579
862
604
938
910
448
651
259
322
539
993
949
166
112
578
308
952
91
519
230
615
346
150
422
115
203
669
785
739
719
45
343
678
853
613
405
711
753
974
338
147
577
740
958
274
280
673
395
820
328
840
971
552
613
996
559
344
91
142
866
969
456
214
355
95
108
377
27
593
888
407
224
22
131
722
44
556
54
77
273
418
533
142
198
540
288
533
81
652
767
351
877
559
859
185
552
856
123
226
500
422
863
309
3
242
519
582
181
524
104
422
976
813
94
222
47
429
91
676
554
708
149
86
654
835
904
415
564
469
652
81
466
659
760
902
375
165
295
739
121
211
778
293
663
675
641
159
232
601
331
454
538
54
508
189
392
928
161
950
580
564
417
781
589
609
244
392
842
567
793
275
204
575
99
345
971
870
902
840
704
909
581
317
932
357
824
191
53
35
956
20
941
880
177
507
44
896
330
421
762
656
456
135
736
774
833
996
532
914
417
75
762
442
837
588
921
140
934
1000
451
219
43
320
203
741
621
822
243
136
876
658
611
958
418
380
411
609
290
451
559
112
492
538
273
178
80
854
107
124
928
105
959
937
340
464
881
483
957
639
529
849
736
842
222
907
560
253
999
250
230
921
796
925
648
720
652
369
800
944
127
447
1000
304
529
660
376
489
707
991
701
982
502
999
105
212
367
638
623
757
111
165
386
27
266
890
301
50
16
761
947
459
61
883
915
916
838
774
620
768
982
13
88
968
493
26
642
949
12
783
497
91
617
491
561
164
592
495
736
40
464
644
466
177
821
53
652
528
858
33
9
979
571
977
514
936
220
223
517
890
682
305
863
291
640
923
230
196
978
578
150
800
147
565
477
390
393
220
284
204
778
686
485
62
167
662
992
21
382
843
240
544
380
447
872
582
38
273
688
834
552
186
732
631
689
647
564
895
18
272
107
915
838
835
750
74
657
164
742
162
565
108
106
801
219
764
480
451
110
546
647
780
350
446
687
179
347
127
367
410
438
926
126
710
361
497
439
939
45
547
188
352
809
476
54
348
804
772
282
131
878
232
384
942
829
698
618
565
716
263
663
687
307
311
308
385
699
338
421
795
184
662
49
53
642
710
533
371
342
325
923
215
906
206
439
26
523
211
843
639
124
366
954
557
1000
235
309
146
264
6
92
512
611
697
180
795
413
629
534
90
450
127
226
576
692
396
779
396
169
778
617
665
722
531
681
346
669
532
863
521
665
92
500
382
672
410
188
838
1000
223
286
802
420
427
954
580
773
111
408
936
876
250
93
589
148
186
788
502
22
83
20
748
566
78
119
390
874
681
865
242
174
685
10
986
309
778
99
778
916
358
959
72
502
743
510
383
56
493
164
538
985
967
407
655
404
357
683
864
471
913
971
242
454
657
841
216
881
49
312
460
30
222
75
673
669
372
2
272
454
148
373
814
808
136
109
893
499
873
947
79
91
948
742
262
573
677
450
37
870
893
654
996
839
109
181
632
683
477
370
413
949
502
996
583
450
508
384
236
483
375
449
888
854
775
353
626
153
46
260
574
549
276
930
871
377
779
311
233
559
523
276
993
328
548
439
474
834
202
999
331
855
261
570
580
322
728
339
722
590
622
739
547
543
559
911
944
121
344
379
75
400
893
581
694
205
974
641
446
207
973
599
464
153
189
472
992
506
441
290
548
98
709
944
969
515
236
560
444
640
561
619
56
999
749
186
30
642
832
65
37
127
307
789
77
625
633
849
501
974
140
295
483
414
662
48
798
408
831
503
433
43
646
887
542
250
827
198
933
435
435
492
758
515
45
712
565
136
904
562
954
1000
111
686
399
627
34
421
44
326
864
469
953
399
313
25
517
82
884
465
241
893
548
518
940
568
150
786
285
176
951
734
128422.5
170
94
23
241
43
533
412
243
320
717
180
632
1
153
595
701
24
490
330
788
70
463
638
560
826
21
675
774
224
39
877
105
861
698
264
254
698
485
350
419
776
424
528
793
355
67
150
170
120
856
235
947
998
220
99
41
660
630
991
106
361
886
839
366
749
854
121
584
67
187
517
557
190
260
964
433
608
457
947
45
205
867
131
331
593
124
461
433
836
86
719
124
405
527
297
557
894
703
842
206
314
443
708
972
217
201
925
619
898
124
576
668
668
574
270
250
224
530
682
150
423
140
326
463
82
394
364
655
993
748
767
232
220
439
372
793
905
206
432
118
950
615
683
301
237
737
597
461
232
176
753
700
163
964
564
676
989
3
545
850
970
298
602
47
337
826
846
652
810
331
907
411
851
992
665
920
81
44
246
382
574
490
238
736
981
613
397
790
393
213
684
857
637
701
83
261
370
105
777
97
651
456
846
102
427
613
488
508
650
848
743
294
484
70
273
173
594
96
992
273
898
669
367
318
99
109
359
825
154
365
764
556
521
268
376
450
83
480
156
474
554
364
276
192
935
20
584
786
913
571
179
423
530
47
673
956
240
833
568
811
502
78
420
457
490
797
901
701
549
921
585
418
581
155
416
942
538
17
588
320
551
854
231
52
754
847
303
788
622
85
956
331
395
398
545
258
550
944
457
925
883
438
474
204
309
215
632
302
151
937
867
245
473
115
23
481
941
341
672
92
234
451
174
363
317
208
638
905
916
964
56
335
635
196
946
459
710
978
810
508
809
39
109
114
934
288
282
384
168
636
433
979
419
587
289
1000
416
931
830
263
841
723
813
528
57
281
236
23
661
509
201
599
458
876
349
368
248
986
546
659
10
594
300
818
338
575
107
92
906
841
903
409
521
735
112
739
181
588
296
727
566
118
608
424
978
185
928
894
169
863
230
321
45
696
462
179
15
445
570
509
192
36
131
572
33
937
274
809
494
709
353
541
439
898
944
728
408
202
483
72
470
702
375
793
347
641
361
24
954
968
998
463
718
339
804
155
416
943
697
785
570
534
655
187
130
856
303
953
690
276
869
185
501
439
112
333
421
108
350
402
1
34
628
238
676
104
262
636
64
940
538
594
583
949
577
90
996
210
354
856
662
593
368
788
903
808
594
40
991
24
906
602
713
542
615
386
970
227
728
494
326
871
726
259
834
935
392
49
951
849
553
630
266
615
281
897
34
306
83
691
612
138
942
751
379
433
946
367
805
429
62
312
489
450
857
496
968
919
927
2
676
917
661
761
148
252
973
220
673
664
542
75
470
725
935
576
106
897
592
192
936
438
777
717
360
709
670
131
357
596
817
556
175
512
412
600
448
448
500
868
69
913
538
224
781
102
862
165
905
76
845
223
108
172
537
387
832
164
933
918
275
767
62
843
67
939
311
366
125
877
948
504
206
467
336
390
75
72
646
984
331
358
488
728
748
375
118
547
225
547
257
68
51
57
637
734
907
60
763
501
632
138
82
396
941
111
15
182
380
961
825
55
754
661
793
240
718
862
570
971
945
939
758
485
969
316
628
387
647
572
696
839
35
485
883
784
512
821
403
822
360
517
421
67
122
814
703
213
398
322
615
371
931
77
741
177
440
965
35
2
170
561
884
621
842
4
709
941
458
428
529
85
589
807
749
142
866
838
914
493
95
901
193
221
850
224
395
821
358
799
396
378
497
102
84
103
509
471
113
611
118
101
154
781
193
226
453
436
157
521
511
533
932
13
613
930
483
737
739
331
852
657
948
885
536
648
890
449
158
115
987
10
227
386
225
149
444
984
807
191
174
912
383
288
482
334
235
330
152
859
533
896
810
330
970
676
227
185
871
526
843
382
459
792
105
59
244
454
614
106
141
174
283
476
628
336
490
562
797
371
921
692
930
349
555
412
640
77
491
746
753
489
896
148
548
412
820
205
896
300
815
372
571
290
236
165
850
56
889
187
258
688
408
124
528
801
953
910
915
338
880
443
360
615
77
727
539
958
963
83
415
569
183
481
992
977
658
960
869
847
50
978
228
156
300
258
515
812
336
387
515
606
765
242
68
840
274
85
244
774
383
420
802
484
289
883
494
409
515
522
234
207
673
282
71
794
821
34
337
909
203
516
794
170
113
250
402
75
511
546
580
434
330
145
66
281
746
125
379
715
317
782
546
787
418
823
90
168
917
592
556
116
302
879
136
881
56
365
124
299
598
639
936
636
426
175
394
193
469
795
821
233
194
976
649
205
946
493
532
238
121927.5
477
791
116
468
353
944
234
737
478
190
444
620
585
421
231
50
202
109
262
218
170
562
867
925
110
608
851
984
171
56
575
187
599
909
461
584
579
485
676
477
792
691
90
813
184
605
821
896
224
825
175
804
646
123
301
804
983
172
339
76
682
240
268
508
255
226
234
726
310
28
373
315
414
181
440
1000
375
140
947
273
334
301
99
583
337
233
377
375
763
208
354
332
237
782
842
967
726
701
368
441
996
235
968
206
338
903
402
317
31
419
229
689
506
220
251
738
669
443
906
718
39
146
62
280
447
308
618
18
327
755
717
303
571
456
615
846
641
52
91
533
157
283
457
935
114
750
878
824
491
44
261
22
409
475
457
861
858
543
360
225
845
536
995
497
530
349
331
397
920
389
486
874
446
8
397
163
476
507
374
389
666
957
751
578
521
495
300
782
750
924
401
279
682
282
935
813
783
351
370
614
134
139
210
132
569
147
618
729
662
96
569
561
139
261
962
442
690
270
144
670
375
540
576
835
323
742
563
971
177
534
197
813
402
857
394
668
464
718
202
267
851
535
118
89
110
454
552
878
313
120
825
801
565
886
706
561
63
748
423
187
978
321
729
787
524
164
101
275
768
68
688
538
299
783
128
210
600
175
830
967
106
153
976
407
171
368
678
55
659
910
619
142
887
345
552
310
481
910
346
188
624
574
441
209
392
674
166
20
482
51
22
477
786
439
300
201
356
336
344
714
432
67
939
704
767
306
156
916
472
614
735
85
988
281
353
185
628
269
665
104
888
992
65
805
707
151
445
108
830
485
528
991
501
601
516
846
266
258
882
786
280
704
941
985
170
216
871
47
780
738
498
69
197
509
554
542
747
971
992
265
437
999
420
661
16
351
944
65
397
712
495
982
450
591
393
179
743
800
477
963
686
408
849
984
261
902
112
589
781
184
477
770
247
163
286
42
300
735
602
886
792
949
700
807
721
352
881
47
388
158
587
423
733
375
720
802
528
987
328
580
718
402
789
482
774
794
240
987
204
568
154
90
378
855
423
722
979
92
260
215
839
915
290
577
367
70
651
591
552
904
41
790
322
39
16
560
649
678
259
45
892
777
646
636
617
405
770
372
497
135
665
65
727
492
297
572
569
324
385
366
282
742
69
758
864
560
460
607
881
869
477
20
880
48
563
950
782
22
306
579
285
545
472
924
187
987
603
869
395
4
680
437
219
849
648
215
404
257
81
834
496
141
158
506
241
516
303
493
873
451
160
684
577
81
805
353
765
128
639
130
551
848
693
76
327
379
643
861
7
956
895
275
71
596
146
1000
237
354
245
737
932
42
67
286
543
474
388
271
519
636
144
404
776
402
152
6
79
871
562
14
897
488
834
214
252
147
304
818
510
253
281
21
339
504
475
774
63
945
616
692
32
975
280
628
252
420
397
298
741
300
519
772
315
432
463
77
572
856
324
479
200
165
292
826
740
417
358
762
460
184
620
354
881
374
440
116
330
532
373
606
698
817
769
355
398
102
849
71
440
850
669
512
956
260
587
979
494
485
492
437
517
544
768
445
97
819
162
167
288
102
124
735
436
916
27
176
390
483
190
487
106
846
861
738
656
822
428
211
937
15
974
578
319
527
298
344
443
339
315
879
258
351
476
407
574
1000
99
458
580
808
477
225
408
37
658
56
825
61
207
339
985
827
884
609
596
17
974
613
736
882
234
105
123
389
165
724
688
827
951
67
635
341
134
322
663
258
338
162
856
611
446
504
165
694
229
375
780
131
198
253
425
655
747
396
394
174
857
166
723
924
599
768
515
795
548
979
383
798
266
223
699
575
9
506
822
416
168
432
779
717
448
648
842
604
457
778
271
936
316
354
700
277
160
153
361
117
632
354
54
327
971
54
602
931
684
285
84
558
468
535
160
702
173
656
83
605
174
967
507
342
928
655
583
180
901
835
110
87
418
55
638
746
134
5
770
848
387
373
794
620
589
760
128
76
991
330
694
692
268
24
614
645
69
911
549
777
88
572
330
586
47
578
620
952
88
125
710
411
696
363
491
544
682
50
569
737
879
893
929
746
955
314
566
984
81
721
361
923
834
224
865
790
28
96
418
969
350
528
527
962
283
109
494
307
204
223
986
176
637
961
724
828
24
869
921
839
333
436
298
469
49
912
563
717
348
506
756
157
661
287
159
429
889
521
972
401
98
686
621
274
802
858
882
261
195
573
315
887
804
199
185
870
746
366
129
634
602
441
268
944
758
171
942
699
234
214
441
331
51
567
122011.0
920
228
259
916
480
102
852
974
66
806
541
607
380
334
519
615
457
271
123
47
522
895
196
704
365
633
171
314
650
831
663
516
692
725
451
139
305
995
291
546
903
754
489
771
733
153
884
10
179
800
931
658
326
725
810
612
904
210
115
319
131
429
773
691
210
756
433
38
89
870
872
865
435
597
512
73
958
300
203
560
975
564
683
834
513
291
487
159
912
553
558
222
60
353
332
777
89
819
128
957
495
301
428
658
285
112
986
122
552
390
359
655
61
610
1
948
177
858
411
907
792
444
670
61
884
503
479
560
699
586
85
339
110
715
603
915
628
981
440
619
476
41
530
219
531
912
768
613
26
127
917
255
206
106
658
612
420
421
835
649
481
46
301
963
480
19
589
846
767
568
669
800
429
737
734
469
640
81
330
287
210
531
587
472
560
403
693
662
329
373
667
699
229
928
312
146
457
396
702
410
641
430
974
807
288
986
666
917
153
538
188
254
959
652
761
339
803
465
580
725
54
588
597
195
325
800
675
117
384
322
218
755
328
331
1000
359
758
151
58
983
115
322
790
739
340
164
613
862
831
644
150
298
988
495
150
82
707
272
951
912
249
560
18
126
549
895
742
32
829
483
625
755
327
523
801
907
877
564
544
107
346
339
65
604
958
502
638
582
80
783
633
450
691
611
268
393
148
844
198
869
341
37
232
676
15
320
392
455
678
610
124
795
903
441
883
807
628
705
672
265
68
754
922
139
896
793
195
764
561
789
895
20
192
452
814
115
780
231
217
306
763
602
482
206
872
656
730
671
939
600
986
85
482
339
438
297
864
710
48
144
89
189
214
334
553
31
198
462
986
682
441
11
802
26
920
541
487
969
602
824
904
731
399
315
166
395
690
753
505
360
728
934
723
846
215
301
38
400
308
957
209
976
891
828
605
246
211
79
698
162
833
173
654
252
185
317
98
633
268
974
27
404
596
760
111
415
80
706
572
962
81
699
177
52
39
587
729
690
510
843
427
613
823
395
575
880
613
479
163
505
54
410
996
545
475
351
451
731
607
717
609
216
1
993
319
920
991
86
399
732
648
518
620
167
429
11
736
596
123
883
877
307
700
834
974
656
729
392
304
112
117
620
419
333
188
655
514
84
879
854
527
472
57
658
40
841
745
679
23
525
232
950
152
646
900
779
560
222
122
801
865
528
833
274
737
89
270
716
800
500
887
809
149
834
329
874
708
263
720
92
809
933
259
317
370
910
669
500
78
650
165
585
959
708
867
421
340
14
342
603
720
648
721
84
915
161
892
125
859
722
12
495
138
850
952
490
271
731
373
731
863
844
527
762
686
975
167
628
347
731
640
931
47
952
910
775
897
153
178
795
742
638
93
616
638
894
10
474
43
728
691
82
491
755
782
694
337
575
544
264
13
460
178
654
662
131
407
289
792
597
778
424
268
302
42
144
356
312
993
777
533
819
654
113
121
8
960
951
720
296
403
238
789
205
820
952
335
561
174
392
410
154
526
780
944
867
812
439
99
521
266
325
484
386
720
451
241
479
628
872
627
794
578
707
605
168
656
953
315
257
459
745
525
289
395
896
462
144
342
374
656
194
436
323
361
448
18
461
923
92
775
202
882
843
814
830
773
449
406
58
485
900
18
202
98
472
488
311
234
157
337
179
980
7
314
753
403
993
505
141
581
151
612
555
603
518
159
894
59
880
748
878
1000
537
101
701
677
822
743
992
573
830
313
506
230
939
50
13
527
170
271
174
941
170
214
691
504
861
486
610
208
24
137
797
372
698
622
895
732
69
102
352
771
687
379
316
131
601
136
633
317
309
167
810
210
863
915
536
509
483
520
291
738
400
746
98
962
458
240
671
62
129
898
682
424
679
722
331
927
487
602
472
109
368
774
373
459
813
952
331
215
958
879
573
551
404
872
826
22
761
109
339
473
380
300
458
217
916
377
563
379
359
658
271
406
943
850
423
62
741
762
274
238
463
398
927
153
292
2
438
694
681
590
343
277
581
938
49
646
463
398
20
30
816
31
346
165
542
53
20
244
747
375
359
98
64
514
828
724
520
661
753
863
333
463
946
236
850
395
558
112
368
29
119
410
930
747
955
53
215
865
584
212
15
251
753
272
142
377
847
198
386
698
604
481
113
605
215
102
468
849
346
333
12
612
558
287
237
885
212
192
621
876
256
279
138
660
329
507
348
598
807
481
632
593
100
426
168
509
543
759
316
8
550
254
770
961
154
658
697
839
532
227
307
705
981
82
769
326
384
121891.0
22
782
145
398
411
639
948
455
582
917
587
100
62
766
766
708
182
453
377
218
928
600
803
875
338
326
478
642
170
242
216
837
348
650
42
396
10
338
856
370
294
452
921
484
561
184
37
740
673
421
405
304
884
444
304
709
465
636
415
618
14
712
966
600
376
128
218
293
246
460
718
557
675
14
103
27
212
233
435
488
455
906
388
907
706
752
68
254
56
447
68
833
353
465
328
969
327
299
314
987
297
586
422
26
241
680
585
710
342
67
672
191
965
739
399
468
178
315
438
547
635
215
257
806
526
746
581
262
163
321
969
382
841
282
143
233
732
789
665
171
350
230
835
746
874
510
844
736
232
294
895
783
145
694
667
542
966
419
542
119
503
527
978
627
882
652
595
775
624
38
809
457
497
840
951
9
522
391
132
396
489
686
302
356
321
803
937
111
480
469
498
290
379
785
915
6
207
412
816
937
229
13
686
955
730
443
70
735
517
89
27
469
2
426
72
513
115
564
204
858
67
163
26
732
294
806
414
900
712
370
241
386
813
620
912
618
829
387
263
139
82
243
98
610
100
574
97
680
128
448
21
598
171
158
202
918
869
122
406
697
835
260
659
124
382
548
82
190
598
930
289
251
615
372
855
458
70
101
341
554
482
241
229
424
648
679
193
259
826
772
271
124
367
150
208
770
25
947
895
525
845
684
191
163
934
80
673
633
822
548
103
694
692
753
152
84
570
151
260
130
299
455
163
967
66
407
957
230
224
16
465
133
845
663
287
678
652
416
948
440
878
345
670
221
723
870
147
413
758
175
141
997
558
141
873
931
491
253
306
412
516
88
25
551
920
114
176
505
631
234
967
164
20
294
936
84
508
241
552
490
925
342
294
240
239
496
939
452
477
741
915
243
303
39
699
746
97
739
195
419
701
623
28
919
285
667
709
502
386
475
180
882
632
988
620
871
771
526
608
750
133
312
843
837
472
962
488
46
338
698
168
876
352
724
788
212
813
820
787
890
615
972
331
162
828
973
974
106
230
333
312
427
500
288
388
733
403
177
185
731
796
688
95
13
588
181
618
980
847
861
833
228
778
134
284
484
554
142
518
802
711
504
855
791
553
240
475
682
576
82
958
145
368
129
667
873
75
77
256
855
57
897
503
120
324
520
9
743
387
682
27
709
74
948
530
902
253
564
294
349
983
272
584
420
692
263
666
992
740
115
85
777
375
850
474
108
479
481
510
120
673
982
975
856
634
34
981
645
782
587
615
737
317
460
266
219
788
733
90
429
160
159
395
297
364
478
978
633
874
187
321
367
693
679
497
62
175
435
850
557
81
572
818
750
369
637
17
565
712
449
373
415
677
259
893
718
24
241
972
590
526
200
50
677
755
204
123
611
312
444
182
862
428
236
528
174
278
241
312
416
599
675
786
180
204
590
102
477
965
376
204
805
474
569
156
561
584
377
239
595
756
990
340
877
736
415
813
497
648
440
39
501
69
532
711
158
575
835
394
12
781
85
461
37
739
709
647
964
646
198
534
687
410
427
988
182
63
102
448
442
241
743
745
230
363
416
961
360
266
869
418
784
43
715
510
280
128
971
541
547
951
176
240
918
838
443
455
41
283
7
634
972
737
357
935
48
551
865
692
250
548
728
800
948
459
936
217
674
148
477
827
141
249
987
549
180
88
989
717
390
132
11
975
275
667
30
579
90
49
909
224
844
524
785
138
479
932
430
329
299
800
250
339
333
816
293
596
416
786
271
976
12
154
704
718
269
886
301
886
843
356
1000
37
397
714
594
262
364
345
416
820
815
365
432
265
691
991
838
301
715
123
395
262
529
917
990
715
29
472
507
611
130
859
429
49
19
181
520
988
57
500
108
685
354
748
599
108
794
286
330
915
527
372
14
805
964
200
381
676
942
363
47
621
826
475
327
276
991
474
68
169
625
76
913
734
531
759
48
870
12
937
897
55
814
413
51
400
780
944
272
411
635
683
887
963
943
187
579
607
933
831
335
55
791
575
388
295
731
125
707
823
211
596
334
78
874
171
60
854
686
576
687
452
637
843
90
871
134
814
828
57
862
757
175
684
385
465
710
683
476
260
860
184
404
227
675
627
755
579
308
412
658
30
698
873
526
703
887
298
439
526
841
342
135
205
296
831
742
492
123
874
946
527
147
260
926
365
467
558
372
742
221
267
528
920
460
619
449
272
508
661
122
115
537
437
333
777
927
756
656
172
370
868
425
848
675
298
442
51
606
939
181
315
219
507
140
76
811
303
253
121931.0
59
61
39
262
10
964
488
730
833
911
94
731
484
440
148
111
258
160
905
552
592
926
304
841
976
174
494
87
98
778
137
534
519
895
328
307
695
149
318
206
228
348
406
790
758
937
546
516
291
655
39
313
234
790
185
674
905
277
66
112
1
50
96
607
584
375
860
601
349
557
560
625
603
215
700
725
998
138
483
765
897
511
912
537
977
488
742
978
391
760
934
181
475
793
163
622
97
312
812
240
424
160
984
646
652
456
873
236
550
722
855
213
454
599
250
755
398
862
349
821
308
970
870
660
432
519
705
663
102
709
153
178
374
80
863
318
544
454
116
705
464
227
651
635
109
346
801
367
246
242
793
447
45
591
32
891
24
61
286
309
879
901
644
179
199
546
612
187
633
451
337
785
162
816
722
225
89
740
631
91
497
789
638
313
598
937
156
522
72
438
853
657
332
734
473
208
330
642
893
395
73
848
373
188
55
19
548
918
728
115
947
242
310
104
360
935
504
436
258
349
222
521
635
21
841
817
714
667
327
12
387
94
224
668
763
475
661
762
979
288
658
581
883
943
902
409
805
191
181
186
438
670
59
203
197
805
638
674
26
821
68
755
721
362
273
498
942
224
331
831
958
894
376
527
817
330
64
735
618
814
931
625
418
341
299
314
674
120
997
504
617
203
681
28
57
376
682
615
321
970
776
836
94
156
885
748
875
634
327
336
267
712
120
528
135
685
232
672
967
117
42
826
263
225
154
519
194
222
243
623
692
971
12
640
799
35
653
831
443
732
15
814
674
833
895
870
992
971
578
550
197
131
908
652
136
173
158
605
632
773
554
240
846
396
636
875
511
514
37
974
795
617
244
742
966
602
895
361
616
597
424
405
490
686
41
65
274
735
507
420
88
243
869
594
332
696
636
938
807
884
262
240
885
637
163
423
59
833
162
1
748
939
434
579
5
883
114
494
198
820
151
181
835
89
267
862
241
499
656
523
136
940
670
695
723
590
627
676
495
568
609
924
106
341
830
290
688
364
309
811
303
863
392
657
973
37
126
45
436
353
142
618
374
450
126
168
744
80
405
224
755
432
421
266
516
750
560
56
17
417
384
958
763
771
119
218
867
911
296
460
760
994
914
140
937
660
712
40
926
651
103
684
733
101
435
392
545
41
307
531
882
494
979
782
707
412
146
669
595
10
927
604
142
97
530
97
386
352
681
353
442
357
338
563
205
671
453
836
755
255
65
291
213
804
248
200
898
14
426
741
176
977
468
85
721
350
856
443
589
771
421
684
397
995
196
386
68
10
154
93
217
385
138
757
121
579
858
933
679
958
699
178
261
48
747
518
984
186
560
15
8
809
404
181
60
622
484
881
781
744
600
477
627
24
210
777
450
80
250
506
597
814
575
733
496
781
756
371
872
597
905
717
928
655
835
91
533
57
231
756
804
993
976
263
541
582
854
89
846
917
951
324
704
16
474
121
741
563
234
980
692
425
503
888
419
343
679
478
566
48
152
79
254
340
771
336
303
58
507
601
344
391
511
619
945
734
605
349
996
115
868
292
404
236
461
242
545
706
506
207
798
921
970
909
927
29
182
737
671
187
7
21
24
327
680
199
644
300
838
633
233
816
36
470
286
425
900
290
99
320
249
41
293
215
161
816
806
315
669
944
173
809
389
582
858
664
757
333
644
779
942
871
212
898
713
966
641
298
297
606
965
460
535
754
879
598
976
684
247
377
82
887
519
347
834
323
967
329
96
921
520
121
757
733
657
997
12
693
287
608
701
113
127
16
952
822
170
447
719
930
699
695
1
290
355
841
491
690
484
540
817
215
525
429
916
346
335
389
846
332
673
173
656
235
724
517
4
201
267
182
512
124
654
606
20
840
200
62
311
669
206
617
449
240
971
694
36
316
563
695
517
908
702
685
176
367
658
629
265
772
336
590
715
521
321
703
582
584
81
335
98
154
731
731
737
272
370
78
581
777
327
106
691
42
310
206
114
232
814
696
408
454
394
463
258
405
969
191
921
832
763
803
55
354
297
282
292
889
714
331
387
790
639
383
149
926
999
144
271
290
469
518
298
234
970
887
931
884
52
442
579
179
852
641
147
351
810
649
197
537
195
111
33
39
166
423
218
554
155
960
963
876
556
814
373
313
554
964
343
22
84
356
199
646
243
202
72
508
397
962
970
156
960
973
288
887
233
701
292
3
481
420
700
546
736
516
618
724
158
368
621
566
457
833
349
358
231
581
305
555
124
348
733
90
730
491
461
705
556
682
122357.0
844
546
843
878
425
418
859
108
847
524
974
210
467
944
951
649
60
676
494
500
633
335
95
581
346
131
808
9
453
898
16
928
15
202
160
303
444
248
778
441
784
726
805
120
391
211
897
553
755
755
354
14
982
773
693
228
59
455
875
391
139
822
632
328
973
584
549
896
630
621
720
470
924
964
728
942
826
442
143
324
393
745
663
215
309
490
704
215
234
357
728
247
356
447
385
310
231
538
764
124
611
183
569
980
205
623
786
728
737
260
147
553
428
994
660
739
478
33
475
484
934
498
739
71
580
626
837
921
468
975
28
856
186
75
912
941
139
182
153
389
641
154
142
459
858
185
333
255
259
699
577
24
957
742
717
144
32
389
463
719
925
414
338
812
642
396
618
495
72
902
454
319
56
101
729
654
517
868
742
734
991
854
404
862
804
481
271
554
248
798
766
345
30
945
61
484
101
305
183
644
12
466
569
187
59
401
738
69
293
273
176
342
202
232
663
708
680
116
501
290
250
197
435
793
27
818
4
640
751
689
278
303
974
896
12
6
769
244
125
727
611
496
273
731
854
13
211
809
825
578
555
584
138
33
890
9
118
597
104
921
443
843
956
947
266
32
440
819
121
891
446
582
122
858
120
474
431
283
300
987
40
363
553
878
978
417
112
544
996
433
680
316
13
339
177
780
401
874
134
469
806
233
82
308
352
373
160
696
985
125
114
605
357
491
496
190
281
46
934
744
503
992
197
197
725
477
301
380
830
539
787
430
79
798
530
280
520
687
481
586
496
20
205
554
931
825
322
633
773
252
456
205
456
531
372
674
565
24
886
394
559
207
476
83
527
39
883
738
276
358
815
217
585
668
330
231
299
754
269
346
679
455
200
549
848
146
295
319
854
843
59
849
540
320
129
170
793
186
582
111
104
350
193
839
406
191
148
713
12
870
198
21
905
479
875
580
554
400
191
687
244
859
819
525
529
869
526
652
668
856
28
195
127
327
867
508
950
765
809
125
969
32
308
654
582
295
171
701
58
54
498
591
200
963
311
440
808
776
712
648
987
916
121
359
37
166
770
494
540
708
391
248
997
373
177
384
170
488
839
567
479
817
906
402
367
26
563
745
869
55
974
186
485
282
553
987
693
128
921
912
727
291
25
153
822
393
33
403
124
161
232
273
854
409
753
670
465
47
468
41
469
344
836
985
724
90
282
71
39
592
68
679
827
214
408
436
427
868
610
399
548
292
146
539
928
581
757
502
515
502
85
613
762
884
296
765
792
15
151
733
339
857
154
897
357
329
325
867
779
533
133
673
443
991
513
529
328
873
243
135
270
122
959
933
962
971
654
433
855
301
944
113
127
749
676
600
380
897
270
720
867
215
641
968
207
107
381
917
485
110
693
908
210
645
108
924
685
780
977
429
924
841
996
322
384
931
271
875
834
606
604
831
612
592
931
882
184
718
917
661
81
78
808
117
620
841
9
50
396
128
886
184
315
834
316
11
987
263
612
815
72
980
830
257
802
140
715
801
35
416
513
907
54
750
106
57
586
148
625
540
131
666
814
524
224
498
424
808
979
274
370
894
801
209
431
139
541
923
761
269
376
682
721
694
358
370
648
823
735
5
800
232
553
970
633
47
135
688
189
403
877
367
400
446
32
684
877
870
906
766
752
516
278
79
71
815
214
605
42
93
131
120
649
294
836
779
179
151
958
741
21
869
465
173
471
91
324
906
614
974
824
862
639
425
378
33
899
951
875
334
109
878
685
732
730
904
882
460
993
631
206
311
76
103
963
265
535
508
14
510
565
278
486
785
588
923
22
344
715
872
668
725
2
326
157
281
190
729
573
271
334
832
174
871
370
290
164
472
288
521
265
186
43
612
481
292
120
59
122
562
48
341
679
11
382
405
164
544
818
662
627
549
791
689
664
98
60
539
29
266
503
166
249
75
12
527
912
185
400
366
163
616
700
746
643
593
744
128
816
779
979
342
503
324
597
719
666
115
159
991
917
22
988
915
908
524
899
183
357
340
496
775
17
252
245
690
99
681
823
320
779
9
322
628
872
65
593
785
535
324
560
693
926
83
96
316
215
668
806
97
734
518
709
594
541
581
182
59
115
705
357
249
79
961
262
846
371
826
88
467
264
40
167
592
173
298
218
513
724
892
576
256
651
739
803
381
322
399
763
369
880
109
874
821
302
999
868
856
421
881
503
91
382
295
91
113
791
619
717
113
76
81
738
909
229
111
97
908
817
639
247
674
661
678
351
885
420
589
814
311
121506.5
530
537
363
354
328
627
193
79
946
33
839
123
255
886
760
158
426
800
550
87
924
182
564
565
723
619
788
639
261
760
410
680
218
292
812
94
422
700
210
99
286
483
18
118
246
485
703
992
296
260
522
463
35
28
554
506
958
518
836
726
423
841
576
290
620
11
174
389
671
443
22
649
228
682
627
475
773
841
111
364
336
617
774
931
196
77
411
788
27
340
873
884
298
114
234
961
524
406
327
652
971
891
559
350
928
36
596
343
642
64
979
378
608
495
547
146
663
573
844
653
71
898
621
316
541
461
757
922
110
216
384
475
169
774
820
103
601
819
692
82
610
520
487
989
60
39
755
896
996
969
864
791
795
541
152
277
56
59
90
176
381
931
23
48
129
623
766
818
926
987
778
918
107
857
11
310
190
117
267
563
788
946
3
45
866
497
518
776
413
441
407
268
296
57
313
113
324
284
912
713
4
561
389
304
610
206
577
45
867
550
639
300
935
366
33
370
577
188
787
284
585
56
80
428
452
432
43
233
88
603
984
216
331
464
231
612
971
79
675
58
206
133
842
833
570
906
528
856
577
297
180
848
659
912
270
886
460
178
188
341
596
86
686
483
157
894
117
139
359
647
66
813
445
733
487
377
586
205
86
214
139
435
716
50
519
938
221
163
340
539
426
438
391
154
403
211
76
941
525
98
388
660
442
233
539
718
660
139
53
630
395
695
893
239
244
794
765
802
527
230
871
961
226
965
702
182
328
170
877
384
398
978
513
60
705
419
571
124
272
933
969
999
690
470
199
556
892
210
845
146
781
7
271
429
354
570
110
513
988
644
544
857
204
325
437
87
230
529
855
379
338
595
760
54
86
282
347
186
785
209
376
472
90
765
866
792
278
772
612
464
630
224
984
483
788
181
645
43
901
600
501
931
300
435
32
270
877
228
358
784
42
313
337
622
213
636
723
671
557
510
103
807
317
778
82
917
522
291
921
946
46
353
683
644
612
481
786
559
16
367
235
81
698
238
302
285
548
543
318
516
115
180
981
636
506
849
359
570
942
157
766
961
60
259
868
51
527
242
608
375
585
404
1000
15
756
88
118
827
930
850
294
973
615
994
942
797
440
307
951
739
580
381
914
649
779
465
833
672
241
372
491
106
103
579
360
870
441
167
453
453
754
301
84
409
642
234
270
303
373
725
611
696
688
29
4
6
432
805
533
926
261
466
409
603
15
531
584
17
765
106
343
389
728
574
416
146
257
428
508
827
450
854
367
567
488
643
64
908
293
211
179
78
184
377
372
208
563
401
501
938
873
97
911
972
750
446
137
217
660
861
199
123
976
606
969
645
716
543
551
247
239
689
678
261
952
583
441
453
380
461
140
513
240
850
682
708
378
349
725
778
502
192
742
570
942
183
772
739
235
274
51
892
256
347
898
469
882
279
687
603
22
690
914
74
975
188
351
380
799
427
118
883
639
826
525
13
329
922
448
902
125
136
353
806
664
479
60
921
667
642
952
89
554
378
781
393
765
9
264
391
80
32
520
628
403
90
150
252
101
433
113
700
524
898
542
78
290
707
587
384
542
758
647
832
167
482
202
655
252
979
142
921
157
277
72
26
725
518
530
719
993
79
189
97
537
494
879
322
113
457
65
924
197
162
790
665
92
905
623
238
748
516
391
312
612
726
896
492
415
859
962
955
569
141
400
183
731
861
977
495
602
776
348
387
523
34
194
783
611
464
148
104
736
64
809
193
236
870
65
873
260
38
261
735
981
116
276
309
885
419
373
361
772
436
392
341
734
501
781
414
924
113
887
134
289
88
537
101
924
481
206
136
853
6
695
245
10
224
585
771
582
209
636
646
134
768
822
55
972
789
258
952
43
815
55
94
32
279
368
171
773
756
568
577
145
249
8
968
942
236
429
58
492
592
324
893
800
515
739
852
657
434
412
1000
714
544
24
144
497
702
266
456
438
190
471
717
221
563
915
691
377
168
40
720
120
24
725
435
670
646
848
744
340
939
757
837
178
894
518
164
388
369
41
687
217
80
801
93
432
125
969
492
378
273
522
785
417
91
878
907
997
867
302
223
23
727
447
835
774
795
950
328
431
728
400
430
156
813
629
759
702
758
273
72
240
416
290
701
596
936
32
797
874
847
439
556
229
795
332
100
572
659
308
36
914
482
559
228
913
59
441
493
175
594
355
703
98
664
564
152
600
997
340
146
729
837
586
622
62
142
750
452
843
29
78
24
368
404
931
16
254
661
252
773
13
123
363
62
470
637
126678.5
893
725
727
506
274
303
750
783
857
648
259
393
15
143
596
834
951
858
797
302
846
853
679
954
451
261
566
991
875
940
304
277
738
776
560
415
830
763
384
226
322
891
672
13
657
942
507
695
420
423
763
765
773
810
416
649
856
283
988
70
559
845
292
314
234
993
420
943
872
408
855
253
535
277
724
800
74
430
569
776
187
272
167
820
65
927
69
532
260
874
531
310
889
290
516
825
900
496
393
547
750
196
393
71
326
280
7
355
132
243
84
938
839
637
244
855
753
69
338
287
706
198
732
506
706
736
963
597
201
823
700
645
180
415
198
2
524
332
541
811
709
63
274
630
834
480
668
410
710
20
576
574
34
357
530
183
525
512
954
863
871
161
159
85
956
765
744
711
269
485
438
419
417
52
460
528
230
337
258
918
871
790
909
678
260
590
930
300
585
650
847
778
219
912
842
44
452
282
104
771
447
250
312
720
773
587
271
553
823
598
347
445
364
856
620
551
544
79
831
235
197
763
496
12
54
886
911
79
540
273
178
821
826
352
794
996
682
8
463
155
783
169
882
500
617
559
922
583
289
640
14
540
44
353
270
958
697
409
361
280
506
740
674
841
608
346
374
282
770
842
841
204
90
854
591
472
969
29
325
965
125
753
815
661
350
429
581
958
448
223
184
605
157
212
770
414
785
233
240
427
518
448
300
24
116
469
414
308
118
724
737
727
314
704
689
512
465
887
648
588
986
975
159
499
287
812
389
345
597
19
745
240
322
280
877
562
129
412
407
916
46
305
717
972
642
528
348
947
653
782
235
866
337
576
730
783
563
261
56
33
174
447
804
56
213
788
240
555
985
723
489
201
915
316
402
136
106
13
60
765
628
673
547
102
891
3
257
794
461
113
358
826
264
315
248
616
66
656
417
588
616
226
76
734
430
923
256
413
174
525
739
982
727
129
735
3
382
221
412
986
666
528
157
253
435
455
124
156
75
122
60
353
940
621
42
529
171
943
251
616
813
936
979
55
399
690
971
232
973
881
171
41
362
635
185
672
816
729
79
622
842
277
699
899
247
540
872
973
867
74
493
497
232
264
780
951
29
578
498
203
828
733
562
100
143
305
197
247
828
558
884
636
637
225
453
876
54
603
236
43
838
572
902
196
894
10
370
261
351
981
433
525
133
664
501
555
639
902
682
730
21
740
396
130
540
415
221
920
847
691
819
308
757
64
327
239
747
222
420
900
542
299
468
722
545
219
53
164
146
263
727
792
57
385
811
795
702
844
190
824
304
979
114
703
800
425
392
409
217
970
813
904
350
281
987
431
106
647
458
216
678
44
614
132
846
48
379
345
907
49
572
566
990
941
624
33
129
486
387
626
766
733
276
125
826
66
293
86
878
172
333
416
318
457
588
962
969
392
162
65
231
586
62
519
548
426
692
215
979
790
806
918
470
441
784
560
689
502
834
603
558
271
553
508
650
319
908
547
682
174
448
179
273
298
258
437
643
724
765
827
668
43
775
559
338
261
898
705
874
918
535
942
543
202
30
367
772
372
512
431
532
952
124
576
318
120
696
825
595
360
434
276
592
51
392
744
695
831
82
861
449
298
74
818
746
306
294
620
400
871
490
379
267
547
429
656
31
308
575
477
340
983
326
266
754
879
576
786
480
120
992
802
572
13
122
847
842
439
356
638
41
316
284
743
861
263
204
46
224
476
141
489
125
327
677
279
836
299
914
504
116
434
178
145
894
389
415
518
180
99
771
580
975
870
604
548
972
484
368
891
149
445
944
407
932
490
213
116
996
352
406
412
311
82
30
304
837
38
432
955
786
419
613
786
81
438
571
342
581
407
204
888
557
111
790
82
578
568
873
130
980
82
163
957
540
226
931
487
298
518
390
861
924
130
917
216
718
176
563
695
838
740
635
841
884
379
263
621
762
623
198
552
250
795
205
481
292
219
59
516
801
352
639
163
119
390
405
229
698
345
985
418
963
459
115
417
483
75
878
753
478
327
219
314
374
847
45
818
463
707
3
174
854
862
204
497
807
681
159
210
938
358
270
198
63
490
968
763
829
566
305
525
190
868
415
183
9
983
677
713
391
449
510
592
18
239
636
514
778
994
215
707
1
120
480
750
391
59
395
112
299
86
779
632
794
902
588
867
908
51
387
618
957
192
305
235
154
986
134
700
621
79
454
706
922
979
632
149
455
438
173
9
724
196
95
747
646
327
463
585
152
569
1000
643
94
171
634
210
734
284
738
553
781
503
302
583
575
5
694
747
127273.5
360
842
209
755
888
550
693
484
714
304
306
829
163
494
349
577
866
997
215
556
931
407
358
446
873
298
529
275
918
395
594
211
854
43
548
851
759
883
280
488
540
358
821
522
24
849
271
333
11
822
413
873
641
860
441
30
577
196
862
463
75
666
126
445
455
438
613
924
950
103
11
229
234
633
849
503
136
93
839
420
410
102
665
462
642
482
619
620
522
269
557
688
558
374
761
505
142
261
442
508
915
497
643
627
1
576
38
467
550
945
307
168
853
949
808
15
774
648
542
370
903
419
820
423
418
805
43
695
128
314
353
177
883
49
891
983
190
949
259
887
74
565
958
689
813
900
680
249
4
792
956
11
144
973
533
813
883
36
733
984
98
525
220
809
808
57
48
638
777
576
635
614
927
264
216
624
543
722
59
78
435
542
303
23
906
32
877
863
622
939
589
17
261
983
173
692
875
557
947
5
981
84
260
484
119
413
557
108
62
81
843
652
843
724
695
496
854
74
345
274
849
281
767
525
962
254
724
247
59
595
683
173
142
330
871
932
171
396
395
922
566
963
99
949
163
471
699
176
851
622
97
438
852
601
84
594
218
508
977
472
450
228
192
46
767
721
851
162
483
963
675
80
314
183
213
970
549
98
909
437
73
442
296
80
459
98
521
4
312
601
666
415
977
712
242
174
824
609
37
557
810
638
677
428
933
894
99
742
848
777
685
192
561
869
971
238
416
888
234
690
22
991
421
492
300
687
359
648
526
753
960
734
678
531
678
738
71
801
570
560
313
129
232
822
375
150
987
906
552
461
416
667
1000
783
610
358
870
594
327
718
279
840
637
549
107
828
515
521
774
663
180
798
821
130
493
678
351
749
402
945
315
614
878
692
727
590
786
849
850
389
206
916
482
100
298
818
518
902
561
732
56
829
804
703
784
586
967
748
866
827
848
185
98
936
792
629
421
315
750
589
762
245
267
394
849
81
503
632
43
351
597
896
450
870
596
768
583
899
276
115
169
255
781
334
996
975
116
933
391
50
922
884
969
410
789
515
265
432
348
311
960
860
242
610
192
666
84
780
151
997
764
351
364
860
195
509
569
82
26
82
399
652
718
612
771
363
196
968
940
453
475
860
718
171
501
609
354
615
82
172
163
533
733
381
55
25
913
675
636
941
757
18
265
209
414
833
896
697
492
507
558
492
530
641
34
200
191
935
973
328
535
76
18
60
32
761
675
934
113
295
753
499
287
961
517
921
919
580
785
97
778
204
398
747
173
226
385
383
974
729
848
50
530
600
401
379
627
553
263
34
66
968
704
91
84
973
61
462
672
760
782
840
656
973
707
61
256
5
412
752
802
835
820
336
410
746
374
194
199
264
575
655
60
939
183
987
240
592
943
817
916
547
382
726
673
891
542
967
144
724
972
240
8
608
263
346
605
167
533
291
53
398
807
693
198
13
178
648
415
238
554
539
520
385
76
739
994
125
639
905
283
982
596
170
874
933
45
136
736
150
997
334
833
519
99
368
913
644
864
407
261
571
804
926
359
283
103
249
867
819
348
59
388
723
495
453
534
766
170
340
361
295
266
670
230
818
23
962
963
491
626
622
372
656
822
837
557
342
43
345
636
799
372
705
467
844
974
107
974
908
943
593
991
70
770
180
236
851
908
207
523
489
380
606
874
713
57
59
951
438
689
793
104
862
767
60
597
9
679
744
562
139
908
462
15
743
364
856
834
448
147
475
64
161
458
42
589
277
858
596
432
611
29
996
650
370
696
724
458
308
597
13
794
971
680
877
533
576
898
957
71
417
330
800
696
484
379
80
883
486
473
662
61
403
833
688
17
579
96
106
578
259
72
730
210
151
383
123
2
866
320
405
354
627
515
692
80
994
228
721
268
703
219
480
663
203
402
589
168
758
572
908
974
587
927
81
521
829
257
581
244
241
653
689
332
682
706
362
65
674
29
575
352
11
47
104
987
720
313
595
28
654
52
790
238
525
157
991
979
634
587
19
135
1000
688
837
428
782
669
878
995
253
882
250
230
891
880
498
495
200
260
657
242
636
466
868
80
38
639
331
345
977
317
264
157
609
556
932
949
265
880
459
268
722
106
282
536
790
228
974
752
944
348
389
804
906
176
551
744
788
915
885
505
839
566
646
725
750
407
527
305
573
645
166
88
815
790
653
247
591
466
756
713
457
900
190
175
299
837
715
669
286
848
199
138
417
636
637
473
436
766
117
884
740
833
626
536
233
943
387
297
658
833
696
936
642
756
507
682
960
