500
18
126803.5
747
320
541
860
442
120
282
733
372
187
852
142
394
851
928
552
403
60
722
140
786
318
438
989
384
942
296
866
248
242
954
710
924
389
221
807
949
454
989
63
383
944
70
416
646
218
752
197
686
882
760
302
569
489
550
69
274
916
4
676
571
264
950
152
377
218
295
301
205
419
751
114
263
964
937
57
380
187
379
13
970
927
142
861
423
433
150
200
188
491
313
580
200
990
243
128
932
826
329
341
708
196
960
352
51
402
929
103
975
51
633
432
251
471
750
968
789
589
323
829
472
561
705
658
315
788
596
301
430
800
728
816
270
633
495
449
213
908
171
576
93
154
992
346
55
937
940
708
852
336
420
919
84
887
351
141
674
934
152
855
827
871
236
451
260
43
85
217
81
673
929
48
18
527
612
124
494
617
315
943
786
577
345
837
53
620
82
686
520
875
320
426
148
236
676
974
216
921
403
830
670
57
968
121
307
549
330
438
823
923
524
100
91
846
531
806
579
971
775
319
960
60
248
252
29
281
859
976
346
955
222
163
887
933
670
453
734
310
224
719
394
987
504
693
546
692
500
444
920
712
492
334
319
949
333
942
41
769
67
28
795
957
314
83
714
130
949
240
863
276
799
634
582
239
474
480
935
879
210
64
70
411
703
645
762
831
426
669
654
915
174
332
99
134
42
583
668
105
739
469
993
986
943
414
900
348
800
577
100
947
108
532
23
549
662
554
485
609
476
855
937
415
896
531
757
802
694
92
812
343
319
639
695
793
495
392
913
368
283
346
323
940
172
997
17
772
550
676
681
550
15
901
217
373
274
381
591
674
665
314
419
813
213
421
175
847
344
836
341
929
736
297
671
979
451
659
109
522
728
127
903
672
214
368
744
34
65
555
968
603
552
648
297
150
901
549
439
119
496
4
877
84
934
861
663
933
518
932
903
40
153
500
330
184
128
310
565
719
160
775
462
352
484
663
792
370
651
415
279
660
976
701
379
760
576
855
883
33
708
956
669
748
879
14
753
63
653
843
98
428
677
756
38
371
738
643
484
693
763
825
92
655
242
700
528
452
525
574
557
123
470
999
67
379
651
649
286
865
224
638
988
904
286
948
818
397
941
31
169
81
926
370
951
600
666
241
846
626
460
389
552
539
411
523
985
622
803
145
662
626
549
203
650
91
908
969
80
101
891
22
373
238
470
850
314
823
573
953
584
896
619
801
986
802
294
286
376
213
46
493
239
254
618
472
26
800
172
500
812
399
471
50
428
590
29
617
83
144
180
434
965
163
971
456
760
569
64
662
922
895
680
519
103
187
380
228
124
376
151
729
719
893
358
870
336
66
350
305
223
825
699
746
236
204
586
205
593
876
268
663
692
324
246
708
235
747
136
354
531
174
629
752
392
934
379
674
767
94
975
639
647
334
364
230
80
530
454
121
516
596
791
871
638
749
877
656
951
622
332
171
952
601
424
11
321
4
576
408
340
292
241
646
535
389
478
188
28
615
352
273
370
884
937
328
904
653
999
308
45
653
495
627
76
309
453
243
659
566
793
310
184
964
159
134
632
924
998
455
812
123
267
972
101
781
573
493
419
995
948
647
880
181
592
671
687
998
127
161
331
617
752
719
823
259
750
465
886
200
774
402
994
108
840
81
717
862
162
145
134
964
94
45
865
455
589
188
802
398
899
271
474
186
403
429
1
316
731
586
747
280
88
758
467
976
221
574
74
504
745
767
631
125
266
231
935
297
319
802
921
718
912
893
796
258
529
710
14
668
192
801
609
162
587
44
704
286
828
424
272
490
165
525
183
744
12
849
664
106
232
538
363
395
131
558
491
482
273
253
671
669
475
2
448
589
700
297
293
278
885
994
949
894
931
862
295
210
860
432
528
514
495
140
921
371
340
149
475
900
152
721
115
937
144
902
312
79
272
682
765
252
803
730
255
880
388
659
734
866
631
368
971
915
948
328
662
791
476
546
171
199
964
486
167
979
427
876
13
917
424
927
35
239
45
26
734
504
441
868
329
684
220
745
617
103
817
458
200
300
831
535
497
611
950
908
348
960
922
481
268
396
214
21
72
712
420
220
719
112
291
905
417
693
13
261
688
193
652
425
905
811
343
597
330
64
975
631
294
193
933
642
268
393
453
784
617
392
397
435
872
699
951
948
498
211
409
184
76
698
702
583
841
647
562
999
447
133
644
411
161
185
456
573
49
479
447
3
974
282
712
480
655
987
50
560
176
362
793
169
61
557
732
631
981
560
97
933
566
520
687
308
123488.0
276
96
144
557
518
910
307
308
24
424
611
892
27
44
687
542
70
692
394
519
399
293
935
974
71
543
656
416
77
966
207
460
925
262
454
722
47
117
869
669
991
452
39
713
7
47
139
892
518
15
925
180
891
862
631
558
971
552
803
474
64
508
742
226
367
926
374
9
433
276
896
87
239
198
684
563
811
325
73
471
380
714
903
121
742
961
49
288
743
641
629
239
151
517
511
270
846
596
278
425
792
984
416
96
596
766
471
6
587
632
87
845
513
466
494
939
337
148
915
510
644
736
580
907
280
441
979
260
281
697
552
427
496
412
527
933
129
201
523
112
213
698
172
702
548
971
395
96
831
467
297
398
731
754
812
155
676
753
277
86
781
687
121
46
373
481
283
503
982
952
24
593
605
46
702
279
194
115
299
613
676
523
606
608
930
563
599
763
756
842
696
184
777
109
472
490
245
479
46
672
252
877
75
49
700
424
158
673
628
581
607
802
825
321
693
391
607
896
734
190
380
473
634
324
530
658
431
121
938
42
249
158
745
360
373
661
956
700
626
149
321
545
480
694
649
964
78
209
233
479
618
691
667
797
444
723
86
858
984
206
101
209
379
37
831
431
373
173
465
844
743
743
643
937
586
413
52
937
576
28
458
574
276
565
815
265
201
699
221
21
374
66
513
275
734
736
854
983
172
876
951
256
830
188
103
556
215
804
813
91
66
610
678
539
6
490
700
634
136
491
774
980
699
976
841
748
476
18
722
268
311
897
764
473
409
255
104
677
676
638
14
892
765
513
269
349
150
451
54
420
16
706
32
541
225
331
703
186
401
900
574
183
373
976
558
881
82
386
592
560
23
252
893
806
714
364
988
938
302
204
535
427
307
258
766
788
420
759
819
466
868
38
227
579
451
53
44
19
338
440
272
653
35
867
129
151
283
706
769
179
993
459
769
838
66
540
173
308
954
394
257
282
337
59
803
651
483
877
664
595
60
377
488
562
703
379
381
81
424
330
427
264
993
853
212
23
645
498
988
393
551
275
779
882
11
313
563
994
594
426
578
749
147
121
412
282
155
862
411
400
219
333
917
895
781
803
355
785
846
293
731
304
844
191
787
874
368
413
403
943
464
617
366
837
548
71
1
884
686
74
556
279
981
125
739
929
431
976
456
626
37
642
306
254
397
837
883
297
714
635
683
630
796
416
526
906
298
591
80
149
177
469
914
214
372
436
67
205
398
671
21
908
506
103
639
349
602
409
536
849
439
393
909
518
639
111
888
503
363
258
224
689
65
900
875
756
19
888
93
209
767
679
242
53
870
966
875
814
507
577
720
9
444
311
388
613
364
728
235
539
144
102
339
623
894
191
698
929
331
748
831
723
58
828
336
482
661
151
379
956
619
857
828
566
190
34
258
745
881
45
584
774
858
896
54
477
62
812
736
540
527
228
601
623
715
233
135
137
482
137
219
286
76
140
175
270
638
596
644
823
632
502
962
510
759
881
773
251
754
786
738
605
292
732
412
765
800
182
970
430
119
26
260
925
275
91
571
1000
222
964
648
890
115
646
84
797
442
445
47
228
335
581
77
31
347
771
971
644
769
829
89
285
176
72
343
446
597
556
295
993
900
839
67
351
167
696
996
446
295
54
859
937
203
270
879
616
696
899
848
531
364
334
38
88
230
677
69
954
415
761
636
231
22
924
529
681
249
333
221
940
495
798
783
837
3
413
271
246
824
723
721
673
623
845
176
701
175
280
784
657
241
121
866
838
270
956
655
515
684
834
896
152
326
975
241
351
556
653
74
356
486
598
661
471
381
747
966
791
474
961
908
301
856
837
3
635
716
155
693
600
942
956
339
867
187
867
554
13
467
934
734
960
772
348
966
907
506
800
932
318
563
306
838
241
453
267
236
965
707
651
200
369
982
597
277
592
877
716
530
965
645
83
723
254
382
931
626
741
745
321
386
936
80
591
65
915
394
207
437
28
720
86
858
610
942
116
254
718
975
765
333
598
4
387
388
69
508
487
140
177
715
320
216
133
488
49
445
958
369
819
335
538
344
602
288
566
587
92
940
211
407
781
813
202
919
761
757
43
243
344
810
340
693
91
155
110
660
659
81
234
261
346
901
635
406
543
558
493
692
203
522
894
417
957
463
496
85
151
592
608
191
912
148
47
787
267
362
146
995
506
454
796
894
817
490
297
455
515
603
639
374
664
983
15
600
585
398
787
97
18
426
474
405
360
734
541
808
907
992
863
899
411
433
668
839
434
786
738
119
966
125185.5
56
798
62
482
146
919
679
132
678
900
411
114
17
771
484
689
537
475
552
26
339
443
807
716
49
209
10
764
479
74
9
484
515
85
912
862
129
479
261
797
388
653
397
231
634
149
968
908
823
432
190
587
908
749
922
716
925
342
848
869
422
234
509
36
295
634
997
15
565
847
820
943
84
938
780
757
299
577
426
995
725
461
530
591
612
693
13
663
114
527
864
922
802
989
855
32
164
261
903
554
862
738
575
369
484
350
740
351
80
50
668
116
340
137
993
308
140
348
32
239
950
16
303
32
348
503
822
286
115
697
338
930
21
348
155
923
620
594
123
559
422
970
87
579
709
743
802
659
952
130
893
606
719
740
98
999
447
941
261
484
126
112
349
452
988
398
190
936
133
247
995
120
905
748
310
694
114
654
372
890
724
584
855
304
532
431
600
407
281
356
721
746
209
646
701
574
819
719
371
890
511
259
67
960
336
757
808
765
117
365
359
405
419
892
769
413
979
365
742
837
323
523
385
271
498
709
713
528
494
572
99
475
232
938
719
815
75
941
238
523
263
52
344
791
242
198
112
791
316
962
433
366
755
751
538
628
356
431
121
561
859
379
118
472
832
593
807
452
104
423
890
786
610
607
797
483
41
643
254
402
356
62
844
851
793
328
311
360
810
566
514
829
21
862
573
231
697
40
480
651
750
370
440
685
820
66
31
785
377
500
355
572
488
488
139
837
427
325
555
492
678
258
312
275
552
194
525
479
128
136
509
685
90
246
875
229
887
164
900
757
155
912
573
539
447
415
683
503
867
877
298
213
93
444
655
805
35
805
948
581
734
493
494
174
443
803
46
331
141
840
580
797
368
5
424
804
318
403
509
864
273
712
777
702
457
145
485
278
370
626
19
649
732
880
49
479
695
60
920
915
410
194
527
364
630
945
372
516
159
830
566
634
755
991
576
680
465
682
725
230
827
825
399
337
917
940
374
210
938
95
474
890
243
592
142
950
784
799
542
857
981
738
227
392
870
464
978
896
902
679
586
69
302
400
515
475
955
155
679
75
797
473
982
493
227
629
543
146
190
121
797
99
540
143
82
816
352
691
357
294
655
265
221
71
160
739
795
196
599
871
899
642
776
729
377
764
75
276
187
713
873
312
568
22
36
23
803
527
915
544
203
345
949
109
622
250
924
87
771
861
968
961
770
286
829
877
997
29
262
424
492
700
611
452
541
358
459
283
545
210
472
710
867
934
210
267
79
245
381
817
125
364
499
401
913
275
256
621
847
847
388
12
392
247
341
125
558
428
599
968
261
891
58
742
910
657
370
143
438
352
890
717
735
117
147
267
176
959
468
207
65
486
897
59
93
752
707
227
998
461
109
231
868
538
845
91
517
990
827
509
605
920
899
618
956
416
653
674
492
137
176
433
465
470
270
392
789
59
604
677
539
324
735
484
185
214
128
783
701
483
223
623
49
368
616
995
982
358
36
845
315
846
330
75
674
614
966
378
830
18
338
11
159
940
846
981
380
699
165
743
288
339
356
4
998
295
316
525
749
245
950
222
610
436
393
225
331
193
56
846
176
59
843
865
582
789
93
370
532
855
501
701
314
293
264
86
884
984
491
73
60
621
789
497
186
525
774
335
58
531
927
43
837
316
703
491
964
607
783
948
21
960
332
808
491
673
683
499
102
220
477
684
575
939
516
584
682
769
882
237
205
679
118
130
606
840
401
576
143
844
885
453
843
818
81
5
612
732
100
183
733
329
229
919
918
217
155
968
684
138
677
11
711
11
410
443
544
297
304
636
418
690
758
352
895
348
688
539
283
558
368
509
369
420
79
221
914
375
407
743
500
894
371
424
640
329
224
740
777
116
367
684
669
888
933
438
807
730
285
661
161
979
249
665
375
404
537
926
217
630
217
977
447
612
525
392
426
971
325
84
213
675
861
663
495
986
199
494
127
840
91
500
60
653
408
570
681
830
258
851
578
673
678
87
590
410
142
217
787
505
515
584
23
895
816
410
94
425
718
88
947
783
392
624
254
380
295
228
146
6
699
268
202
174
545
671
805
179
76
352
717
599
701
445
926
951
963
461
283
154
65
291
338
69
935
120
679
276
689
583
858
473
559
998
675
824
489
799
331
969
773
280
758
991
753
466
225
517
811
394
831
86
721
669
473
939
815
448
553
685
627
74
16
144
878
828
387
34
159
423
408
548
798
408
746
290
677
62
209
663
400
259
516
461
285
79
502
817
42
99
372
372
230
518
761
570
188
449
606
184
126914.5
505
362
460
664
74
798
438
84
396
704
222
843
676
449
500
50
794
179
957
502
54
80
103
653
125
596
100
157
464
823
62
160
718
212
598
975
218
602
90
666
675
277
987
556
975
963
808
273
911
223
23
541
935
870
448
446
291
601
40
186
712
391
130
373
153
407
368
141
694
707
716
815
854
794
160
4
514
588
165
370
235
736
239
80
246
194
991
514
536
875
103
504
502
890
2
842
660
25
328
114
355
797
230
250
731
769
970
929
448
913
355
14
11
715
577
699
849
916
225
257
291
128
962
506
533
50
737
848
547
919
496
971
933
521
673
898
66
146
868
653
779
96
235
967
518
750
411
968
19
177
170
239
912
220
795
883
521
941
770
588
605
737
527
322
531
690
537
395
17
276
147
265
649
446
767
816
177
784
356
673
461
743
779
194
426
240
694
325
75
98
308
290
395
850
696
79
464
713
761
182
978
328
947
708
969
381
541
202
104
804
192
441
112
393
608
201
333
24
749
246
539
961
897
443
22
607
657
517
491
794
415
98
750
931
701
664
680
752
219
438
3
704
5
617
401
392
913
272
764
202
887
976
524
362
947
557
306
539
35
183
990
856
890
107
659
260
91
126
983
141
254
138
729
391
961
284
893
793
742
475
143
65
50
792
586
433
715
301
147
714
528
839
495
796
754
58
129
321
659
249
564
779
88
410
739
402
342
775
700
403
277
566
927
812
886
41
825
827
727
523
816
623
926
287
762
957
842
885
283
205
753
515
274
722
278
341
956
679
309
563
225
725
379
631
300
100
784
203
443
128
116
722
765
549
686
197
305
698
192
185
68
885
840
540
881
268
50
864
601
952
324
90
518
57
480
219
975
919
929
287
155
860
216
55
163
628
334
341
52
674
201
889
889
965
923
187
272
536
811
622
701
853
616
791
742
445
31
811
87
603
917
10
442
154
90
474
701
949
978
651
348
518
558
947
803
311
474
308
234
395
629
29
203
94
684
901
173
151
750
259
278
241
15
842
894
759
693
894
888
417
71
845
955
672
749
363
971
783
393
680
446
917
155
144
901
969
667
916
529
848
495
980
772
686
485
136
513
407
547
250
136
428
575
297
367
448
102
32
79
385
952
505
461
10
189
760
932
317
254
152
913
365
831
412
445
684
301
36
243
968
824
973
126
840
506
517
907
157
838
165
960
663
8
360
342
972
610
468
301
929
267
48
901
68
248
974
202
401
397
173
851
125
734
94
414
327
617
351
289
88
923
210
909
986
378
221
687
877
724
710
62
681
182
8
336
500
9
703
240
660
81
108
665
407
926
662
461
11
934
779
295
333
344
782
260
4
359
6
712
947
518
440
158
933
560
295
827
999
111
137
141
543
656
872
331
930
714
818
965
100
32
89
351
801
977
84
653
796
1
431
952
449
471
882
519
493
182
419
605
408
558
255
56
821
384
328
674
108
342
288
456
832
981
488
881
53
13
407
804
480
397
429
23
543
703
543
105
587
752
220
125
133
722
306
394
931
259
114
548
348
543
346
244
937
626
824
339
999
363
989
768
305
996
783
698
696
915
126
747
523
805
878
200
354
503
898
961
914
145
571
783
745
142
87
93
105
841
192
894
6
724
667
220
172
340
851
895
600
783
87
889
260
791
660
301
178
466
493
764
305
558
88
340
358
662
889
286
544
279
455
94
349
15
698
597
660
768
552
690
56
834
764
920
954
79
795
481
788
937
548
372
400
39
106
190
391
517
493
352
439
901
257
886
37
284
724
388
246
170
144
261
525
388
303
111
505
24
426
76
836
424
736
908
92
678
111
56
925
801
513
478
30
361
436
177
689
277
336
597
390
918
98
214
951
923
43
666
493
623
397
431
319
956
968
617
555
202
866
846
205
430
882
206
578
708
877
391
960
580
694
719
236
21
742
650
789
736
680
101
294
421
985
231
79
553
964
733
152
76
625
214
871
694
45
426
46
889
485
35
275
258
434
360
1000
305
532
689
181
549
24
661
62
956
369
460
820
993
433
364
711
221
189
434
272
229
324
635
143
711
840
389
164
733
414
861
126
387
705
982
665
862
69
182
96
474
601
855
450
628
707
902
214
156
291
792
553
38
550
213
885
932
228
692
44
474
36
513
312
111
3
739
83
247
24
889
939
510
944
294
930
894
276
370
327
672
321
891
275
465
215
344
224
635
239
885
514
184
103
336
367
739
658
328
246
444
520
903
652
314
599
902
395
966
945
648
979
165
515
335
259
440
699
895
20
736
661
768
231
5
738
124619.0
950
787
924
920
260
863
706
567
383
507
982
520
306
116
115
260
436
914
370
409
280
503
255
573
931
426
954
156
603
476
695
317
390
31
812
556
801
727
574
845
701
856
169
211
643
874
845
265
516
934
685
737
853
626
551
447
436
466
668
597
542
448
765
286
88
505
683
504
132
17
725
77
272
360
634
506
567
740
882
48
320
361
90
141
940
289
832
566
948
289
356
619
70
408
805
166
138
662
742
512
606
950
266
659
386
601
679
594
702
762
134
632
889
260
585
229
39
576
613
166
633
115
822
292
251
499
818
322
357
193
13
111
834
904
529
777
937
905
367
563
329
218
6
185
78
942
242
949
446
312
944
962
602
156
753
162
51
946
966
768
211
7
634
357
287
269
293
943
107
492
1
34
975
483
830
254
44
507
164
586
262
185
487
418
218
662
848
844
276
436
874
672
191
940
513
923
260
846
1000
513
80
578
528
71
357
280
203
647
297
611
470
827
950
128
236
664
765
200
77
916
924
933
740
893
606
477
393
897
429
273
451
532
265
527
116
67
754
643
9
744
85
327
136
970
552
746
119
477
781
928
904
624
150
14
996
351
460
645
64
793
707
688
600
763
612
88
512
474
828
996
63
244
243
105
976
388
120
386
30
618
27
787
95
415
969
577
186
879
368
646
255
631
486
603
125
280
899
484
450
927
841
583
784
953
996
261
357
903
153
125
837
626
469
646
215
527
666
901
715
29
969
827
473
114
316
674
155
427
576
657
880
10
155
84
445
765
51
783
354
676
880
979
313
976
851
675
630
210
538
607
160
747
888
704
197
513
89
281
971
60
63
359
92
854
875
375
969
277
554
569
653
712
420
406
528
307
567
732
77
469
6
342
830
101
653
267
309
267
776
675
668
40
439
691
989
642
648
195
506
717
711
675
413
818
548
667
115
63
940
259
535
493
212
312
731
167
940
66
990
300
572
501
135
930
65
770
390
236
714
24
344
684
699
548
709
929
721
434
345
57
448
52
116
363
23
679
553
989
261
632
784
322
565
766
706
359
593
484
877
287
316
807
82
847
840
419
30
765
18
73
958
373
943
940
215
669
884
289
602
261
847
830
329
854
610
733
820
51
933
742
982
134
412
594
956
434
298
505
925
443
101
623
917
468
734
475
676
556
209
293
770
798
207
628
867
923
947
86
478
454
855
713
574
862
403
414
255
514
435
803
260
678
492
448
33
58
107
149
846
391
601
517
157
681
851
690
955
598
971
287
168
153
88
824
923
386
318
296
473
997
387
496
79
318
634
148
54
708
247
907
21
156
340
616
248
223
687
966
478
17
123
186
331
775
953
249
891
473
261
34
871
381
301
980
820
599
30
417
686
892
85
838
284
893
310
528
963
85
713
645
803
497
412
862
87
919
514
488
546
843
576
547
278
860
238
954
607
670
93
850
90
724
549
25
927
970
986
788
795
719
995
325
729
25
838
166
797
154
170
149
571
956
817
453
434
631
743
965
337
544
689
867
66
148
947
31
461
460
699
791
272
914
439
246
390
403
296
387
790
184
159
643
47
220
411
710
243
115
593
789
703
784
341
317
413
925
575
758
405
332
257
63
543
798
90
160
207
711
804
889
690
584
441
441
175
562
615
138
313
13
116
64
345
373
489
680
853
110
80
573
521
30
888
795
707
989
934
699
709
92
322
91
722
482
183
603
583
483
35
195
409
356
231
119
772
250
446
179
97
589
416
215
249
659
51
873
526
976
487
504
609
594
396
949
299
905
382
673
204
481
165
40
695
675
710
627
683
758
360
24
468
127
787
13
522
645
941
129
771
736
724
88
315
174
957
42
490
188
443
340
901
917
258
1
412
61
649
44
790
969
918
514
308
387
434
400
685
583
207
134
786
985
977
492
121
145
726
186
420
555
317
146
448
88
201
800
95
29
443
690
472
645
963
868
148
4
959
281
33
522
721
964
229
428
700
345
27
183
908
755
505
141
166
413
454
389
101
369
807
722
908
852
61
627
66
263
220
74
305
905
276
399
5
819
357
678
224
380
877
153
394
461
364
92
809
926
22
99
228
885
163
812
451
255
479
868
403
76
579
865
496
789
441
972
174
761
868
73
430
820
112
465
127
529
692
46
396
34
871
650
493
571
247
832
988
857
148
38
73
458
765
249
494
775
467
49
784
124
849
61
939
314
814
286
868
153
862
853
493
7
729
202
356
798
745
493
863
448
902
396
491
601
369
128
615
502
124
402
325
587
479
808
103
500
466
913
859
713
449
298
126291.5
258
727
136
733
229
456
882
421
709
561
983
563
998
260
291
537
14
53
292
458
541
592
204
641
337
863
544
96
550
92
827
951
667
382
341
649
285
542
83
364
899
697
262
741
592
504
624
43
396
983
64
514
765
3
51
638
152
44
179
450
53
249
469
665
999
440
658
529
181
603
264
377
806
830
156
570
338
824
593
4
768
798
326
707
363
634
629
309
608
585
880
478
183
522
742
625
861
982
499
977
722
497
104
462
357
363
532
35
745
744
310
533
163
415
42
594
210
417
665
208
124
407
879
612
345
238
23
373
504
278
995
266
548
905
335
767
23
823
303
532
74
608
52
317
238
674
566
427
243
157
525
484
123
961
645
489
556
31
401
583
550
709
732
322
198
791
493
278
800
536
576
940
681
753
458
429
741
394
241
484
487
95
195
355
967
748
888
576
677
724
506
224
52
631
197
713
109
883
850
267
181
745
208
45
872
711
423
33
372
618
712
160
85
246
892
35
590
486
596
186
857
414
262
162
831
329
150
452
65
209
220
56
844
130
362
619
712
961
323
265
797
405
760
969
67
994
672
329
550
114
100
746
88
939
75
322
682
987
455
295
843
297
70
774
46
501
794
75
217
417
609
822
506
238
699
749
351
941
904
472
327
136
508
752
952
300
665
86
9
686
798
439
431
103
40
604
511
220
434
103
416
815
637
943
254
364
390
729
284
424
625
776
181
543
951
400
174
206
652
886
558
310
280
537
859
963
361
165
344
555
667
299
899
137
336
178
717
492
916
680
879
3
202
525
547
605
671
910
678
424
384
443
822
725
804
137
909
32
731
95
690
783
12
217
779
943
407
145
639
731
60
992
692
573
89
788
461
9
888
224
176
899
965
62
120
537
138
44
227
158
860
447
877
217
11
158
615
878
702
314
935
159
967
831
36
134
283
747
453
930
984
893
69
988
862
552
242
953
237
506
110
557
37
841
22
965
560
596
205
139
959
50
193
690
759
905
393
485
496
903
115
77
167
643
930
381
494
6
717
838
175
759
90
211
264
564
657
633
272
368
843
534
554
446
158
887
553
439
76
12
238
256
600
366
37
481
334
527
889
555
907
327
259
740
508
244
147
954
406
765
419
968
917
449
170
512
800
82
109
113
530
800
701
7
544
588
199
805
871
570
786
941
50
767
811
284
710
538
148
391
441
435
989
942
810
591
866
336
196
195
781
384
951
313
799
426
685
829
759
25
646
590
112
830
496
474
667
560
601
90
765
433
325
418
821
636
252
753
230
986
31
624
877
417
737
161
624
489
838
210
986
20
339
144
52
805
826
159
877
28
816
602
791
517
281
42
266
908
731
610
994
331
484
380
57
950
613
932
293
50
387
635
448
750
964
614
788
516
537
864
839
693
680
579
503
725
497
641
157
136
958
318
140
928
82
96
856
56
454
528
300
278
565
876
683
593
175
421
453
895
415
751
538
422
420
117
750
401
305
886
472
542
473
262
321
824
954
803
71
480
746
171
4
368
560
736
897
335
93
481
660
19
346
694
549
840
765
200
309
357
978
315
665
982
94
365
63
181
51
64
931
473
57
137
550
85
62
155
860
347
199
221
660
586
744
783
283
605
318
554
520
522
351
853
560
412
908
206
65
512
607
516
800
468
940
608
843
528
627
492
728
70
605
520
371
772
460
509
590
624
666
10
697
835
75
356
776
304
555
581
57
263
776
132
350
104
890
279
333
882
834
125
610
172
753
431
913
98
779
646
750
771
882
83
665
179
593
830
963
618
912
63
50
947
632
664
156
672
718
917
294
334
428
967
951
748
287
524
545
966
451
867
626
286
485
978
934
278
896
985
936
23
877
36
287
38
503
620
564
309
312
922
442
522
590
693
984
956
816
74
816
538
449
77
571
412
400
751
674
538
967
932
766
1
823
619
288
804
175
95
716
362
501
356
996
926
949
239
992
935
283
71
554
868
334
699
333
547
786
969
993
301
867
135
569
872
299
931
135
920
46
433
843
329
40
909
714
77
261
270
443
976
457
813
565
96
482
580
993
706
145
103
844
935
472
934
803
144
303
843
888
226
130
767
590
474
442
686
947
69
357
538
463
358
200
853
953
466
825
590
598
729
188
621
274
684
671
123
36
362
604
608
260
119
237
650
237
147
853
752
320
179
73
775
924
935
274
809
354
759
417
196
79
626
155
776
19
816
591
66
889
728
302
844
254
497
952
472
295
276
434
34
553
386
453
678
119
970
532
393
928
307
766
440
512
354
536
805
259
591
127644.0
178
298
733
163
267
68
132
916
456
660
186
965
145
365
86
306
308
886
522
460
171
511
862
721
402
141
87
564
272
506
523
929
900
786
671
907
791
343
401
995
221
465
979
865
283
402
156
151
463
399
235
900
655
224
484
865
848
775
575
279
935
201
317
462
496
929
178
955
405
53
329
396
229
821
273
405
348
979
408
511
192
529
943
677
103
403
331
999
634
595
827
730
705
805
981
96
627
674
492
224
105
567
396
123
133
434
927
994
24
168
172
648
53
902
66
75
992
228
532
618
35
809
525
192
590
443
304
934
675
607
54
397
631
439
863
920
343
989
878
106
675
298
381
182
770
621
521
598
639
987
190
699
639
428
18
536
671
289
575
404
106
310
788
331
775
64
97
62
678
427
399
227
850
670
842
286
681
908
495
827
19
26
508
420
254
252
612
211
305
78
793
212
465
155
992
874
369
978
279
252
816
684
446
801
249
801
25
135
778
597
652
959
446
222
864
976
674
338
305
547
450
953
14
181
299
142
209
596
465
64
923
649
464
139
515
809
193
897
578
555
874
394
193
17
184
97
956
29
536
743
657
325
718
223
699
583
431
548
607
563
225
728
660
19
967
512
589
178
201
312
983
914
673
52
819
722
943
52
932
920
276
690
813
847
819
665
189
707
266
951
699
587
888
980
96
46
376
345
713
504
712
785
840
192
847
657
931
810
993
626
344
940
319
504
774
768
668
683
595
870
501
603
772
315
107
651
343
826
106
772
748
222
812
765
484
224
652
253
573
929
342
74
963
981
437
797
465
75
795
968
87
841
450
815
945
328
885
887
485
230
670
294
256
184
204
270
846
119
911
869
12
938
645
524
454
645
630
331
803
736
892
970
92
389
512
161
38
973
704
831
941
72
897
400
617
736
494
81
685
2
145
676
189
659
939
698
995
647
22
257
584
437
643
993
785
179
152
934
847
248
45
446
160
787
349
627
75
375
635
285
90
850
347
671
442
613
818
958
371
586
891
554
689
708
989
794
162
982
294
442
652
568
699
769
421
850
685
478
813
6
129
791
533
988
864
395
589
166
445
267
814
81
510
205
412
850
413
479
381
304
991
771
938
744
402
85
439
300
569
651
586
229
129
523
522
94
702
254
454
243
58
119
820
671
677
11
804
179
107
680
476
448
582
352
743
344
258
163
286
59
109
153
442
972
45
562
665
999
270
931
871
319
203
866
292
603
847
911
116
724
802
293
571
462
107
87
65
286
343
282
360
311
530
665
116
570
473
240
592
695
448
603
652
574
60
719
386
159
624
198
606
828
888
295
247
20
894
173
243
849
941
16
47
181
468
790
55
202
868
868
625
213
533
267
724
154
786
534
550
489
348
897
74
662
572
341
791
275
615
836
10
919
658
937
290
854
424
983
370
375
74
188
789
535
179
654
725
482
971
508
875
142
351
684
289
293
323
899
623
925
879
741
3
208
614
454
82
155
170
590
934
142
831
647
432
683
623
822
335
191
620
385
62
585
689
697
523
712
545
637
535
509
629
63
275
79
762
43
533
176
494
850
604
168
72
949
428
456
929
176
765
732
661
440
982
343
38
751
227
86
635
769
252
828
272
207
977
286
802
798
902
120
747
423
262
735
992
51
591
242
967
282
614
437
104
325
357
206
283
863
815
536
141
158
409
20
374
241
121
558
981
185
339
369
873
727
63
448
444
103
369
841
363
994
10
958
566
705
658
113
690
697
323
599
901
58
299
437
385
390
304
337
935
585
952
859
67
284
263
59
318
537
431
149
629
27
503
716
908
611
512
364
986
115
533
695
996
939
88
320
766
229
890
257
176
440
925
474
414
890
14
309
905
819
115
869
669
659
548
429
367
990
593
738
274
375
618
639
566
606
17
84
174
713
292
898
212
144
505
907
540
497
748
455
362
84
745
523
24
690
944
392
912
222
862
723
362
256
695
201
857
61
306
768
981
232
602
780
145
37
585
152
301
76
798
626
400
524
851
50
62
238
532
918
333
450
88
255
239
946
130
163
684
855
221
595
968
966
396
606
567
477
540
556
177
842
609
891
940
135
100
523
998
776
651
185
934
795
406
567
406
16
852
275
338
237
263
878
761
273
982
89
796
952
846
797
679
268
886
105
832
636
310
782
82
284
663
21
904
429
826
823
805
367
372
601
48
549
970
852
486
333
357
759
381
996
518
199
769
332
188
222
136
45
557
857
731
746
631
143
373
446
396
580
404
804
960
525
606
251
456
533
280
673
52
63
494
940
245
479
126023.5
406
938
635
112
711
554
911
271
733
814
972
847
296
418
372
793
783
627
195
955
86
72
456
625
835
777
394
839
156
886
208
826
264
342
728
794
118
808
80
987
644
83
987
759
162
15
617
248
351
437
201
806
270
48
181
680
463
136
352
915
863
627
374
965
631
545
662
613
23
188
344
52
184
77
962
879
747
793
782
438
770
697
190
288
787
422
307
931
855
100
343
348
121
586
266
543
943
702
263
697
36
211
310
498
707
360
976
548
908
33
322
576
740
755
600
674
948
45
243
468
779
271
388
645
852
862
519
771
535
350
565
232
269
782
504
984
112
559
399
800
914
882
635
163
201
91
203
591
16
311
78
700
338
865
89
635
691
685
131
172
845
254
46
541
16
916
30
551
337
637
745
742
992
934
253
38
645
402
543
503
842
550
392
813
116
317
868
151
493
212
775
121
79
195
789
299
392
38
641
699
842
827
500
744
223
715
686
285
909
877
876
856
947
9
39
499
756
258
448
325
298
659
950
847
223
879
904
823
175
267
211
488
98
497
171
922
444
224
162
310
168
215
934
515
421
155
593
361
287
535
880
642
855
592
164
685
871
707
27
680
998
755
965
24
696
295
412
857
56
35
841
302
65
435
805
462
857
778
493
170
366
256
970
139
400
37
828
920
39
254
109
564
630
678
603
374
333
616
506
951
286
508
971
991
757
901
448
539
128
663
989
399
971
143
362
583
497
908
548
730
511
823
962
463
741
882
300
299
206
789
531
832
313
68
198
707
3
174
389
785
428
840
696
494
691
657
948
521
787
611
70
78
695
235
631
147
125
89
955
426
655
706
479
590
849
816
727
346
445
19
392
932
272
886
44
267
772
608
645
165
26
809
329
831
997
409
380
754
468
402
77
434
800
138
145
538
470
102
951
657
320
581
702
901
525
337
501
891
294
265
106
476
621
363
217
266
298
880
554
704
874
675
123
990
306
382
878
43
124
102
591
573
178
504
461
726
164
796
600
380
908
676
658
524
493
802
967
442
104
334
622
621
554
50
760
485
726
719
100
652
575
650
443
691
115
998
314
279
557
363
781
519
661
192
143
478
401
200
904
745
719
256
225
561
831
244
324
208
15
101
676
493
330
619
495
764
600
372
947
586
824
13
359
555
459
940
793
929
326
923
521
427
790
71
227
137
864
132
116
976
693
928
377
652
938
26
441
654
1
253
96
446
728
52
530
242
398
677
356
477
729
803
643
401
777
470
263
579
662
665
513
692
261
29
382
897
661
547
708
787
2
536
768
966
889
155
776
120
581
62
500
238
889
501
751
892
433
219
796
839
726
78
197
838
848
487
863
236
176
100
312
690
367
797
717
706
363
233
644
411
466
978
803
484
865
543
967
279
651
744
216
931
853
928
565
972
780
230
703
592
644
983
695
599
393
296
232
131
952
206
60
983
304
704
367
371
977
138
337
471
858
1000
118
834
35
326
272
202
781
875
795
321
569
680
383
880
370
433
209
144
117
164
993
46
418
575
858
425
26
289
222
674
803
820
725
373
588
714
7
624
61
330
113
88
492
484
515
865
453
143
276
914
534
376
258
559
904
796
372
1000
716
631
560
718
736
176
935
716
561
822
832
498
811
1000
290
517
590
638
162
777
234
351
571
218
235
261
395
91
739
435
300
703
244
657
769
673
670
792
174
911
167
999
457
522
816
850
438
251
656
695
756
520
89
993
159
365
397
64
127
984
91
44
729
557
869
154
615
114
524
334
494
691
800
156
646
16
63
493
435
595
639
751
73
817
769
964
957
800
505
949
691
304
855
402
582
49
913
352
755
819
444
419
31
883
682
378
363
676
420
751
476
231
186
568
805
607
945
538
697
706
958
529
99
434
351
63
305
777
663
849
572
696
184
813
537
670
356
135
446
121
551
754
163
626
903
514
429
592
652
538
833
567
15
314
958
43
423
546
721
51
156
833
926
901
193
837
632
290
496
863
464
279
439
152
83
458
59
311
907
167
710
378
114
921
636
699
580
631
743
522
556
978
44
178
496
685
436
155
962
308
902
195
34
837
457
915
644
240
90
603
876
745
965
609
387
912
305
764
24
585
172
181
696
481
757
194
313
723
897
954
675
548
27
127
694
779
233
436
704
741
352
351
42
101
423
107
105
467
819
679
136
899
151
878
774
894
299
541
601
481
170
300
626
30
540
958
843
229
551
627
599
859
809
359
316
153
525
923
660
870
805
223
578
272
225
112
745
287
640
426
884
944
371
510
539
893
43
857
334
539
127089.5
362
380
996
112
127
186
734
165
139
840
832
465
567
893
11
187
510
785
366
833
195
395
62
938
276
963
907
948
867
833
926
714
127
450
475
17
907
732
329
542
45
318
171
213
405
603
300
107
685
457
277
328
531
423
703
54
239
483
921
54
678
60
596
249
722
795
747
996
643
959
174
105
55
30
89
39
948
299
538
435
712
952
3
933
693
467
640
258
792
656
227
198
488
334
746
21
156
920
230
634
150
761
698
174
552
156
155
653
866
549
949
960
584
296
235
65
618
146
918
258
87
198
671
231
578
928
453
269
424
302
329
841
983
945
699
265
867
867
378
408
418
162
961
978
8
453
704
1000
229
538
819
870
591
3
57
255
713
341
29
59
890
967
780
917
955
534
948
688
673
369
780
230
389
736
349
361
557
371
192
942
296
583
23
978
335
356
8
186
600
833
904
265
592
672
838
550
893
264
399
465
157
838
548
289
573
393
337
550
708
491
969
630
486
73
421
779
660
490
408
943
415
173
884
531
279
350
77
833
517
945
162
548
172
760
146
590
550
451
82
612
614
477
891
302
725
85
715
957
590
32
461
403
724
911
869
734
59
120
439
151
405
634
532
468
121
950
637
103
126
839
420
273
574
464
147
694
894
665
492
656
648
172
669
663
446
3
940
168
383
232
136
244
636
325
867
487
539
3
289
531
18
319
971
575
330
231
341
615
764
46
626
974
925
257
924
28
816
530
87
932
313
853
13
103
109
223
146
69
509
859
145
702
584
47
470
950
663
614
373
385
471
384
864
723
706
685
437
163
761
552
716
77
147
815
399
853
158
946
549
432
135
515
931
849
849
831
739
764
721
718
133
689
938
912
243
857
627
638
468
494
995
490
132
535
975
8
547
343
475
142
351
994
344
599
665
415
595
521
562
352
498
607
432
957
953
909
235
512
422
229
361
801
509
631
347
691
512
515
350
434
874
548
399
854
295
917
614
978
960
209
156
920
976
553
655
2
881
379
828
881
411
732
684
511
126
854
983
776
233
798
430
89
674
717
426
500
578
920
721
31
206
241
715
109
467
371
421
523
41
845
661
208
519
366
7
435
709
816
300
83
967
408
343
863
380
716
15
904
608
288
227
388
561
98
805
931
825
389
539
802
574
370
495
21
69
273
516
176
723
535
8
458
123
380
267
214
113
416
164
6
635
399
84
357
550
967
401
854
924
5
229
73
505
32
49
842
937
759
601
647
183
977
561
587
738
9
574
709
178
717
344
2
999
75
866
878
321
207
753
832
436
866
459
946
927
404
486
206
499
236
192
532
314
445
539
498
607
968
804
925
248
833
395
751
372
560
867
826
563
920
175
784
605
715
844
959
631
870
411
665
576
539
404
748
612
547
825
500
665
134
232
997
725
927
173
211
914
36
91
750
604
434
65
426
315
736
753
591
406
724
363
674
918
429
382
375
259
851
584
982
691
721
993
170
122
198
100
266
935
625
563
405
947
385
326
208
970
969
125
244
896
489
816
394
998
194
279
694
575
234
40
741
993
722
218
64
705
4
729
231
151
634
335
448
380
119
796
729
741
684
542
403
860
878
338
630
870
238
547
702
487
596
256
273
732
758
828
99
702
544
770
270
511
145
842
260
83
580
89
33
783
4
67
692
928
826
943
440
529
413
294
760
371
15
433
784
229
807
866
418
970
488
257
393
19
598
691
444
859
403
705
746
70
990
171
658
111
151
895
486
187
100
222
264
697
743
502
889
316
338
264
402
953
296
722
919
90
483
320
385
367
801
698
138
921
958
456
686
75
694
45
235
994
998
434
8
618
344
216
438
989
736
419
265
341
718
293
413
618
479
886
840
796
131
682
880
240
734
685
555
214
681
230
763
370
794
626
438
591
666
449
708
777
655
115
963
220
262
823
84
39
249
701
15
223
142
752
276
426
930
891
660
199
155
216
870
228
974
601
555
587
131
429
455
691
911
672
301
924
122
842
486
328
242
72
54
658
874
996
96
371
598
25
211
674
921
444
400
720
155
701
69
986
328
151
795
926
849
950
877
783
324
439
210
234
895
35
672
851
199
224
412
481
277
405
264
599
24
140
25
547
991
592
870
282
698
436
212
994
124
106
640
362
390
4
971
611
636
709
39
501
405
814
264
986
426
163
832
365
819
529
462
878
59
476
598
995
147
192
657
248
556
784
282
900
960
408
417
802
587
585
798
980
344
557
233
51
546
186
702
390
485
487
370
132
238
281
346
2
853
806
919
411
661
510
890
723
79
392
227
129841.5
882
857
938
558
107
164
203
658
966
210
644
79
975
519
593
647
702
780
613
602
764
589
914
289
911
355
370
526
997
760
881
600
745
788
996
927
766
511
869
287
488
14
238
63
838
499
905
929
478
885
969
590
831
846
128
710
966
48
872
43
722
907
536
773
704
44
805
740
204
61
281
245
212
516
789
990
395
207
682
550
419
720
332
663
683
431
256
544
957
218
477
601
747
528
882
935
941
259
870
818
262
463
195
570
502
398
911
451
714
81
323
273
879
168
373
589
636
345
135
35
206
399
423
533
43
450
388
206
337
495
171
223
356
953
266
297
94
616
703
656
194
298
993
803
673
643
399
895
281
893
743
922
88
831
271
558
153
284
755
422
153
390
200
994
783
870
572
131
873
331
800
358
247
990
127
270
174
827
750
302
663
667
32
916
756
892
291
545
804
482
235
140
631
268
224
477
902
933
970
325
550
434
276
994
623
873
873
543
127
454
385
817
821
693
355
643
504
245
485
524
17
669
594
368
167
792
599
984
598
167
762
265
338
85
399
88
853
552
840
618
402
297
443
432
213
683
923
821
57
15
94
539
29
914
30
608
989
891
404
659
167
254
570
174
454
994
662
685
939
850
267
351
191
214
973
224
284
551
274
436
615
976
810
307
279
562
59
511
763
873
579
276
144
4
14
101
677
887
255
514
447
532
767
652
862
581
604
801
621
913
97
721
42
961
525
215
920
209
755
114
907
908
554
645
232
761
656
916
330
164
160
580
531
332
265
333
458
260
389
240
326
182
425
829
781
701
500
717
318
677
26
627
871
701
4
515
723
100
650
167
304
103
769
97
423
606
451
350
261
888
898
206
344
568
468
784
318
246
458
854
581
1
955
83
306
11
714
699
640
668
407
885
51
880
298
754
392
302
986
31
452
901
85
806
577
546
641
442
438
538
990
921
956
56
21
812
376
967
433
399
271
659
867
518
790
6
993
179
860
399
113
459
871
56
742
706
508
125
864
609
381
611
807
548
159
300
174
42
389
12
865
919
402
287
546
859
994
83
698
913
297
324
979
453
458
236
820
587
484
590
718
363
212
476
626
795
366
256
22
689
838
40
776
810
93
478
965
87
817
962
30
42
126
721
769
285
615
868
84
6
73
232
649
633
502
960
652
514
723
812
433
373
99
149
990
546
685
489
422
53
126
9
707
4
386
56
972
266
615
408
289
111
170
256
720
584
768
520
806
583
135
772
718
32
956
986
423
974
576
101
862
5
572
831
360
239
257
36
944
492
42
467
479
68
443
185
551
981
958
518
291
866
906
710
471
753
661
271
253
362
45
993
628
904
929
836
155
378
71
124
385
983
175
170
455
486
28
397
164
299
646
84
327
617
130
250
696
941
994
991
479
533
412
903
397
992
512
837
89
657
810
217
387
662
281
197
799
191
853
671
312
236
17
628
286
749
17
91
857
853
576
269
73
186
474
459
686
957
47
261
719
854
868
61
443
724
929
381
731
146
195
397
437
709
610
363
575
749
567
132
509
929
841
933
610
284
986
594
759
899
778
864
790
206
340
458
585
130
979
158
994
282
331
106
296
803
505
567
648
648
922
774
270
424
482
262
558
288
516
62
938
58
905
842
734
221
952
943
464
38
663
621
184
283
558
689
186
278
933
160
675
761
924
891
573
60
661
6
871
377
700
19
964
117
541
59
228
568
725
459
757
725
730
663
169
496
492
634
492
481
164
122
95
667
35
312
243
946
93
412
417
449
700
512
629
349
966
586
106
948
615
692
528
510
854
320
193
889
855
462
313
972
823
115
290
528
292
680
152
737
817
386
490
430
644
801
618
579
106
303
706
271
782
424
963
571
819
564
860
438
462
995
234
786
159
822
7
155
475
503
990
365
935
844
112
873
941
158
300
219
788
617
598
214
143
599
72
474
148
928
997
221
396
265
965
575
48
667
880
800
635
954
114
455
563
876
659
84
773
870
696
53
315
266
732
49
389
410
503
331
835
181
655
896
979
519
18
991
976
773
659
57
342
251
507
755
11
395
690
202
20
203
420
732
68
740
315
91
932
217
993
573
449
2
681
682
394
665
42
968
807
338
929
329
763
848
213
418
153
856
416
968
298
828
137
923
411
438
855
25
931
607
753
595
710
780
629
391
144
781
936
556
287
998
85
641
28
442
250
164
117
958
598
714
286
258
897
846
662
221
213
950
556
940
795
838
238
201
252
372
554
292
341
600
255
600
522
14
380
183
385
340
287
178
206
101
73
245
568
797
126188.5
347
349
412
591
631
45
676
385
345
377
740
128
894
201
773
38
219
819
133
612
313
597
252
917
407
250
16
444
514
211
672
440
505
729
561
734
225
83
608
246
452
876
1
683
696
65
102
282
507
830
840
458
4
189
304
345
210
952
877
227
658
436
780
222
250
404
962
70
77
840
616
96
397
637
137
198
710
170
550
419
643
148
982
170
860
838
330
304
574
124
68
380
41
852
746
843
578
21
213
776
454
178
967
42
835
498
635
435
204
466
435
657
266
94
853
567
655
93
688
762
505
543
407
650
359
427
491
625
833
735
852
583
841
704
627
179
554
826
610
163
325
652
580
41
332
806
338
699
393
558
642
299
205
835
836
513
638
252
755
974
989
123
410
957
531
135
672
217
173
656
596
27
796
148
495
481
195
612
942
199
180
208
3
217
645
693
287
173
259
536
622
892
414
46
988
353
317
846
397
43
380
880
492
336
30
918
133
815
730
997
864
889
112
733
448
462
381
905
166
337
339
164
715
353
682
433
661
266
441
80
84
881
605
500
126
29
98
827
522
497
146
580
417
399
449
320
702
366
53
910
846
887
589
765
871
536
413
424
331
14
552
153
269
657
936
106
861
791
16
930
964
797
432
511
876
9
701
822
994
987
710
893
259
899
870
822
649
561
250
973
620
201
34
661
631
419
333
99
363
194
427
740
570
851
581
742
570
179
970
197
237
14
594
126
300
322
152
250
698
535
255
46
506
417
987
3
740
856
131
714
752
44
313
33
5
460
952
773
558
686
588
744
188
182
952
653
794
661
699
525
749
272
57
203
678
154
129
674
724
619
134
920
423
7
61
862
228
524
445
338
587
642
952
869
4
838
569
480
257
306
657
335
695
167
753
835
376
565
328
257
160
11
285
295
169
856
196
824
243
434
331
479
758
431
882
856
764
883
46
987
370
666
990
162
823
466
103
100
618
24
871
922
698
475
926
856
238
606
381
920
970
999
207
644
106
573
855
345
764
323
297
382
853
931
273
225
10
167
537
229
968
657
690
596
594
395
468
963
92
41
350
688
580
72
320
946
513
426
904
74
694
951
914
617
245
134
860
398
629
226
991
271
909
757
988
403
389
820
189
749
434
166
850
107
918
438
50
624
400
490
289
291
266
313
461
571
100
592
508
114
234
774
74
384
708
454
13
757
965
466
318
937
997
628
563
333
750
283
129
252
89
184
887
951
829
345
137
26
803
488
170
781
572
750
675
874
234
201
363
216
687
930
975
244
470
424
586
198
218
382
602
592
651
794
24
340
362
864
272
627
449
509
631
250
762
968
21
492
451
557
518
773
230
932
683
381
850
169
889
85
846
188
831
671
575
455
847
76
229
220
227
17
451
442
675
596
765
882
429
655
635
909
311
127
252
204
681
42
954
213
31
82
820
926
293
461
449
959
763
755
677
710
875
588
411
168
34
851
838
107
764
172
470
999
927
179
136
535
365
613
244
931
849
611
961
843
353
975
685
577
479
309
767
294
463
249
369
922
227
975
483
841
673
305
458
688
556
1000
316
289
215
772
933
70
720
890
612
605
285
875
749
976
21
170
59
810
175
41
329
131
900
337
873
970
826
285
58
273
714
848
764
717
828
253
249
388
910
551
744
257
788
769
452
3
616
335
500
471
54
658
186
926
664
282
85
919
893
871
481
43
978
223
355
970
394
150
293
377
887
101
422
867
90
810
509
213
321
122
618
63
73
496
994
689
148
145
500
278
550
552
679
898
270
306
683
451
906
697
639
721
585
568
70
691
459
466
4
663
504
402
552
22
233
128
86
779
379
514
743
936
537
491
823
433
384
966
677
179
627
983
351
838
372
117
487
657
803
574
705
564
203
226
649
861
279
679
240
344
155
567
197
410
552
928
146
279
939
506
70
301
413
954
997
649
272
998
15
313
434
888
732
312
897
415
273
504
512
480
329
878
853
284
484
597
411
253
280
728
965
228
821
746
168
669
714
649
451
40
727
490
627
944
937
233
703
996
707
545
485
375
327
218
140
821
511
669
724
615
721
516
71
352
648
643
599
52
231
519
679
187
769
978
953
398
516
897
974
752
710
148
456
126
432
638
790
794
187
969
13
724
401
463
408
383
791
626
61
915
519
299
439
955
674
467
526
198
639
369
74
526
769
139
867
195
223
1000
488
605
963
889
146
844
640
101
296
643
922
778
433
117
930
465
87
414
951
523
129
490
517
584
158
256
533
316
501
911
532
571
474
280
11
635
153
993
254
743
776
583
154
752
127801.5
740
101
11
98
500
432
845
576
391
800
246
768
702
44
212
339
56
883
226
498
920
349
919
961
789
847
53
36
280
534
907
137
806
870
17
307
62
738
18
254
976
498
173
768
558
809
530
988
899
181
322
254
548
105
639
830
465
393
531
192
466
873
408
814
947
134
568
637
211
468
295
24
182
828
624
160
753
26
261
193
991
368
423
204
844
723
90
462
185
864
126
792
765
793
313
941
76
392
23
940
425
67
98
773
952
415
16
600
816
408
883
877
86
314
990
380
718
489
123
334
977
696
359
26
1
315
882
334
158
126
869
54
325
541
554
501
378
820
46
482
100
423
902
227
916
845
946
862
979
219
272
191
983
325
763
162
305
474
472
7
921
980
883
206
232
633
768
436
579
85
590
749
596
341
605
524
641
10
351
976
749
15
996
169
247
522
841
930
506
404
507
356
440
434
876
387
168
935
179
908
177
979
789
563
845
764
35
242
117
372
374
559
592
224
309
937
952
14
574
517
157
900
357
484
612
893
447
373
645
818
80
862
760
106
17
236
202
196
664
804
276
461
575
730
434
221
916
153
239
170
869
610
51
623
620
129
97
329
853
573
959
457
494
536
886
419
532
600
370
373
830
31
985
614
649
160
421
483
587
576
923
992
167
373
766
420
543
628
303
239
944
332
271
644
36
617
361
342
550
638
642
80
152
333
251
220
457
239
379
75
6
17
988
224
462
622
570
773
817
626
713
207
409
904
291
886
96
292
373
357
652
212
969
743
390
904
139
517
870
706
386
779
247
265
440
206
162
924
618
508
329
730
572
47
489
991
835
942
304
553
921
66
671
674
490
176
566
424
226
627
818
500
804
333
214
208
406
418
3
257
633
606
268
980
403
700
213
135
906
358
892
408
853
353
281
875
633
357
853
484
107
955
675
49
197
512
769
306
784
993
583
69
594
969
448
206
763
210
31
255
21
990
653
184
559
642
763
823
122
561
797
243
784
291
856
611
85
398
827
885
457
980
860
544
42
687
941
288
519
223
594
708
477
156
771
556
581
180
959
487
140
583
326
711
805
135
321
724
78
456
741
532
625
796
134
384
643
239
4
468
141
993
164
648
650
14
108
475
504
40
517
602
888
732
78
29
53
33
883
806
882
336
675
286
215
89
137
140
27
47
957
434
854
684
171
397
554
358
736
887
499
172
818
185
661
461
757
372
221
687
341
672
325
660
459
157
874
100
466
962
922
894
761
951
804
388
85
841
967
510
934
358
268
26
841
532
645
436
269
388
284
714
762
944
375
357
981
340
366
440
957
204
212
974
965
172
995
654
931
424
692
141
628
908
875
348
93
574
560
244
296
274
978
765
877
527
136
190
511
836
16
36
653
30
239
336
946
877
546
821
947
787
175
796
959
69
444
876
857
950
598
327
319
179
179
14
749
288
855
655
760
561
529
160
59
985
654
981
936
405
307
87
569
883
285
184
962
159
956
363
344
768
901
149
807
511
48
147
876
169
921
366
318
639
247
920
453
634
593
817
541
269
740
288
548
328
633
282
338
590
71
310
120
137
846
446
433
892
370
93
8
710
803
806
395
488
15
832
774
132
4
439
648
47
578
900
515
962
84
648
515
591
973
285
450
42
657
405
216
858
914
687
184
666
242
143
325
598
416
132
142
306
202
82
767
510
156
594
669
379
959
488
852
350
262
111
187
19
436
55
423
594
886
339
448
314
986
67
8
43
558
276
753
802
525
451
218
628
35
213
537
55
486
535
877
160
546
543
91
479
403
605
85
185
198
142
639
9
565
749
364
705
578
901
530
844
740
461
10
779
624
254
615
215
571
826
25
969
240
958
13
461
760
734
88
597
773
411
934
99
895
761
483
966
176
911
70
454
481
195
121
570
249
659
300
472
995
959
548
166
615
547
180
589
877
378
618
744
920
533
347
400
14
771
890
450
942
258
375
815
987
906
26
286
591
846
207
179
458
682
874
414
460
486
609
350
300
420
971
751
649
698
938
974
245
387
345
291
641
813
934
485
233
403
139
555
722
637
13
258
259
979
938
387
30
387
689
956
552
816
398
12
737
614
717
561
153
199
765
258
776
466
582
65
433
637
361
503
1000
919
184
118
550
852
492
417
583
645
361
367
947
161
666
383
407
829
239
11
627
928
405
555
878
240
615
693
219
344
527
563
408
109
566
716
820
951
89
107
805
704
108
320
559
772
422
618
422
725
846
831
319
436
94
212
759
229
444
291
46
937
792
582
695
897
83
738
569
489
946
515
119691.0
520
326
391
696
956
917
494
223
580
359
131
405
223
653
105
907
160
892
279
450
492
990
839
95
562
627
433
946
961
30
475
740
314
880
671
888
237
244
486
755
886
496
490
123
63
435
268
383
842
78
221
510
122
467
85
848
526
432
932
83
246
776
188
668
28
896
523
60
563
640
138
580
653
790
631
308
356
426
531
499
562
884
121
978
593
818
353
689
127
664
278
386
656
692
604
865
942
330
723
18
44
678
235
624
808
563
577
200
236
866
964
192
391
777
111
522
355
124
937
879
389
168
126
124
590
429
866
574
651
31
841
966
855
139
392
263
271
937
579
53
5
4
344
933
156
59
820
267
897
820
10
326
539
1000
59
941
607
169
142
255
535
308
566
1
651
537
895
595
711
39
575
420
616
313
982
962
959
89
414
744
825
398
427
510
693
616
164
697
195
417
374
97
595
745
18
582
816
587
44
59
298
252
343
679
262
320
138
152
423
421
447
998
954
141
32
560
781
944
537
83
214
305
850
20
923
796
360
166
122
904
662
18
404
278
183
112
507
289
778
288
165
108
985
178
999
342
597
211
644
403
713
180
378
114
408
156
662
228
862
130
529
177
327
834
343
5
440
394
53
625
82
227
254
54
147
886
30
147
514
966
834
728
232
461
20
789
697
469
850
632
399
55
683
426
578
583
33
226
393
154
192
986
629
282
549
423
260
195
80
960
505
862
598
517
861
468
837
104
625
723
888
45
463
305
649
119
496
132
126
124
997
109
355
765
294
8
48
569
958
972
258
728
765
197
758
632
515
809
226
852
6
237
517
500
920
984
193
364
337
97
465
552
481
87
958
153
495
963
356
141
875
76
914
12
408
61
198
459
923
101
794
55
867
801
198
846
25
905
383
818
648
997
130
464
915
409
684
937
950
149
64
804
479
889
740
854
364
390
62
166
476
78
395
517
575
374
225
178
698
285
688
717
302
769
478
457
496
504
759
892
562
746
242
102
729
666
47
831
698
64
507
355
629
343
502
41
820
776
163
684
437
874
403
702
371
613
422
525
1
649
85
288
289
999
537
269
727
381
465
464
455
37
649
997
360
934
206
746
299
282
723
353
84
437
240
586
54
375
401
984
394
272
350
839
930
74
559
24
290
80
813
407
611
303
551
616
343
916
30
544
496
312
506
752
90
409
526
456
868
332
394
417
816
502
522
149
743
718
614
703
773
400
34
48
880
655
387
407
329
80
116
235
576
870
373
554
985
461
107
340
317
922
892
140
390
537
210
815
746
610
45
470
433
107
579
187
717
508
691
750
593
772
864
661
384
414
482
728
736
782
106
867
227
74
290
749
900
300
498
364
953
714
549
240
770
187
327
622
793
337
672
151
291
130
686
128
145
739
668
221
511
218
227
110
40
192
102
95
698
372
239
421
977
953
963
271
816
100
297
496
605
850
6
779
23
554
97
381
121
437
691
434
463
471
820
166
18
509
37
926
527
326
187
858
859
796
697
206
730
437
354
458
151
855
983
376
640
151
885
10
716
505
722
625
585
60
701
497
40
862
277
602
22
715
31
479
399
968
478
4
97
277
348
77
452
265
951
979
906
548
239
42
695
999
538
177
71
528
900
173
446
54
284
25
253
207
711
300
990
98
453
124
157
759
51
477
527
504
463
720
741
505
75
99
126
49
244
196
911
217
708
373
150
755
916
577
455
329
232
141
688
558
625
55
96
319
9
77
272
7
645
332
879
130
608
941
557
189
505
237
959
428
7
718
229
430
428
491
461
433
28
499
895
158
171
554
815
968
697
637
395
756
502
545
45
218
588
495
895
346
855
942
7
257
150
161
711
339
232
279
718
976
391
695
607
730
833
938
634
235
152
331
727
444
905
853
703
83
252
59
244
244
81
998
26
347
956
617
366
526
373
219
947
270
108
483
876
572
801
296
743
205
389
893
198
256
226
832
161
359
575
261
777
147
38
891
873
232
390
757
477
731
313
602
452
498
33
855
973
977
682
325
690
869
629
346
399
533
535
239
750
430
935
715
842
463
836
641
935
732
219
280
806
945
322
971
390
725
186
893
612
524
489
208
375
703
40
702
118
756
874
246
524
5
384
366
75
616
688
562
158
861
613
239
198
915
139
503
304
679
945
459
108
199
905
550
730
781
745
137
93
191
117
524
793
573
959
630
627
375
548
351
995
318
55
237
75
731
925
417
105
505
681
582
290
942
471
833
188
861
482
7
305
186
80
657
959
815
191
619
732
437
322
217
485
305
364
525
342
733
121923.5
247
302
89
310
3
436
585
216
625
997
868
264
577
401
788
774
467
430
361
887
449
64
945
178
674
257
690
144
387
495
371
73
525
287
714
38
391
658
171
31
598
771
603
522
226
933
625
138
165
948
241
597
647
834
415
260
75
603
516
593
237
922
57
767
510
339
650
965
780
828
22
330
920
524
63
414
757
11
490
636
72
528
641
508
612
487
735
533
251
779
993
303
180
93
426
903
842
863
743
357
1000
8
695
632
44
81
51
891
611
881
780
42
51
940
956
928
615
439
805
322
275
844
245
109
635
470
807
955
884
372
121
266
408
977
903
540
880
960
718
261
987
232
581
511
475
534
908
610
388
373
855
903
873
265
948
200
68
204
76
681
10
265
837
952
892
652
172
269
108
658
630
737
176
162
582
898
36
159
497
687
504
830
95
380
431
855
12
558
356
127
208
49
126
110
780
292
82
741
423
693
128
645
725
596
500
494
50
445
615
531
460
381
884
1
375
726
97
917
363
986
722
384
901
358
564
594
256
636
142
596
539
128
173
607
943
939
510
18
264
452
196
294
336
875
221
781
749
556
373
867
945
920
667
167
840
698
78
444
423
149
602
421
507
369
265
264
322
180
666
396
80
795
501
426
402
886
391
186
371
266
216
559
311
405
441
378
379
498
70
922
170
163
452
703
443
177
41
204
223
505
883
842
348
779
432
234
209
311
698
545
740
443
948
91
947
618
582
991
961
568
896
521
532
408
181
999
788
157
897
451
411
594
208
210
787
652
998
172
571
277
353
738
73
715
261
567
126
871
666
402
797
732
64
567
968
302
672
938
812
519
872
23
755
260
850
188
546
298
761
359
223
500
156
401
12
488
621
825
739
243
650
84
158
575
603
160
396
695
461
7
319
291
555
244
512
77
564
295
715
198
835
647
330
539
15
713
984
786
859
858
881
536
719
238
277
123
924
331
922
340
113
746
653
630
216
831
286
768
312
937
663
26
595
943
929
532
892
349
94
264
534
548
308
84
176
753
872
234
957
789
507
588
285
636
624
327
190
830
181
609
23
909
955
145
177
40
73
790
316
261
46
27
600
851
88
152
43
704
881
545
272
140
732
486
169
356
35
865
577
960
291
655
855
713
199
574
457
972
999
993
709
668
323
258
100
138
789
499
907
967
888
555
396
834
840
248
372
377
651
687
172
22
70
574
638
715
600
148
265
93
629
868
84
794
618
129
111
478
694
540
56
548
767
677
169
782
37
800
51
257
961
1
86
464
543
226
794
849
593
665
409
214
705
20
116
565
546
992
852
625
160
692
894
69
732
898
154
39
907
367
827
288
393
580
946
811
156
25
523
465
394
810
956
670
335
585
166
624
541
222
566
772
665
15
84
155
67
131
705
172
854
255
828
358
859
682
987
660
181
848
175
40
629
501
834
518
244
834
90
540
948
730
760
149
430
221
112
558
167
305
760
158
468
35
329
519
796
543
772
72
177
238
499
76
270
950
269
977
243
531
612
484
359
362
464
493
863
446
606
304
512
44
674
578
959
308
293
413
29
741
147
120
507
193
698
752
704
294
671
794
50
503
559
316
744
823
790
945
981
663
593
51
734
840
191
105
800
463
472
279
361
440
102
509
819
643
238
177
455
646
351
844
508
419
114
950
333
627
984
930
628
630
704
917
209
579
156
586
241
238
351
500
3
648
636
808
212
455
253
891
771
876
437
299
474
139
471
468
626
905
227
847
967
596
447
311
371
997
873
110
633
955
120
807
960
135
711
357
331
724
237
400
518
693
25
719
318
591
979
950
553
102
760
588
678
578
412
546
913
134
442
92
833
925
191
605
529
570
841
205
784
597
33
238
892
893
313
859
116
798
957
469
468
459
479
904
621
993
9
659
97
899
274
421
672
87
625
875
161
941
68
759
553
426
702
669
402
499
998
759
375
274
862
24
699
597
654
391
336
668
923
166
210
725
425
475
172
120
387
180
359
507
583
834
72
180
929
518
491
946
473
994
787
145
1
460
374
418
138
686
450
437
46
857
958
954
481
307
305
277
390
532
128
804
631
1000
725
969
667
635
171
790
517
601
688
678
617
388
13
913
555
478
584
811
210
848
291
777
948
54
868
624
30
849
972
352
840
462
606
219
487
513
92
500
159
79
549
585
506
938
943
177
203
410
433
52
318
670
840
566
70
566
729
902
520
751
283
605
618
925
954
951
72
676
632
838
50
217
496
246
161
397
845
496
987
864
80
265
223
580
26
178
292
39
655
302
600
802
439
760
127359.0
823
326
395
439
987
67
852
492
989
843
462
642
577
174
582
467
748
279
83
221
736
459
539
982
799
547
87
360
177
658
256
416
624
148
617
253
71
759
465
44
624
591
522
571
817
30
676
937
489
366
693
798
995
448
146
626
904
376
466
238
526
687
630
817
874
683
382
573
833
264
568
625
392
923
581
58
212
715
359
896
400
299
46
332
301
663
254
793
715
112
388
849
889
7
187
373
541
388
571
925
229
961
518
26
965
874
807
434
245
935
654
564
616
851
473
729
760
45
634
560
3
28
648
32
887
432
109
819
934
206
483
567
460
195
290
799
404
495
128
440
148
300
987
64
590
159
418
327
346
524
336
53
142
388
787
271
455
840
472
47
926
775
101
589
246
654
2
376
485
458
647
297
298
824
505
589
977
991
63
260
67
728
210
370
805
955
363
41
836
526
784
570
45
613
641
95
646
529
920
419
560
625
121
273
447
351
142
741
118
812
733
547
160
818
894
356
126
708
80
757
33
284
965
233
592
837
275
446
740
5
935
90
918
337
695
404
861
821
514
70
367
878
964
111
791
359
175
927
357
331
692
938
1000
530
662
159
339
994
833
862
362
398
693
24
37
42
265
535
826
479
88
894
312
749
622
546
769
173
550
890
465
113
50
886
826
642
294
67
371
462
702
171
659
832
819
86
9
642
35
740
121
873
776
172
747
121
165
441
927
595
631
750
877
240
928
36
524
300
414
785
426
589
69
656
111
817
991
946
800
719
849
658
673
870
6
36
695
567
977
950
419
431
561
466
746
606
613
314
385
61
102
495
942
741
196
361
331
409
845
737
63
528
150
970
475
441
355
437
465
14
235
879
963
849
53
112
783
548
650
784
72
3
390
559
578
892
120
445
134
904
840
423
793
398
962
980
391
682
341
637
32
95
381
156
245
679
123
220
152
276
318
920
120
255
214
782
972
718
250
33
379
153
703
553
711
453
462
258
639
397
455
461
239
99
628
669
961
914
76
636
330
201
418
286
653
997
460
646
571
613
456
407
613
684
444
190
917
393
208
364
566
817
14
491
867
210
457
886
390
378
242
984
975
675
298
343
501
373
959
677
476
308
416
164
653
132
863
243
926
72
464
517
687
857
820
709
577
375
114
534
190
162
44
423
908
560
950
963
217
895
494
110
540
804
669
535
435
212
121
789
121
962
832
698
455
248
215
114
467
75
563
36
540
997
402
584
233
955
858
816
330
696
308
564
210
72
287
617
623
450
841
673
381
454
649
895
681
8
516
698
148
39
221
50
729
669
630
673
759
167
754
298
942
374
441
254
668
353
501
377
251
875
384
616
918
225
575
379
190
135
345
977
916
282
945
843
469
554
763
75
130
545
80
460
236
275
69
794
539
8
182
639
453
24
969
224
354
634
127
954
698
543
307
791
982
852
735
1
506
273
237
611
664
358
84
921
270
401
405
602
984
429
522
732
421
710
446
896
634
586
631
317
764
172
711
260
242
534
795
210
390
409
911
518
357
392
458
850
82
174
478
402
944
300
817
832
760
717
785
429
926
485
500
921
306
704
230
437
930
224
193
115
960
156
418
800
988
119
589
960
982
92
904
718
889
63
674
327
847
739
474
350
272
309
154
245
987
88
37
634
567
615
30
538
457
466
982
168
825
74
244
67
473
278
269
412
340
163
508
438
912
413
608
882
439
491
408
239
787
346
726
955
80
297
854
150
446
840
89
151
860
697
646
902
39
527
680
719
907
757
881
26
103
28
280
890
558
560
484
396
907
676
175
996
944
76
539
457
805
545
70
860
628
212
895
36
985
185
294
884
849
328
500
491
930
494
619
390
890
130
444
15
793
40
583
72
979
277
220
791
528
636
683
233
614
601
338
524
363
619
70
868
513
395
99
461
171
913
938
868
214
797
302
674
747
719
330
369
415
314
745
463
657
969
393
992
437
673
919
96
54
32
827
892
973
393
141
953
298
594
531
676
713
531
521
336
125
546
620
785
477
231
520
825
173
445
607
874
351
323
276
963
609
96
99
536
456
725
332
164
495
336
164
294
934
45
14
736
941
715
756
723
988
314
988
836
677
870
209
651
619
938
360
213
701
84
245
4
460
526
178
332
381
118
107
357
114
28
695
954
486
513
248
139
142
800
520
196
337
937
934
253
471
8
564
839
573
743
257
443
342
641
336
165
200
977
997
883
319
419
341
718
505
330
588
220
639
570
923
976
768
999
83
409
593
718
260
512
606
106
263
543
664
620
468
243
118
121
146
782
129684.0
194
441
274
820
655
510
326
854
607
243
324
1
558
646
457
437
972
550
492
503
255
780
782
161
643
973
354
857
470
520
359
150
24
622
819
229
90
872
267
472
405
209
419
965
695
24
33
908
458
360
516
155
895
97
795
172
770
665
31
354
782
97
271
761
161
328
689
144
398
769
449
31
863
308
861
783
639
496
475
220
860
644
447
130
764
441
970
71
496
931
498
815
389
29
74
970
969
150
854
1
958
224
232
123
884
400
996
486
825
323
690
445
45
605
426
413
220
70
519
24
782
798
573
206
417
976
114
379
801
552
493
32
521
548
129
793
290
284
584
500
651
727
321
371
280
28
889
222
422
393
674
138
899
919
795
586
419
762
445
373
754
22
735
593
332
875
870
133
611
646
491
456
559
394
494
625
862
864
396
225
964
551
423
150
551
177
366
305
467
266
662
293
345
958
423
840
233
964
121
516
693
786
573
294
405
984
388
120
570
823
252
681
187
617
863
678
518
352
800
116
830
748
717
140
900
570
91
199
417
478
676
609
54
602
66
696
513
662
681
642
46
339
221
178
579
140
728
200
355
657
190
609
970
293
384
1000
452
599
265
200
544
411
423
182
575
882
299
319
64
480
367
764
250
781
129
414
602
277
869
386
358
412
989
808
5
785
895
62
375
391
241
926
593
696
343
385
828
271
184
147
295
938
844
497
485
307
428
35
474
546
686
517
598
520
936
967
187
19
854
470
459
274
851
368
964
380
381
924
349
324
883
256
399
951
349
945
642
388
87
447
105
345
682
237
895
700
286
353
970
540
64
703
65
992
317
746
40
256
568
944
613
704
97
758
453
457
539
615
864
507
600
570
654
538
829
451
779
185
40
589
8
579
527
634
401
590
784
344
502
325
69
394
323
967
454
863
76
727
656
930
48
229
333
993
595
432
563
494
811
746
337
10
829
862
539
842
847
37
876
595
51
154
156
411
214
34
531
806
291
931
370
371
261
849
755
544
574
536
471
397
248
393
404
864
803
87
537
106
648
357
384
507
646
65
741
695
816
123
399
345
12
42
485
20
7
185
475
686
445
724
182
500
763
887
806
977
905
647
490
87
747
950
329
928
307
406
421
586
116
656
754
711
671
766
528
552
224
594
648
737
704
724
258
269
566
115
540
462
127
755
827
363
301
651
1
570
983
579
479
153
23
348
901
69
993
31
476
852
805
946
35
104
54
785
190
433
126
461
960
550
586
506
612
169
627
619
98
982
723
932
574
351
124
890
258
61
467
759
679
868
162
79
533
860
789
615
393
637
484
6
483
421
342
627
251
802
150
1000
310
821
314
40
557
702
985
154
472
383
524
550
137
544
863
336
686
821
274
410
944
368
249
499
673
375
71
531
814
104
286
946
449
543
487
491
520
544
529
813
255
274
709
507
506
865
106
832
242
894
23
532
971
53
646
988
987
774
598
118
74
336
531
858
188
963
908
36
143
795
687
764
62
685
971
128
640
987
808
647
328
412
981
330
399
735
936
815
556
900
294
372
710
336
727
270
392
783
561
576
477
712
484
632
973
61
613
793
287
360
141
205
916
589
749
392
244
56
762
534
25
404
587
390
256
458
312
629
686
608
677
734
415
573
872
819
117
503
750
805
629
954
743
783
672
85
635
675
328
416
558
222
692
78
983
124
33
871
411
692
134
557
854
876
821
798
21
814
731
557
205
210
986
950
894
268
821
758
515
944
127
494
8
30
469
895
714
573
198
903
972
561
436
467
200
791
387
121
795
199
645
57
246
278
162
491
370
509
197
382
682
89
769
512
796
429
345
78
690
116
907
276
298
979
342
850
521
823
966
425
408
735
487
558
308
387
58
123
883
277
511
103
569
238
926
200
441
420
591
15
848
63
198
505
816
825
141
773
611
770
932
734
890
336
981
616
843
945
771
383
300
967
313
430
974
848
565
352
865
26
922
892
414
436
548
322
153
565
434
560
228
616
946
835
754
838
826
853
714
42
654
723
141
461
398
736
884
956
650
277
258
785
723
357
852
768
969
818
472
517
403
123
599
941
955
47
208
219
717
302
773
207
866
165
940
970
547
868
166
459
503
655
465
364
244
25
818
929
772
78
923
361
605
164
187
239
454
142
728
268
979
963
900
207
887
672
175
573
1000
313
752
111
399
137
88
668
863
685
851
71
475
357
224
832
911
700
434
849
302
189
793
478
637
252
826
268
609
883
111
706
248
922
198
302
9
589
606
622
40
762
725
854
574
724
314
678
850
97
987
945
618
451
127953.5
894
888
968
687
776
892
72
544
520
375
727
895
114
487
807
78
804
320
887
107
905
895
355
862
990
818
731
846
11
964
676
836
894
803
785
667
974
646
525
708
762
878
932
168
17
416
209
631
630
722
918
386
728
331
33
925
894
335
416
292
114
642
960
457
729
89
490
411
241
505
671
692
941
249
754
539
937
362
974
729
783
526
325
910
163
191
907
525
138
596
807
669
413
403
3
683
974
678
915
865
356
785
464
357
899
391
961
102
567
744
152
769
649
176
817
738
398
241
842
432
474
530
859
839
721
383
864
871
632
603
220
312
378
730
394
925
420
261
145
748
646
703
722
720
547
798
209
915
964
381
937
891
676
96
631
836
737
598
329
305
51
553
525
862
580
513
404
816
713
815
494
886
854
616
465
923
931
837
297
966
445
13
359
85
532
790
483
779
120
131
716
193
657
528
854
488
124
639
719
479
321
300
125
190
931
178
791
985
114
490
804
776
441
986
553
250
351
980
937
387
426
662
439
382
205
217
848
129
215
999
267
152
599
112
761
866
849
848
803
663
358
968
218
682
634
948
952
322
615
283
497
439
781
408
534
77
575
560
595
740
794
478
513
14
757
393
978
752
542
983
227
659
637
763
16
314
849
533
432
359
201
220
271
238
547
829
946
162
600
898
488
846
84
362
795
170
793
595
426
816
137
240
375
128
401
181
486
43
332
762
447
375
470
367
22
598
811
429
891
747
309
924
835
203
728
439
819
370
985
22
118
891
377
195
682
284
471
355
999
749
763
118
748
11
774
800
902
415
239
777
113
946
980
417
385
981
150
650
486
50
895
270
508
789
569
602
259
872
398
618
347
838
376
280
883
810
39
160
699
961
261
377
691
178
56
618
687
455
401
445
267
150
556
991
298
827
751
394
301
245
154
747
716
35
630
99
467
163
979
467
1000
762
952
267
536
591
144
259
853
365
55
879
260
259
512
899
633
266
151
77
619
279
232
504
255
391
323
814
183
825
348
424
559
132
33
374
425
147
735
3
858
677
228
928
254
714
761
127
836
923
551
366
403
414
34
18
215
988
454
59
129
892
836
480
821
660
119
265
885
170
603
695
44
450
380
388
327
389
399
222
630
184
572
752
512
468
811
268
488
63
772
678
651
135
789
953
997
281
724
947
875
601
865
570
854
773
522
900
49
526
240
239
431
879
992
156
146
829
115
122
546
543
75
933
354
269
70
967
665
105
796
760
460
433
244
951
650
804
193
568
258
247
117
528
587
690
480
962
114
562
897
193
949
913
326
100
51
128
82
331
186
1
891
15
442
826
82
793
198
666
431
435
908
943
283
343
437
845
681
91
483
817
798
631
532
609
34
68
996
455
588
645
775
520
842
194
901
807
731
769
300
631
388
144
92
710
455
886
482
967
783
804
535
563
405
821
96
389
496
410
254
75
575
50
734
375
30
44
792
269
404
175
471
607
32
698
840
961
25
427
884
674
773
986
815
985
13
49
111
208
211
497
199
480
448
99
958
877
238
339
688
854
854
934
698
141
761
356
296
522
882
108
832
653
671
669
676
210
283
693
354
437
966
894
318
469
517
833
123
603
62
658
156
72
897
580
724
30
373
277
82
816
281
914
512
923
725
770
625
169
780
718
158
386
247
345
516
170
118
87
937
662
270
631
219
287
61
235
486
53
272
745
261
612
302
339
218
810
769
525
699
84
159
523
792
775
581
921
868
278
204
199
54
923
533
277
413
506
143
110
496
784
533
191
649
861
166
564
971
765
902
734
368
75
787
515
757
370
918
424
122
549
556
320
253
41
235
633
353
681
121
691
488
566
146
750
557
519
757
45
874
188
974
164
111
50
686
392
504
979
236
678
246
419
446
764
952
214
773
760
145
774
136
821
690
390
894
901
802
95
621
578
656
21
194
366
65
891
216
727
533
549
674
323
106
509
178
38
26
170
874
691
417
636
85
468
883
471
105
816
233
738
458
100
788
609
612
573
627
204
269
260
810
910
284
907
116
823
323
468
140
561
161
643
819
801
230
302
800
209
717
433
731
900
692
134
230
191
360
544
348
455
588
895
194
911
495
407
761
628
225
863
420
31
299
543
91
719
314
626
390
726
831
639
871
312
628
633
549
975
121
110
936
340
446
758
348
876
258
397
335
464
427
80
271
675
536
240
78
560
265
643
266
228
457
491
554
39
12
536
426
459
928
823
379
563
909
854
829
371
893
449
374
459
779
901
343
108
962
498
523
73
736
520
482
903
986
342
55
193
126124.0
738
678
218
587
683
536
352
69
959
339
945
927
731
494
428
543
218
372
162
461
110
960
128
689
915
1
376
771
932
951
896
268
393
349
936
264
593
921
236
232
558
241
570
395
584
870
212
29
362
973
699
255
801
134
166
239
762
237
698
351
238
754
571
993
42
694
267
879
18
741
732
231
519
445
650
233
42
200
491
608
727
885
836
288
81
204
40
961
626
479
41
898
35
960
528
632
311
129
936
840
934
357
23
320
732
53
231
700
341
389
825
227
829
971
222
217
445
339
168
420
200
770
141
288
436
42
32
472
882
656
23
111
792
302
369
564
3
437
474
15
593
106
417
143
562
639
874
190
520
896
639
257
78
249
553
843
81
740
267
752
207
264
460
939
428
204
737
73
561
658
874
57
860
327
117
714
464
198
260
894
625
815
960
54
48
177
195
674
407
604
80
790
982
954
677
310
875
642
525
537
863
878
543
175
601
299
401
352
851
926
782
312
232
109
225
377
290
831
934
657
866
200
9
860
770
714
316
236
251
261
670
714
690
7
554
426
488
884
723
42
395
689
970
584
748
129
256
948
974
32
454
104
339
435
212
714
662
131
898
399
968
849
473
468
411
920
547
582
294
19
768
768
733
711
645
938
35
932
670
350
983
774
377
492
618
536
400
709
803
367
761
860
106
698
803
919
357
245
722
844
835
282
140
175
879
902
15
156
117
350
614
322
255
513
264
877
936
280
551
174
739
197
84
461
812
524
388
278
229
77
206
555
450
223
571
96
853
976
265
765
586
487
3
885
527
950
596
482
511
130
702
450
27
46
177
907
249
950
716
729
712
832
401
395
675
208
641
186
663
636
498
39
373
49
983
858
916
561
601
81
25
130
148
689
146
930
133
926
114
4
426
889
206
795
164
648
461
255
827
51
277
556
849
812
822
719
886
115
890
181
20
1
815
927
979
631
126
862
360
914
498
798
198
19
759
82
395
36
243
804
795
693
94
292
899
131
921
934
705
161
463
965
23
441
296
933
949
150
965
42
956
479
544
168
93
116
164
845
888
629
113
775
169
376
597
997
811
409
15
407
42
140
961
253
633
724
674
400
940
114
987
21
130
199
198
210
645
707
872
15
342
199
917
118
886
257
776
859
902
237
935
879
593
89
29
258
746
640
820
358
736
351
139
55
560
583
789
551
476
288
18
922
708
230
499
560
154
259
799
685
216
627
817
140
386
926
339
248
831
821
127
530
341
779
349
244
558
570
293
970
195
496
971
472
310
713
831
765
356
411
325
525
243
735
588
242
409
87
659
57
490
440
967
41
101
736
471
373
955
904
688
597
675
802
433
732
407
159
838
510
656
227
809
272
369
515
670
579
962
122
778
542
362
140
8
95
368
308
379
671
690
330
653
706
201
528
340
327
319
287
463
942
368
695
200
403
948
358
670
320
455
599
230
375
413
5
934
596
501
645
112
914
481
513
121
925
408
610
245
32
350
975
700
931
995
975
322
280
199
298
955
689
764
523
909
796
810
471
619
733
829
383
632
850
228
917
620
360
305
460
94
647
891
100
989
860
112
604
457
898
191
19
675
482
713
341
884
810
42
74
392
335
484
411
336
737
202
201
815
476
180
936
774
871
661
997
789
112
373
284
406
907
736
700
467
178
309
965
346
519
246
959
692
948
224
941
148
791
595
914
2
469
434
984
732
125
272
749
899
408
304
108
742
130
161
119
651
188
586
849
46
964
791
836
748
917
905
33
816
560
820
131
758
204
174
535
460
33
321
785
513
648
236
568
298
57
336
50
636
946
616
763
47
426
376
85
415
647
710
277
90
561
768
430
644
676
69
226
788
678
76
371
572
456
244
966
686
632
537
711
449
550
909
619
412
549
301
84
126
842
299
967
871
691
759
524
942
754
244
383
154
915
296
435
603
101
866
829
664
463
641
179
597
33
310
251
514
108
996
993
45
735
703
739
793
818
39
413
780
835
832
316
209
176
387
815
402
423
68
468
580
586
391
599
870
920
858
210
569
261
985
448
352
325
438
801
407
993
453
691
531
915
665
379
46
76
733
453
81
594
95
349
220
205
292
756
246
443
619
917
167
747
416
549
985
491
914
886
800
416
926
200
798
106
108
84
695
424
694
156
473
481
545
543
823
282
759
602
12
141
193
181
581
91
481
219
674
489
580
365
614
765
875
679
495
839
241
235
263
909
166
727
757
333
545
787
505
199
858
292
911
248
192
226
606
162
905
186
358
409
15
332
358
98
286
418
140
252
417
559
