500
4
119348.5
33
952
424
822
429
993
465
429
174
238
461
860
208
868
507
618
604
523
451
117
348
237
248
260
953
392
821
923
418
526
469
657
807
39
654
985
687
63
35
248
742
60
886
747
271
129
178
803
395
119
197
134
948
938
471
329
318
720
734
564
350
474
373
279
811
906
114
291
778
482
907
490
921
929
832
147
279
707
535
159
88
318
876
785
865
287
96
2
464
856
944
950
810
178
446
952
276
475
498
81
855
679
585
571
326
313
75
458
464
281
604
204
254
688
500
864
974
47
25
824
408
60
12
53
576
347
37
663
635
604
252
123
62
385
911
38
185
552
591
342
354
401
739
201
150
870
184
282
617
666
155
255
34
823
720
221
16
87
481
312
17
748
594
804
494
900
602
58
444
921
179
770
123
212
889
286
492
337
394
121
76
370
93
76
307
292
508
431
748
306
227
285
918
709
621
326
788
233
343
477
147
498
795
54
462
251
775
683
708
727
377
894
406
329
764
337
94
993
759
280
102
906
832
659
586
139
651
328
22
642
39
651
466
655
295
230
587
899
982
239
838
798
125
350
939
65
422
873
673
775
397
50
437
595
304
945
419
975
765
514
50
429
323
494
781
14
757
316
514
740
154
906
48
183
329
28
212
302
326
591
388
574
916
299
182
905
274
761
949
94
508
647
404
663
462
740
106
313
871
989
190
683
101
766
441
473
434
228
152
368
848
563
96
96
170
605
982
267
108
139
81
873
699
951
317
635
574
679
298
215
662
437
512
383
968
991
527
466
540
828
82
418
379
995
275
897
698
210
635
856
297
550
989
633
148
657
861
606
970
191
527
769
348
243
850
982
885
476
802
917
752
89
895
782
812
506
487
744
965
535
197
128
41
755
201
929
977
21
743
323
191
960
65
483
569
832
697
745
107
898
524
894
127
423
612
183
163
763
473
871
381
841
815
669
699
291
513
538
757
643
349
330
945
850
942
456
272
431
862
81
975
28
389
667
753
760
665
971
6
437
340
786
557
940
829
411
542
989
946
592
28
353
234
747
252
126
419
562
621
651
638
394
198
260
619
337
503
564
1
723
681
701
718
85
75
866
724
440
709
306
705
575
81
74
133
612
135
5
223
265
353
623
828
865
464
663
436
817
129
892
219
4
896
99
199
9
905
382
290
802
796
74
724
679
397
596
570
569
308
328
947
855
391
492
126
962
90
493
913
362
282
281
752
38
667
818
595
771
109
896
154
463
646
445
360
101
929
579
708
200
824
712
859
81
392
652
788
421
433
621
934
706
449
809
564
279
918
639
485
58
177
212
267
511
491
5
482
728
937
557
357
871
884
778
405
761
619
715
856
637
460
984
746
88
207
951
928
590
871
91
436
899
350
288
290
751
726
771
27
710
785
486
587
514
646
719
853
588
87
598
685
369
795
149
306
784
398
764
202
127
981
361
753
751
928
592
952
448
155
251
281
61
1
254
418
983
533
848
249
29
209
553
612
151
654
865
509
311
618
897
444
688
199
569
301
103
779
621
833
10
34
618
462
305
131
162
326
122
11
55
993
288
620
863
106
207
353
607
476
401
955
297
899
836
230
200
8
839
906
226
708
801
8
330
6
874
862
576
497
653
277
986
805
362
413
77
8
779
524
116
808
498
206
125
650
195
862
727
159
187
917
779
670
414
725
237
71
663
66
247
307
828
45
395
115
199
316
914
975
519
372
269
22
846
928
813
685
43
593
976
523
416
556
780
659
298
775
851
813
561
88
456
723
323
109
486
215
18
554
260
478
299
165
561
399
671
862
407
110
727
942
663
385
807
874
829
40
188
227
303
729
638
238
132
548
631
40
678
527
180
488
14
497
337
438
294
36
933
132
455
151
493
391
456
669
73
523
169
750
803
526
15
883
779
972
383
567
210
90
160
966
282
598
518
873
125
9
350
286
94
4
624
991
559
952
1
344
914
94
613
339
858
78
444
57
662
161
881
401
609
502
570
499
977
380
113
283
428
278
918
75
536
400
403
42
572
19
76
497
237
524
133
80
986
907
550
566
978
598
684
270
401
907
180
162
696
872
919
495
113
74
583
890
85
338
224
361
482
747
59
570
869
628
488
380
352
215
57
100
119
260
524
39
98
584
90
517
226
919
536
920
872
42
149
136
642
212
357
9
611
47
224
79
320
572
404
31
405
641
557
154
559
267
446
664
797
579
98
483
1
984
195
832
46
923
661
763
786
731
532
846
751
499
86
141
947
62
745
713
713
212
371
42
185
230
220
759
349
856
852
120446.0
566
709
333
225
182
450
914
84
979
628
63
293
210
797
127
831
822
403
628
455
189
350
14
4
920
205
484
855
163
984
556
911
971
978
144
754
109
138
195
34
322
68
257
719
187
882
1
809
42
454
921
337
788
20
224
230
517
368
904
556
615
115
760
435
875
206
23
665
142
987
508
405
841
815
526
892
461
61
423
606
402
463
467
648
119
130
699
627
89
870
233
161
292
841
673
334
799
527
302
979
991
827
786
5
206
91
717
237
218
346
792
692
118
21
993
815
557
798
496
157
113
20
649
483
519
799
14
75
710
579
257
366
416
847
207
529
792
411
455
585
349
546
808
987
199
463
348
812
821
302
24
76
691
966
476
577
925
444
990
14
894
899
347
7
439
963
91
277
59
35
411
308
161
274
17
356
175
906
342
780
774
360
425
461
1000
481
252
902
262
687
102
957
732
961
122
548
518
947
165
244
595
36
563
461
944
667
706
44
327
850
355
847
811
415
17
939
471
910
1
729
303
472
724
260
371
463
471
791
101
582
362
351
497
366
734
957
148
176
761
184
793
271
968
79
805
346
504
322
904
488
324
693
432
837
148
339
557
2
574
463
500
952
925
759
997
458
148
521
963
631
977
313
816
310
293
628
238
211
798
301
428
70
661
837
123
534
838
20
435
278
175
727
539
683
345
631
167
437
171
930
392
577
526
855
943
37
208
239
946
703
928
890
97
588
238
80
731
216
408
755
942
832
696
744
884
914
630
458
663
720
302
112
919
996
626
710
198
814
669
481
70
742
208
282
243
509
696
228
11
674
531
726
512
511
890
176
91
860
99
426
778
170
511
946
311
356
694
171
380
98
944
227
194
140
923
816
190
174
883
982
868
663
810
942
732
372
288
978
716
197
457
590
160
634
980
1
696
654
23
417
392
404
656
623
292
661
142
726
295
948
633
853
233
744
432
886
567
630
100
433
257
154
427
243
27
420
834
280
519
144
995
336
899
135
278
146
375
113
211
103
913
840
376
193
881
315
43
814
32
231
379
952
854
690
524
248
242
109
20
486
775
1000
773
87
665
408
918
707
653
298
955
108
574
331
813
778
181
732
284
67
419
489
945
692
975
681
681
653
346
781
693
690
169
610
134
591
426
598
122
702
105
161
431
835
542
395
980
177
456
223
378
292
208
371
81
197
143
361
768
290
970
416
641
603
449
609
409
1000
855
529
480
442
828
218
25
1000
955
957
427
541
112
314
685
180
268
44
230
432
396
454
633
270
533
422
417
334
662
278
90
757
695
226
793
665
932
393
493
380
659
803
468
176
178
57
638
619
843
740
727
208
917
229
50
513
811
203
627
548
314
134
552
224
638
9
357
923
114
861
525
823
63
372
427
393
99
468
472
541
326
612
133
323
619
494
198
509
98
124
944
232
1
130
562
948
148
241
714
720
428
168
760
854
515
593
566
945
402
623
239
326
179
987
959
184
489
289
467
372
516
117
232
780
625
458
223
472
144
628
59
613
887
890
624
711
445
182
488
633
575
488
861
602
248
683
682
500
98
299
869
933
610
77
767
300
733
685
761
227
224
83
10
694
978
102
726
9
181
295
400
939
837
161
450
511
79
421
31
254
869
40
303
486
610
894
617
449
713
647
664
686
292
559
723
433
348
631
871
751
153
572
175
540
519
718
633
738
944
765
107
58
583
594
512
820
535
764
903
471
663
827
978
199
663
485
96
493
621
716
171
525
137
532
707
868
453
785
56
691
300
280
350
704
331
231
728
716
128
986
247
484
11
342
364
974
543
157
462
776
244
66
139
520
415
305
807
982
567
930
670
244
532
811
128
955
4
214
867
408
967
302
665
69
932
379
391
580
914
879
742
90
311
531
709
177
318
500
115
225
347
674
962
458
162
727
273
68
174
916
379
328
839
733
67
942
327
551
483
313
359
148
363
105
701
757
248
720
122
258
806
117
486
677
26
332
168
453
305
699
786
175
208
941
606
813
276
614
723
361
271
128
935
126
363
599
113
789
174
119
10
720
837
996
224
836
706
248
351
686
444
262
111
874
696
755
681
956
368
443
976
533
392
801
540
350
846
919
759
954
240
622
326
544
542
164
514
765
990
521
375
831
17
15
978
752
405
743
868
269
141
576
351
588
838
11
169
400
257
689
525
313
569
756
377
743
103
545
863
329
679
21
521
935
229
737
285
125
419
877
538
942
552
132
636
582
670
248
769
312
151
671
295
277
942
929
747
653
645
323
373
411
432
948
343
640
509
327
608
91
51
288
128826.0
602
246
816
923
390
339
741
402
276
210
224
625
333
630
671
229
180
758
587
250
177
877
936
982
154
646
772
847
822
491
464
630
494
443
398
968
600
682
791
29
311
252
335
992
163
468
205
544
756
647
165
900
717
204
351
378
664
459
977
76
804
460
922
599
42
112
500
153
751
473
549
862
679
333
842
338
121
983
280
657
868
721
834
194
251
113
296
760
774
196
51
264
586
832
115
523
409
173
457
11
234
748
58
803
777
868
392
183
313
506
496
644
717
461
521
34
412
828
472
683
792
870
911
961
304
758
911
915
458
618
928
308
359
841
551
908
520
289
303
268
938
709
613
907
220
492
239
965
848
648
687
183
551
528
978
189
578
107
156
508
698
413
58
495
518
485
354
154
427
593
836
687
42
946
175
58
42
859
638
465
637
816
972
860
905
186
727
826
33
690
918
980
301
888
878
138
740
156
772
756
508
170
27
852
396
68
383
294
476
604
743
742
505
284
930
369
737
191
188
196
102
305
863
822
60
772
319
569
369
185
321
225
573
809
395
535
171
980
846
362
235
99
846
150
994
375
899
708
24
692
289
548
466
293
677
511
225
974
492
580
181
985
955
963
945
893
605
403
667
335
72
179
550
94
55
360
444
410
432
107
634
35
357
111
211
652
636
718
649
176
965
632
249
166
511
221
995
80
346
535
705
859
405
509
392
579
623
644
654
555
216
155
966
660
903
83
852
75
485
208
674
787
811
561
507
802
489
131
658
543
798
972
475
624
50
442
913
365
240
318
545
617
870
938
982
474
792
206
380
990
281
885
808
994
41
594
56
682
899
314
629
593
906
803
126
931
490
666
262
100
176
288
604
415
67
495
702
444
580
340
521
968
379
603
865
873
238
143
876
547
526
929
455
78
809
782
39
34
47
637
395
592
715
437
61
794
720
440
698
689
786
231
333
528
751
325
89
980
475
354
969
12
935
31
591
205
852
907
765
124
552
466
229
482
132
144
158
144
1000
851
752
180
657
913
959
715
94
669
494
216
578
728
185
644
894
639
272
583
47
935
617
463
331
395
833
669
860
489
27
469
61
289
489
578
821
96
868
62
228
908
41
716
329
723
332
772
684
299
515
380
12
218
397
774
846
204
915
124
127
582
624
474
372
796
241
142
357
461
647
157
855
517
772
754
937
209
518
485
865
676
601
710
67
770
603
780
112
5
274
305
602
960
481
694
676
58
591
864
105
843
944
859
94
60
824
345
153
957
643
469
490
807
658
511
857
243
246
177
642
35
326
727
886
976
971
574
285
213
356
969
628
230
427
963
7
10
923
720
978
799
146
81
76
136
669
990
344
426
831
135
677
943
164
943
492
389
571
119
139
709
566
214
483
55
941
731
830
15
251
856
816
746
769
367
983
467
193
426
286
648
111
708
833
888
553
817
538
780
197
996
59
784
291
828
64
398
18
169
508
745
932
313
533
196
532
628
580
278
554
380
904
372
390
395
709
542
260
283
675
308
705
82
590
30
348
902
582
967
178
269
709
976
991
504
84
513
429
858
86
878
923
228
339
188
897
809
117
427
20
883
876
386
481
846
45
921
773
536
873
844
637
376
709
756
636
774
405
676
396
593
6
615
939
494
801
36
293
165
606
859
588
31
984
309
679
985
478
307
645
512
893
654
625
622
483
437
134
22
682
30
291
245
423
785
94
795
122
488
726
814
198
678
544
428
77
607
344
584
790
759
539
402
19
462
675
563
745
410
10
280
591
850
123
557
325
470
569
98
120
512
488
166
151
119
775
385
51
382
997
859
214
102
84
190
409
524
456
476
176
861
962
854
924
707
805
361
222
780
568
377
40
190
797
325
493
255
864
80
803
204
251
919
573
218
49
995
705
588
838
999
960
139
666
639
835
269
348
739
740
938
69
752
806
186
676
276
731
198
841
311
397
824
871
868
303
38
801
91
523
878
820
333
74
571
741
974
807
346
714
868
95
676
934
55
52
499
541
688
739
327
159
508
792
117
212
705
348
662
595
882
950
848
608
593
725
420
373
112
438
464
856
668
46
365
664
999
791
36
644
882
866
560
776
538
926
822
174
49
378
27
476
53
992
769
645
915
16
745
433
373
798
964
439
400
949
770
571
647
398
275
549
720
123
218
565
737
99
989
58
878
480
500
323
894
611
782
327
513
68
555
938
953
986
452
696
651
461
282
378
89
480
438
349
405
818
289
686
839
583
237
213
142
80
913
398
115
324
175
537
96
824
226
63
228
846
773
969
901
40
270
129175.5
504
80
698
8
716
916
335
626
956
446
525
31
935
525
228
191
749
614
708
582
890
512
197
301
904
546
247
136
267
302
994
488
217
906
636
880
994
59
861
616
192
441
578
557
661
93
604
961
845
977
605
448
859
554
194
190
306
427
210
606
452
735
182
115
406
971
749
327
593
416
591
563
580
105
846
730
130
175
913
602
178
922
818
73
556
111
17
189
635
71
872
253
87
81
314
874
9
283
715
63
270
888
121
570
305
686
952
226
450
57
488
191
605
192
751
75
329
347
842
458
964
819
37
557
631
929
180
102
697
772
262
790
834
833
506
311
688
970
822
58
181
693
236
271
646
738
502
212
67
533
904
791
828
736
908
429
763
80
414
688
665
512
729
204
714
286
193
914
657
250
296
77
120
601
434
601
394
337
436
701
976
651
102
74
391
843
560
8
641
981
95
979
849
740
461
657
387
310
157
294
9
80
276
974
635
601
999
210
366
393
247
26
495
312
95
42
57
159
943
932
313
168
796
627
636
225
783
312
50
128
605
939
625
285
313
904
797
857
836
304
329
797
820
577
999
359
885
832
289
677
170
947
862
737
147
565
885
796
439
821
836
229
365
965
693
966
69
86
815
589
499
806
493
515
203
504
264
655
763
450
255
18
546
754
353
488
82
745
80
199
635
387
662
572
788
144
740
922
382
369
110
169
361
720
142
443
640
405
815
324
824
162
793
316
203
484
602
571
780
886
115
208
32
884
998
644
682
737
918
878
192
121
53
902
584
576
982
368
467
57
709
387
844
259
316
296
618
915
639
127
172
764
16
319
471
990
882
602
963
230
244
327
461
959
268
807
190
402
997
402
124
722
57
356
173
748
55
901
794
155
60
192
909
92
92
460
751
241
801
726
592
771
713
136
299
453
26
17
581
468
735
204
849
466
565
519
583
20
550
767
851
642
580
793
432
100
253
232
524
319
171
884
418
574
846
549
734
907
710
594
945
325
541
981
207
285
258
190
551
717
991
742
653
969
801
653
587
114
861
421
383
371
977
743
18
995
679
119
246
543
63
175
612
691
992
994
608
795
25
196
863
449
95
925
157
920
795
23
255
976
305
513
953
409
936
744
757
160
81
770
454
231
235
286
642
467
630
94
734
131
915
913
610
19
615
379
211
33
736
490
226
343
252
321
239
997
156
542
570
231
356
743
789
605
758
231
783
103
669
75
243
657
822
325
932
873
771
538
757
831
752
655
93
489
489
32
328
685
271
965
128
616
108
643
612
95
751
342
904
217
744
971
249
44
151
627
829
616
587
187
118
651
443
803
268
907
997
75
295
944
307
358
273
660
562
895
160
666
104
615
142
202
210
287
110
271
315
875
798
23
849
572
259
964
636
58
912
717
896
348
759
429
708
294
901
645
29
984
272
630
652
291
935
448
285
115
70
913
777
222
935
803
934
954
557
597
793
593
695
710
242
539
617
739
640
2
801
730
336
406
513
734
277
360
366
919
381
905
589
815
449
143
446
601
966
48
131
789
984
139
435
910
85
99
382
942
70
501
591
307
779
331
277
954
229
82
633
183
850
303
92
82
519
673
593
544
721
50
528
682
128
522
942
128
477
252
597
64
612
460
867
957
33
402
60
672
492
520
434
701
900
538
774
994
245
159
666
651
902
787
702
948
866
860
283
738
64
667
58
537
925
150
387
530
620
307
184
469
800
327
414
134
940
294
323
806
210
415
386
697
99
280
952
909
632
800
114
86
956
302
314
309
69
35
551
755
258
478
133
426
677
819
810
241
546
614
660
984
238
245
982
852
630
72
452
911
771
735
415
713
593
207
579
253
573
40
626
219
295
336
621
205
75
34
52
490
234
370
499
381
761
436
32
957
686
248
184
800
678
943
748
567
156
562
76
509
870
62
803
758
582
730
203
390
477
202
237
57
980
685
349
244
55
954
732
411
250
59
111
319
893
672
992
438
657
283
474
1000
599
56
714
302
555
471
694
41
332
344
414
883
409
341
879
447
963
753
711
568
957
657
515
873
887
246
160
292
172
234
516
993
21
195
888
783
228
582
599
142
364
331
702
737
459
391
462
731
757
441
910
336
601
226
79
98
690
981
698
354
366
849
542
907
285
206
504
793
551
805
694
35
950
832
779
81
30
53
199
487
526
362
348
775
204
448
870
695
937
462
178
393
368
582
438
535
671
359
38
476
922
262
137
151
585
75
284
459
45
915
754
962
81
407
694
809
393
415
975
835
994
27
971
259
512
43
353
931
996
165
952
617
