500
16
126457.0
286
639
583
783
281
157
263
901
35
640
884
887
790
908
812
528
921
711
746
814
281
765
746
951
461
483
770
356
25
787
54
935
864
423
757
574
251
788
704
77
476
541
46
752
360
632
248
324
22
868
194
280
135
813
456
520
664
85
795
853
715
167
938
385
723
524
305
115
440
551
746
410
778
860
418
244
373
912
451
910
593
554
685
673
425
768
473
976
395
575
754
72
592
50
202
831
440
792
81
249
459
974
415
855
783
1
473
722
524
675
595
257
558
548
180
660
378
881
840
919
906
388
512
576
699
751
342
163
51
729
601
994
781
358
749
765
56
859
746
303
805
938
639
892
984
455
488
523
624
850
520
146
945
444
702
827
980
675
593
972
102
757
521
859
188
228
147
903
111
522
589
554
521
872
56
660
747
124
477
469
541
620
868
582
10
463
545
619
899
272
250
413
430
867
424
940
188
269
204
96
229
920
357
598
266
689
229
810
653
131
476
828
690
152
98
837
750
544
470
644
330
371
690
418
279
835
649
738
648
506
349
467
745
523
866
202
341
368
233
208
290
743
308
70
561
820
267
690
42
310
461
830
252
578
521
990
115
695
398
596
174
805
638
172
997
607
469
220
538
153
269
663
598
622
304
462
590
443
824
611
761
666
823
241
983
574
728
937
339
287
862
661
307
93
256
167
99
345
685
807
693
674
400
29
113
165
669
17
161
655
81
189
757
30
871
552
763
951
985
342
786
697
168
409
961
127
694
48
367
107
343
638
47
387
66
285
770
687
311
397
309
209
341
413
849
494
833
466
105
516
436
705
276
878
791
649
333
563
538
956
131
558
188
237
940
684
248
444
596
28
344
477
542
159
609
549
728
168
1000
108
909
703
881
132
630
104
860
215
420
354
908
245
64
293
908
54
953
488
910
997
784
607
67
425
538
711
372
436
888
670
95
438
517
916
845
493
82
634
124
675
839
725
293
15
951
902
300
106
854
556
367
764
830
786
177
5
127
136
576
710
679
145
456
594
889
629
528
659
921
590
828
181
483
941
959
137
970
415
384
970
357
434
104
148
550
493
277
358
940
581
479
222
287
578
326
174
708
907
427
615
766
592
261
689
510
917
381
571
899
524
596
32
728
794
564
102
696
756
969
520
275
820
971
665
756
137
465
465
187
719
808
513
540
703
511
114
978
316
920
959
319
850
750
84
627
65
556
642
917
906
11
488
409
402
645
864
58
693
372
615
940
888
576
685
989
280
43
667
26
685
104
13
38
411
908
181
589
425
1000
153
66
889
616
872
925
755
728
714
942
458
759
712
748
613
86
204
224
527
59
286
294
162
262
253
105
446
876
999
981
502
335
564
644
837
425
543
985
676
378
826
113
952
650
405
614
278
769
172
922
239
568
443
159
529
482
937
884
338
40
594
357
265
156
768
600
977
527
128
611
746
246
136
143
74
22
985
688
63
363
874
733
917
163
667
500
141
294
635
385
690
404
779
731
133
330
366
997
861
727
662
147
793
635
976
541
96
50
515
176
452
753
248
854
233
231
77
291
453
251
232
709
298
954
248
383
77
772
383
207
410
7
335
711
928
32
69
679
456
242
369
209
403
774
14
373
191
188
111
965
547
724
147
253
597
854
784
107
747
852
659
928
113
70
279
189
678
451
472
724
290
973
530
486
926
136
603
819
830
927
465
709
220
515
858
87
615
794
103
523
747
675
444
525
484
110
870
477
736
515
334
949
761
301
658
209
28
48
762
530
849
569
26
272
777
960
114
895
765
582
820
149
403
484
450
31
563
292
32
180
1000
455
420
283
283
822
811
447
660
628
890
736
55
200
378
788
402
439
948
960
383
77
461
196
660
487
918
323
762
963
921
894
532
664
511
943
873
347
300
433
998
157
57
70
859
509
304
989
697
661
707
644
94
292
743
5
823
874
511
316
636
844
847
596
737
939
550
428
306
607
950
778
649
866
638
767
996
341
960
16
819
68
144
86
239
718
931
16
992
227
900
925
394
515
41
623
672
89
236
675
252
226
824
431
838
504
852
886
289
388
487
291
877
48
43
562
502
809
83
874
202
76
451
303
448
681
664
467
79
469
80
340
281
904
348
852
761
798
305
105
860
20
102
365
756
466
505
415
25
661
497
222
161
68
652
301
637
255
217
350
182
432
583
786
644
596
285
871
663
558
207
100
37
628
80
432
378
286
845
615
535
616
567
471
156
10
903
895
494
598
966
485
318
640
40
971
902
504
554
10
7
754
415
690
159
562
864
411
10
94
278
125637.0
692
126
954
858
284
568
279
413
604
948
170
353
281
98
13
315
218
960
290
652
726
143
980
218
318
370
351
38
769
805
417
103
986
390
787
842
495
693
94
835
261
872
295
21
901
429
848
970
772
195
354
390
451
662
366
624
311
284
743
626
481
529
978
491
260
607
116
886
829
777
616
192
867
418
333
517
496
685
387
729
336
858
151
489
171
732
132
953
971
195
874
472
664
100
253
577
439
225
118
513
653
641
584
369
721
879
513
331
17
907
82
15
386
935
340
600
341
700
329
766
781
985
616
267
42
441
501
963
780
8
151
108
122
339
931
392
48
646
219
223
639
847
406
653
310
641
557
523
529
332
25
522
348
348
265
364
954
641
508
900
798
103
438
531
941
819
700
955
695
33
666
7
969
562
42
312
756
757
86
238
754
586
592
216
168
412
297
664
406
247
811
600
371
846
292
60
824
843
705
761
608
521
805
540
764
630
929
130
228
750
336
365
682
379
401
977
878
695
431
785
340
777
419
941
681
476
488
526
66
524
993
378
517
219
773
994
340
715
23
303
991
852
641
855
509
618
168
740
357
963
531
236
762
382
492
374
212
320
649
601
150
853
231
179
363
522
109
901
211
901
233
108
420
985
382
990
720
201
54
51
515
456
965
166
803
793
593
638
494
920
492
973
552
224
433
143
387
371
26
733
110
74
902
250
834
929
398
290
104
869
292
150
391
692
695
746
50
101
833
126
691
521
407
733
758
590
798
511
722
701
298
843
754
910
347
522
642
501
581
948
811
16
879
952
164
443
771
995
695
492
873
182
465
605
216
731
635
778
323
744
784
539
809
234
485
537
400
757
155
526
905
613
952
4
360
102
725
908
735
106
640
855
666
841
517
64
563
469
840
563
479
568
198
673
820
730
512
703
289
568
16
445
25
143
966
718
697
178
353
65
873
598
740
815
463
944
245
155
961
325
145
846
284
254
184
103
142
837
383
192
95
543
17
471
881
518
713
448
931
40
541
392
888
366
716
541
71
453
549
933
854
812
221
531
36
348
966
896
978
475
409
888
426
840
276
455
762
707
519
223
857
183
109
111
108
283
57
527
893
255
95
359
754
10
344
286
232
947
873
401
806
754
312
307
829
252
92
970
335
666
766
509
491
581
654
913
249
128
731
508
925
651
109
816
37
928
158
883
334
569
488
236
847
550
420
658
283
442
400
296
725
289
933
792
439
559
885
81
78
441
33
871
711
780
326
143
540
338
435
614
512
584
372
871
562
136
51
26
575
285
635
259
575
884
616
624
398
341
918
564
286
700
391
970
619
918
981
436
182
976
163
560
404
442
70
253
265
507
179
564
681
112
646
509
580
835
359
214
891
861
270
377
871
280
364
951
438
923
802
616
485
420
326
406
600
924
339
801
882
260
745
833
933
279
579
63
262
923
472
4
163
666
676
466
786
721
482
327
313
90
719
379
853
914
69
528
324
217
701
187
138
571
342
747
862
105
892
625
494
312
985
175
359
147
768
759
173
253
596
880
364
414
302
23
501
280
403
120
301
571
37
162
583
187
674
394
897
350
759
534
760
826
907
678
604
267
89
175
692
732
504
376
728
851
151
89
790
69
802
407
326
636
155
702
61
78
297
540
152
384
676
315
453
461
26
563
38
757
877
48
933
209
535
694
13
427
176
81
578
770
75
667
921
195
867
716
610
101
557
132
355
308
727
900
174
785
316
533
553
578
195
216
433
461
682
88
15
347
799
470
268
310
623
535
110
952
176
218
829
294
287
723
701
502
951
439
426
693
153
872
575
225
624
971
469
268
718
897
612
335
615
314
600
327
50
466
305
821
514
763
790
815
476
286
271
616
168
745
635
736
456
915
880
435
965
185
714
283
764
737
762
827
146
99
814
425
803
465
505
756
217
978
390
137
793
422
104
490
589
356
965
214
240
950
827
229
820
510
637
645
155
599
408
560
68
753
605
601
95
39
720
456
79
37
835
14
532
279
296
457
617
746
894
158
802
138
404
331
383
397
41
161
302
184
515
76
140
831
186
919
193
121
531
214
724
314
244
464
546
568
418
102
54
233
949
546
886
210
683
698
402
188
645
853
768
420
658
521
638
965
882
780
421
917
550
843
822
290
535
469
483
941
676
296
351
441
659
803
248
332
901
785
393
135
642
520
176
424
562
6
903
208
351
262
966
796
352
313
289
330
639
17
532
981
29
853
417
391
121
605
821
545
954
895
434
44
824
106
436
586
504
522
475
31
763
334
749
466
334
839
129940.5
515
303
850
540
42
379
70
307
865
927
715
973
332
839
230
828
815
115
893
493
630
161
354
291
443
250
958
759
186
322
629
430
913
435
23
719
935
708
52
103
33
881
470
41
816
731
383
824
331
864
966
302
686
345
527
425
488
681
344
587
287
44
708
387
289
647
443
198
929
871
560
693
758
983
707
291
667
478
923
947
733
361
370
691
492
368
246
193
879
853
897
607
466
551
990
402
638
631
786
873
44
642
80
591
46
205
26
978
739
972
254
998
167
298
211
513
787
934
879
211
927
764
348
71
756
230
977
389
163
402
673
530
133
615
821
436
854
10
145
728
88
294
653
172
695
229
82
437
536
201
886
847
680
73
219
809
255
540
270
290
121
306
686
536
859
732
53
366
505
158
483
332
174
365
122
152
625
343
394
380
201
531
926
549
342
466
965
244
237
105
846
55
558
963
129
916
972
152
169
232
28
172
975
797
290
217
797
651
405
572
197
976
387
685
465
200
303
339
610
759
905
575
430
34
416
797
971
170
126
747
154
888
819
909
728
298
756
673
104
611
129
380
366
565
531
501
53
43
226
627
64
686
535
840
406
571
566
276
865
891
421
824
653
413
346
972
536
337
415
3
320
454
496
198
981
95
517
858
602
509
617
378
838
548
883
508
181
483
501
788
525
105
26
474
918
833
220
604
125
317
88
237
250
535
635
212
785
117
397
934
364
71
65
458
991
3
408
960
481
255
149
483
562
131
622
523
211
241
713
479
644
738
651
964
105
350
920
51
259
271
619
790
373
555
724
986
112
344
918
12
266
854
917
117
104
635
542
799
135
179
849
906
964
639
593
147
344
976
221
241
946
294
865
49
280
24
708
233
873
428
523
770
139
388
680
808
26
926
648
965
862
919
388
684
565
468
949
81
819
434
972
945
421
847
375
342
378
607
912
40
339
720
668
719
280
436
553
395
81
902
899
784
970
868
217
995
741
676
10
780
757
387
787
64
8
324
855
471
86
458
664
395
287
537
785
631
259
391
14
185
599
943
227
881
141
597
395
595
697
992
194
627
893
134
518
244
438
157
385
829
920
237
821
484
526
996
372
898
276
700
972
65
697
930
477
415
230
731
633
970
526
155
227
828
652
520
990
785
809
54
179
18
43
478
626
651
532
163
875
433
694
145
552
423
598
573
712
465
188
732
79
10
874
54
905
684
343
535
267
331
324
742
940
862
951
843
764
526
958
941
544
477
188
200
851
369
555
384
262
38
453
138
131
975
627
132
291
958
678
30
54
713
175
884
165
962
379
892
554
925
853
239
188
322
912
307
397
375
916
559
554
826
761
770
992
162
141
357
855
315
534
401
299
123
476
87
605
209
497
359
200
585
953
44
150
491
786
77
912
888
982
784
272
577
880
479
278
129
524
718
541
219
780
807
79
216
322
96
100
372
931
57
170
553
645
259
403
415
218
114
563
168
535
988
981
407
968
677
910
394
598
519
528
141
928
498
632
218
301
900
512
810
14
953
361
526
174
970
535
324
792
499
150
607
406
349
809
174
115
874
45
794
309
501
862
247
331
884
148
280
48
275
674
813
174
889
441
436
708
576
603
909
496
619
474
678
682
746
270
356
404
124
814
886
435
913
243
19
958
315
683
303
260
436
579
901
731
81
685
949
272
489
343
344
905
224
478
36
900
664
902
516
726
815
986
854
847
655
430
640
978
570
936
345
568
789
45
292
455
346
355
781
584
645
21
711
135
222
96
935
925
377
864
806
780
407
335
75
242
840
572
690
771
361
825
449
811
468
14
64
634
117
806
421
161
118
958
636
856
932
626
502
503
151
298
454
137
799
950
708
185
576
784
286
14
732
763
849
497
310
916
257
45
167
248
608
842
456
458
95
525
274
649
412
406
411
974
88
816
449
709
803
423
748
178
627
366
7
796
199
223
633
344
102
879
894
965
385
455
271
157
923
997
681
44
319
794
220
891
542
434
766
688
543
620
203
506
529
84
9
707
501
136
837
221
545
769
230
13
518
850
996
402
676
561
685
547
195
493
222
741
782
436
361
631
816
955
619
671
257
687
168
258
777
503
530
318
289
46
806
806
63
420
239
623
563
961
850
902
120
169
896
666
346
767
80
441
97
722
218
76
547
519
244
977
228
738
105
205
782
820
794
561
555
634
265
7
826
714
657
479
488
423
831
790
718
440
106
813
815
741
135
410
197
1
394
517
106
94
206
675
517
614
656
569
146
619
780
483
498
239
72
491
297
960
649
839
788
84
194
121172.0
122
112
686
441
853
621
936
109
614
535
19
572
706
411
33
765
13
180
563
988
878
431
957
952
605
820
626
531
458
92
941
760
34
936
417
354
529
90
387
127
410
211
336
449
753
151
627
161
655
88
198
16
393
502
467
369
595
574
259
162
752
838
40
927
977
45
233
26
733
959
436
918
649
201
41
3
956
352
830
565
993
282
684
517
81
765
279
815
315
827
951
124
194
328
865
247
725
508
849
565
285
587
278
51
741
60
130
205
846
573
782
693
612
658
407
926
435
949
936
440
393
932
44
319
921
43
175
578
444
857
572
769
486
927
149
206
172
692
334
963
616
199
358
543
17
156
170
416
224
653
834
217
585
301
241
98
85
227
258
976
172
903
465
72
158
690
864
261
516
61
1000
770
574
60
163
609
4
679
894
563
95
546
93
849
641
953
580
225
307
122
670
861
224
941
940
662
832
202
15
715
827
615
543
892
698
40
451
124
393
623
852
647
60
872
975
91
610
101
488
836
207
481
689
523
464
474
744
105
188
169
127
465
216
299
267
345
268
643
948
392
834
142
664
269
93
884
9
49
248
553
659
181
26
830
162
429
262
720
287
585
360
574
66
903
508
212
921
835
512
945
941
322
208
101
876
569
26
404
685
9
620
881
440
721
177
471
849
962
924
344
720
847
655
965
965
845
353
209
260
186
539
824
176
236
32
210
566
415
19
137
524
971
822
368
541
910
415
412
716
130
333
526
595
589
378
327
735
534
12
237
927
606
396
989
605
887
38
217
568
713
50
97
910
716
898
512
455
326
571
161
96
414
468
44
489
835
31
555
252
225
502
108
785
50
324
629
836
323
670
959
262
830
492
260
509
884
953
842
750
481
742
251
858
121
479
662
740
390
220
303
7
760
798
655
466
375
903
484
824
282
965
71
364
929
738
829
322
659
702
895
744
381
720
655
808
533
909
405
995
3
233
55
434
418
323
550
74
354
822
755
5
291
127
107
511
584
496
173
529
421
512
430
228
921
543
332
348
529
421
2
802
429
958
414
889
916
113
596
48
33
301
696
318
733
715
861
79
42
723
194
481
150
545
813
798
792
566
892
423
700
215
871
792
848
203
935
36
231
145
801
341
271
583
416
412
832
626
877
579
784
142
223
236
738
397
153
327
200
711
607
633
364
769
902
283
457
429
378
106
857
917
365
577
300
416
786
33
53
345
928
248
310
383
468
481
390
955
485
505
493
75
869
364
48
411
765
46
67
94
625
633
470
890
259
41
747
848
24
564
317
395
893
91
134
429
232
768
736
405
328
640
182
982
320
295
859
133
692
536
88
764
392
139
936
187
898
41
318
907
699
58
754
918
237
801
862
360
817
194
325
653
264
283
268
72
271
877
57
594
795
202
594
222
293
670
384
508
108
219
985
911
639
692
711
112
427
879
796
872
326
522
523
205
843
356
506
440
669
587
285
841
32
923
490
467
356
923
400
889
183
320
578
582
511
378
45
799
364
913
709
858
779
128
286
247
633
318
907
224
995
376
646
319
170
297
977
135
467
531
868
381
679
241
144
139
228
257
148
352
650
42
337
601
12
147
921
924
765
683
643
744
739
987
413
898
872
275
276
171
884
67
206
101
628
95
959
540
427
985
509
82
800
470
780
946
441
665
654
992
684
370
372
23
456
693
538
439
343
731
337
467
137
410
209
657
784
309
51
687
657
640
106
619
55
748
441
363
287
995
176
123
287
953
462
495
121
311
229
354
793
658
834
293
487
564
620
533
811
270
329
946
260
42
918
943
500
953
161
36
443
831
222
657
517
608
771
486
745
64
948
538
639
426
872
793
660
406
534
217
920
722
646
824
779
388
983
557
374
590
924
442
396
145
762
69
777
227
542
374
639
310
536
49
910
636
480
248
663
858
567
379
887
197
399
911
212
694
744
312
117
913
822
3
151
984
228
770
969
734
755
895
674
192
880
666
548
987
392
59
278
183
82
276
337
244
839
522
929
920
482
695
867
625
426
129
367
589
702
928
511
371
561
897
232
855
383
299
96
458
230
694
672
544
304
43
256
10
930
445
181
66
822
347
121
422
100
780
499
766
756
313
918
645
119
890
334
305
976
355
649
472
254
124
265
148
35
30
192
359
447
291
152
182
649
356
543
398
860
517
739
544
932
910
624
91
633
631
158
889
905
857
474
442
123
404
192
41
816
230
816
670
881
153
710
83
111
163
876
888
469
398
69
526
387
535
760
661
616
767
645
56
148
578
92
963
689
439
602
559
898
124033.0
719
418
655
928
743
944
968
899
457
82
609
561
964
261
692
721
77
355
239
320
392
151
483
335
715
2
571
454
291
288
603
445
498
196
90
384
111
351
645
876
13
855
693
997
107
463
151
699
345
956
827
472
824
433
912
568
133
48
703
290
43
133
638
417
673
817
123
455
464
474
504
590
131
951
840
826
107
565
420
188
395
898
920
259
319
91
13
291
489
797
253
957
557
392
396
644
859
143
431
153
851
753
36
26
822
470
255
295
359
369
341
352
436
300
743
32
222
125
902
120
792
203
763
444
312
621
720
803
506
161
747
192
223
500
82
480
157
92
297
25
347
39
697
582
441
700
544
773
891
178
476
927
93
863
358
686
411
23
877
624
566
857
84
890
578
926
286
603
875
368
901
416
117
951
817
183
955
438
683
946
829
688
440
521
379
137
910
848
14
50
399
994
441
368
510
132
544
812
954
788
506
15
529
512
345
259
13
457
708
84
905
563
781
595
857
343
484
922
536
168
767
101
284
495
675
825
698
901
954
198
1
484
136
11
286
474
29
738
402
293
104
32
347
616
807
916
779
624
752
419
318
772
800
1
936
695
690
494
494
757
742
913
879
692
923
245
943
92
887
926
932
851
106
526
30
233
918
623
28
507
790
207
806
852
579
95
286
900
649
483
359
322
29
823
257
262
282
241
297
373
5
995
779
763
981
483
226
722
161
75
642
54
477
973
206
159
956
939
555
749
65
745
869
899
217
914
90
952
608
326
713
887
511
31
758
801
101
542
347
779
286
156
556
362
286
848
591
273
101
524
821
21
994
428
158
521
679
313
2
53
718
769
234
473
436
568
396
807
231
11
500
478
382
231
485
493
539
964
384
813
968
631
992
88
19
730
238
345
767
383
136
987
497
71
307
86
633
932
104
586
18
207
227
559
563
896
424
993
156
225
766
197
668
630
418
862
247
487
41
206
36
922
151
768
750
720
497
232
746
644
733
630
518
505
708
783
165
429
623
798
523
167
728
534
280
813
112
536
645
942
409
228
800
455
757
280
102
991
982
88
933
671
467
626
219
941
285
297
275
127
179
709
351
603
775
999
657
759
702
577
112
803
744
243
950
494
623
551
535
878
782
516
781
238
851
626
585
204
437
740
935
412
968
480
45
779
378
637
83
309
87
477
863
447
917
189
668
940
935
89
940
173
528
549
489
442
697
682
728
156
163
308
492
615
850
840
772
562
281
933
769
270
64
213
410
295
265
377
4
368
19
26
309
132
656
62
216
587
65
884
544
919
406
811
407
784
287
29
570
609
725
770
348
816
781
713
412
190
857
424
577
564
539
859
785
403
781
733
356
561
660
268
745
931
679
444
820
505
128
351
132
562
601
44
169
317
399
111
140
359
485
404
705
971
874
511
262
275
688
493
924
799
21
255
575
279
272
90
3
326
910
476
65
845
218
297
867
935
781
922
888
657
935
245
837
678
555
481
455
327
111
59
946
391
246
882
588
940
71
402
383
434
184
540
708
245
941
950
311
49
994
68
245
220
836
45
700
175
717
237
53
964
974
240
711
836
99
827
322
84
9
956
30
317
889
661
968
146
96
537
769
193
863
712
756
777
892
75
321
963
849
309
946
92
192
223
488
997
107
972
466
502
747
171
180
879
393
783
173
383
320
938
119
647
216
671
379
795
656
723
764
366
527
434
353
209
283
237
944
173
183
803
486
434
823
209
216
85
6
190
505
289
984
445
282
897
688
828
484
657
251
850
534
273
990
421
994
778
251
80
362
450
218
182
69
676
564
245
992
708
688
900
923
691
761
248
96
504
74
570
47
457
229
333
919
789
563
169
687
333
654
771
464
336
982
171
235
738
951
232
921
868
570
578
137
217
21
916
303
556
472
421
757
341
687
26
24
70
609
979
981
367
31
442
351
975
149
123
624
798
468
814
827
68
349
325
802
539
331
661
992
57
442
773
76
599
39
215
70
407
879
806
198
319
181
394
715
838
660
476
63
700
192
716
986
472
160
393
87
952
142
652
493
732
977
148
307
212
334
255
347
50
851
592
151
212
644
624
945
21
325
345
645
607
56
36
95
974
317
463
487
734
402
319
996
635
244
918
775
721
229
679
896
507
925
894
985
962
167
134
841
563
38
100
105
421
84
916
493
341
678
568
165
99
440
491
499
553
406
461
290
802
418
390
122
955
742
953
550
651
662
211
8
680
575
163
873
423
576
856
8
88
886
536
654
378
766
738
57
275
872
23
842
452
590
727
985
754
22
298
118976.5
819
207
304
732
196
106
678
441
381
48
235
516
862
150
421
822
324
846
623
5
468
435
400
978
135
356
683
150
60
368
667
333
125
623
560
132
414
679
534
313
204
702
1
382
926
337
315
627
235
340
968
782
473
439
70
467
433
829
363
938
251
340
923
442
884
772
232
4
260
827
379
243
628
982
276
137
352
763
798
49
420
339
887
922
721
158
46
529
84
806
164
439
519
154
262
875
451
244
24
645
598
199
322
611
904
758
685
151
223
795
903
806
710
120
167
580
723
912
116
133
778
261
397
873
218
571
421
179
908
788
76
954
7
979
598
625
767
672
463
853
779
611
15
315
461
112
958
941
733
668
749
372
594
732
132
991
215
891
495
974
757
824
143
265
923
927
284
663
574
769
978
259
424
538
838
299
275
31
142
62
339
807
70
533
516
891
103
578
521
253
49
521
821
939
501
250
820
648
489
180
193
673
93
209
924
263
790
845
707
151
169
415
31
142
187
424
629
847
879
347
785
944
835
215
936
672
414
931
925
53
901
696
598
991
222
872
237
637
192
972
73
648
728
930
618
34
61
603
597
927
601
442
770
865
7
980
475
895
22
834
237
585
133
551
128
336
450
14
369
559
345
767
765
375
175
227
891
527
548
302
649
816
720
664
445
815
826
696
416
266
30
350
14
510
499
169
645
229
697
655
285
151
332
952
52
732
51
654
749
151
887
352
788
177
172
243
804
122
366
623
229
735
602
210
601
709
134
537
314
949
73
602
318
620
549
526
839
685
405
937
51
756
203
202
448
121
126
272
521
404
121
152
739
822
618
69
762
683
592
591
717
749
812
793
919
766
78
150
648
468
257
182
516
791
242
281
529
284
644
687
786
608
763
93
623
600
195
745
226
812
653
698
505
364
806
51
502
643
747
563
696
711
904
55
309
995
689
94
738
704
731
747
292
147
736
772
162
650
878
833
186
983
604
414
587
434
525
563
889
275
479
510
666
861
683
109
110
636
740
73
167
743
508
136
769
98
433
233
104
532
572
548
340
724
770
727
496
298
482
420
381
445
877
187
727
195
94
506
690
884
365
443
651
530
938
139
758
800
123
42
103
839
233
840
562
388
800
537
112
221
601
810
299
657
546
340
211
310
630
140
589
47
311
494
715
990
370
724
897
269
291
647
634
759
788
68
599
645
450
570
631
789
326
408
166
768
443
594
662
616
1
410
534
878
14
845
528
797
251
584
839
196
112
312
805
80
411
809
264
268
865
759
24
803
887
153
752
320
123
76
472
321
729
132
208
165
323
87
947
773
67
11
428
305
765
565
653
108
23
53
552
797
516
397
947
1
749
470
491
687
209
502
463
692
298
220
469
329
834
663
597
904
553
918
17
803
425
865
781
696
636
187
664
602
337
324
510
200
874
33
54
554
800
10
594
511
995
204
703
470
39
283
108
482
185
549
59
194
22
247
559
405
509
297
907
581
473
610
665
570
935
374
578
563
406
385
975
43
358
65
469
982
52
649
320
334
483
75
115
945
505
804
787
254
720
826
263
349
32
229
398
2
118
166
375
433
945
123
133
15
671
210
172
456
160
218
771
788
119
30
307
978
185
676
482
579
590
405
375
595
900
479
863
911
834
412
153
904
64
103
838
448
767
163
46
542
357
56
805
62
981
113
935
730
960
145
956
67
799
981
71
616
512
734
815
434
520
820
586
256
508
373
365
475
972
440
36
567
289
492
808
870
862
17
293
218
645
123
356
419
462
797
889
126
735
221
395
749
862
715
136
444
675
974
150
992
621
770
386
535
560
672
627
631
402
58
288
558
836
463
30
89
325
691
170
886
139
106
307
61
246
21
172
433
286
629
491
997
520
46
17
417
529
954
746
957
867
539
176
81
548
790
521
393
569
335
534
626
124
707
931
60
833
821
269
598
250
749
760
55
767
41
788
110
513
147
182
670
673
703
466
22
471
581
351
643
100
216
58
776
915
303
829
887
811
536
552
975
472
695
664
699
342
102
868
352
36
75
137
901
801
610
380
954
54
575
407
333
24
82
606
175
317
220
373
399
451
481
438
442
211
293
613
114
682
335
125
911
869
76
38
971
66
172
538
227
73
797
497
155
219
534
727
218
930
681
191
265
301
710
233
415
37
195
229
321
348
948
44
539
523
418
836
34
294
168
67
309
182
276
649
596
714
814
954
671
311
504
345
751
853
821
489
674
399
503
203
235
721
36
443
848
395
640
585
928
121
874
470
928
536
179
163
802
800
204
771
979
196
461
123309.0
509
81
538
975
191
424
369
597
651
662
734
768
919
281
169
575
747
591
309
872
423
330
235
317
77
362
458
370
1000
898
609
877
336
367
774
794
593
624
178
856
742
302
229
651
232
768
151
169
534
650
168
87
450
828
97
287
861
703
502
914
611
722
754
624
787
648
44
285
434
750
30
919
619
629
692
566
56
65
165
948
954
638
825
216
479
434
328
387
883
69
888
295
941
651
778
48
155
174
586
441
113
840
222
365
557
965
497
553
487
225
876
350
338
717
154
433
407
802
304
360
71
529
908
788
538
186
200
628
198
870
876
332
623
358
820
581
334
789
631
678
445
740
497
578
283
150
609
701
555
284
697
477
721
769
598
990
173
96
213
450
847
940
365
585
373
594
549
737
464
312
764
260
362
956
43
6
355
780
795
361
787
476
618
209
835
417
479
957
494
486
623
888
300
460
208
754
396
20
765
87
992
653
915
636
348
306
437
833
118
772
801
17
164
724
516
262
295
350
793
505
85
722
217
593
315
881
386
759
226
364
500
247
66
20
271
95
541
253
868
278
107
934
852
745
211
127
207
508
851
662
979
612
97
84
300
283
64
760
329
646
726
484
936
966
704
581
145
812
509
651
469
919
360
596
554
846
920
954
515
73
680
485
109
872
851
357
525
687
498
406
534
228
941
76
907
921
805
130
515
307
926
851
219
402
478
126
77
67
751
143
212
823
514
31
450
847
808
219
413
731
772
744
140
915
823
569
479
577
232
277
369
706
747
373
716
428
391
246
610
670
926
805
818
778
908
379
398
573
718
207
281
576
274
297
267
210
114
758
978
132
127
952
24
583
244
298
390
988
617
534
204
231
306
98
807
359
623
27
275
278
957
687
980
919
323
338
672
365
790
644
609
424
739
841
912
497
73
982
954
237
231
797
95
653
525
320
491
734
657
666
774
370
449
675
990
204
170
914
684
302
925
39
200
193
434
463
252
299
176
904
954
205
897
470
208
409
449
35
31
798
727
928
66
242
547
76
416
195
20
495
522
864
921
221
322
739
957
562
610
211
809
656
43
238
734
792
67
487
134
162
48
630
773
282
137
316
113
8
695
50
422
552
408
995
524
284
931
499
849
53
925
444
788
570
113
179
900
696
555
983
728
156
975
650
237
181
667
576
756
863
291
908
152
804
168
849
985
755
613
573
94
696
838
626
410
775
929
595
944
60
880
687
939
163
428
446
372
33
711
507
266
252
920
886
64
330
467
496
63
389
196
289
687
764
491
378
345
541
484
415
322
744
813
467
893
404
518
147
914
658
408
879
4
984
765
262
770
590
815
73
337
713
39
906
59
18
794
94
853
584
488
475
466
526
450
147
146
486
285
157
733
715
623
703
119
371
166
326
306
774
512
901
218
170
690
782
992
483
593
371
841
880
717
911
41
781
676
753
571
687
860
43
76
282
772
662
515
533
946
618
599
555
651
585
650
84
243
563
449
682
844
327
563
664
214
469
762
376
120
661
196
144
27
680
434
684
131
854
170
646
287
524
29
83
966
687
615
674
707
498
189
664
683
268
37
740
389
939
350
577
401
470
249
52
299
25
795
510
239
824
993
593
863
272
157
905
626
506
9
198
546
513
538
555
496
203
194
45
932
231
69
664
58
359
453
488
201
418
483
932
77
622
588
793
367
972
15
549
73
904
324
404
985
833
213
568
942
947
441
256
457
664
784
23
673
922
57
536
453
530
385
650
519
553
333
377
638
146
790
131
952
504
799
794
435
628
504
805
395
50
470
877
80
724
73
628
518
794
556
911
55
366
671
408
776
441
621
442
390
484
360
885
913
858
779
713
173
946
424
522
436
259
175
970
297
286
365
208
920
472
564
52
993
682
199
497
909
96
296
42
34
524
493
134
529
769
744
886
496
806
493
895
560
793
82
201
142
576
778
858
448
62
492
637
649
515
450
962
511
353
485
466
14
158
480
340
657
62
642
675
581
596
628
451
626
334
490
298
522
611
659
1000
61
690
582
634
96
829
177
316
430
718
640
964
810
34
950
920
766
464
165
197
725
553
434
407
358
280
379
830
145
99
130
181
359
115
3
17
740
996
834
267
842
129
738
429
660
68
57
713
51
648
568
828
264
502
692
767
816
46
744
397
309
563
418
628
171
890
666
499
691
217
558
94
694
573
126
248
936
283
832
754
421
31
195
522
426
813
303
372
403
489
195
424
873
165
175
491
785
625
435
473
408
518
903
509
867
980
697
533
326
537
524
260
173
691
145
977
420
514
122406.5
222
673
639
772
706
804
847
399
167
218
923
961
97
566
898
430
468
108
598
153
306
144
616
997
809
230
931
985
254
338
687
170
854
409
815
916
513
240
257
201
426
23
765
310
886
263
515
40
184
311
47
458
869
152
891
154
944
373
96
302
899
979
532
715
915
97
753
874
331
961
687
450
607
720
105
774
352
725
185
549
35
798
742
45
82
804
614
895
98
452
893
936
449
330
345
563
674
942
930
828
530
670
879
383
593
783
312
276
748
616
451
762
657
979
731
70
658
476
769
200
25
921
177
602
972
151
186
924
965
885
743
564
965
259
57
11
884
405
933
893
557
663
639
439
401
419
802
116
348
995
538
889
129
856
333
6
575
756
301
141
631
908
651
476
245
246
87
139
112
985
606
1000
378
408
683
422
795
393
365
103
603
661
342
297
109
645
86
95
219
585
198
789
263
569
945
256
452
966
346
852
282
717
294
911
494
819
421
932
276
445
809
917
860
949
916
179
983
342
213
372
381
542
348
353
466
6
525
577
132
77
407
622
439
182
701
800
513
538
186
126
572
565
513
983
348
941
299
176
460
695
17
601
871
481
865
305
682
170
259
914
467
123
609
531
731
422
913
376
927
595
212
924
28
754
303
422
162
187
970
184
163
444
753
101
725
34
151
251
780
522
356
173
320
443
560
934
917
561
502
660
231
405
409
111
180
24
631
518
426
69
973
604
187
204
618
560
551
232
630
125
554
900
105
384
300
220
8
58
349
859
397
104
206
917
157
855
619
480
597
46
979
800
902
579
989
764
481
196
644
419
606
336
863
368
205
317
540
827
596
403
628
744
600
90
456
823
214
643
799
120
833
493
464
33
257
806
239
175
736
419
308
656
253
377
177
750
736
212
565
60
45
508
20
115
598
984
961
19
257
805
747
922
51
44
703
419
97
415
851
93
383
26
589
518
366
216
674
711
238
729
510
394
388
667
173
943
150
716
207
157
682
38
900
100
589
394
617
238
758
672
65
719
341
577
727
112
865
298
645
755
799
625
297
964
73
754
245
47
695
560
183
989
471
913
39
423
471
360
359
346
527
376
163
599
215
534
856
173
205
44
821
327
102
491
912
582
24
987
86
364
958
486
282
182
265
797
503
332
749
407
543
11
958
268
738
560
390
774
631
453
21
544
558
246
915
867
229
900
521
927
161
445
350
605
868
838
698
966
23
312
146
132
154
174
765
690
462
359
7
319
592
876
6
776
450
969
891
866
737
133
633
14
530
793
669
824
718
995
74
590
379
696
83
641
615
277
811
497
178
868
29
120
477
727
94
656
962
719
787
450
877
443
323
804
481
1
51
90
661
6
140
584
239
161
172
534
795
193
730
363
178
246
800
997
574
727
516
893
885
941
991
199
639
804
355
507
249
643
575
162
926
653
596
270
761
781
210
51
60
116
218
855
459
126
590
995
221
901
71
917
613
495
219
38
767
803
514
121
323
515
328
883
547
512
377
11
598
357
59
176
825
875
43
194
151
525
943
68
297
227
532
66
346
327
708
888
660
325
213
939
598
538
703
39
355
853
197
341
18
322
285
625
952
624
668
589
545
421
601
544
902
830
702
575
493
557
925
285
325
240
164
261
162
68
577
205
154
433
95
804
720
252
18
200
321
855
37
697
887
915
772
763
396
908
626
343
667
987
980
751
710
160
577
411
320
215
494
386
735
396
237
34
200
458
154
632
593
950
298
650
927
539
240
283
20
796
467
145
572
109
360
808
327
894
602
142
257
68
877
265
935
733
546
863
467
180
847
28
314
483
833
680
548
514
346
736
166
95
739
799
473
146
603
711
559
704
546
43
316
278
708
239
975
492
4
274
548
297
194
678
837
796
573
738
730
560
219
253
914
723
19
52
564
969
815
601
5
597
445
36
613
515
886
165
157
757
709
741
146
18
233
103
315
892
636
294
749
871
826
897
949
622
700
535
506
308
259
796
341
435
289
606
333
694
750
1
42
497
676
466
195
796
166
820
925
714
731
845
508
980
768
80
705
267
237
673
665
356
278
893
548
597
675
962
555
427
195
912
226
188
665
411
702
73
82
228
456
318
373
162
767
358
649
582
748
601
713
570
15
623
385
874
511
667
689
444
742
668
300
31
318
979
849
691
568
192
279
326
493
334
903
777
314
85
508
918
659
472
714
425
22
266
398
324
404
351
527
229
337
856
528
269
463
464
426
885
884
316
560
510
139
616
805
526
81
603
118
689
604
278
631
627
314
117
82
309
343
18
186
998
121956.0
456
894
881
461
231
952
760
593
765
785
491
189
41
362
90
747
860
809
72
838
226
269
527
693
889
236
557
364
360
859
931
574
188
109
922
876
972
395
708
368
82
663
837
739
4
717
731
85
954
365
487
23
874
621
297
512
226
939
351
829
897
940
976
637
980
760
335
530
205
348
866
251
930
816
788
11
387
556
892
970
460
262
332
336
384
520
140
729
204
562
153
571
669
535
980
494
121
703
261
745
274
303
375
379
89
228
24
159
14
519
436
630
930
238
767
971
413
257
545
401
12
998
469
486
985
491
570
498
306
831
269
536
332
634
392
704
70
299
152
470
438
348
35
351
697
854
825
380
544
192
413
668
712
415
103
79
655
649
60
778
977
267
819
426
389
181
951
893
23
56
729
106
6
890
30
570
242
709
735
768
245
904
709
805
993
531
320
481
111
310
936
882
113
147
844
787
196
705
423
371
274
690
797
981
646
176
866
474
122
753
33
517
820
828
948
647
933
596
761
259
167
563
588
400
185
900
374
603
537
158
114
84
300
868
245
814
531
912
994
664
150
66
992
617
193
77
673
551
487
389
844
830
515
987
123
795
113
288
2
865
722
315
314
299
124
939
988
467
829
440
75
384
662
486
967
944
606
212
443
741
756
945
817
603
197
344
892
463
210
171
497
503
451
713
732
206
767
824
316
978
45
932
65
944
272
861
264
970
124
62
935
816
458
997
763
552
676
959
173
634
390
866
731
601
12
133
291
819
624
761
575
177
570
367
828
521
487
128
10
146
595
191
670
104
576
672
664
800
565
221
426
281
519
372
369
394
159
880
19
728
592
360
498
443
107
707
240
1
627
845
955
884
634
443
473
206
134
458
275
108
546
852
191
915
464
681
324
182
91
35
380
935
731
82
649
860
546
842
753
215
538
411
645
466
781
813
640
742
134
353
866
520
87
415
765
923
921
864
345
179
882
152
978
386
354
196
198
469
700
849
683
272
886
557
339
479
887
41
349
191
424
588
419
735
138
431
72
847
5
745
242
969
436
673
275
535
53
998
162
596
44
205
21
683
197
389
958
633
389
280
476
793
745
796
548
357
419
83
608
720
121
214
219
858
756
909
294
643
37
795
77
558
22
822
664
425
848
659
553
470
203
412
564
670
543
471
567
931
171
80
263
257
201
952
166
662
865
436
706
514
401
493
563
768
47
618
543
915
403
4
655
96
859
228
58
913
357
844
227
362
149
400
347
138
985
626
370
181
690
721
281
98
564
432
854
993
417
856
903
713
819
945
775
47
504
268
370
483
122
235
489
830
544
439
934
2
539
229
468
624
975
444
938
935
105
615
156
942
167
2
488
9
861
754
23
977
457
163
595
464
476
828
724
924
518
83
236
136
512
150
855
684
813
334
712
946
684
774
33
278
727
739
881
317
21
8
767
228
320
995
374
750
21
483
632
980
579
536
537
487
236
674
7
342
712
577
762
407
425
585
80
711
965
342
774
331
419
707
434
155
702
823
728
628
388
489
42
952
346
544
841
760
902
502
122
332
579
90
247
353
280
772
598
368
954
666
885
652
342
473
94
611
812
776
66
695
961
845
637
248
558
140
506
6
781
215
924
212
92
541
741
524
24
825
319
592
724
225
256
274
989
924
472
847
208
799
361
414
863
130
670
607
513
987
431
98
108
733
225
557
642
894
577
656
520
487
151
298
118
356
779
585
324
532
854
372
183
32
18
277
577
16
916
724
596
550
759
923
63
495
77
532
486
717
945
627
249
454
21
328
916
859
818
669
280
56
562
658
38
545
761
805
925
213
877
396
432
54
721
975
921
847
343
140
652
76
204
48
695
778
450
124
477
413
178
990
665
534
329
159
658
1000
93
91
604
970
40
144
961
829
619
262
473
705
295
727
342
157
800
305
204
86
812
488
378
924
383
575
426
887
384
477
778
240
628
628
986
862
966
642
521
759
476
304
886
320
40
455
892
111
434
924
886
370
943
518
354
740
451
271
197
480
648
729
125
514
118
527
484
936
337
219
441
798
317
949
571
79
562
52
368
820
483
406
526
418
118
14
913
657
938
745
351
932
920
983
493
862
147
121
887
782
193
426
957
293
777
934
838
159
265
479
384
97
494
732
751
760
111
995
79
758
696
648
517
59
862
610
111
984
227
560
118
348
661
234
45
894
983
652
138
827
509
655
299
694
123
514
218
516
886
804
464
529
600
723
757
86
354
303
816
40
271
26
659
170
834
831
93
931
173
517
479
137
759
963
932
724
561
523
122082.5
482
632
294
642
204
895
50
29
598
939
442
746
121
168
806
942
371
240
282
906
527
157
476
577
684
947
877
167
2
47
874
738
366
182
776
363
520
353
620
877
226
166
143
386
338
979
563
996
507
773
271
447
289
166
360
679
547
572
605
192
134
298
123
536
195
828
894
756
268
774
519
93
338
262
946
522
656
895
395
953
642
59
337
262
143
541
291
142
6
271
906
611
425
443
283
744
670
414
363
623
694
510
21
910
551
630
38
782
688
22
157
947
640
638
276
420
625
543
43
232
476
915
221
421
913
201
260
36
248
309
286
340
224
371
711
464
248
925
735
479
156
927
60
538
588
726
415
833
607
114
768
732
146
534
675
741
140
135
191
571
72
441
836
921
966
15
26
936
142
557
418
854
359
904
798
175
780
984
610
320
909
595
762
187
384
643
822
458
602
988
541
259
615
198
159
261
579
491
783
329
227
566
69
542
672
673
766
471
627
366
338
135
373
157
290
441
786
810
864
250
685
429
973
881
668
44
860
718
603
285
684
921
369
947
676
531
186
689
854
32
992
783
460
990
941
904
292
191
147
923
411
627
177
558
49
749
418
113
471
287
397
403
534
529
211
268
232
463
769
119
929
108
681
64
524
600
181
440
556
169
790
901
710
65
962
8
489
254
131
270
39
71
856
849
413
92
178
81
224
681
498
88
84
534
139
243
816
569
96
730
954
225
51
632
320
440
782
510
573
459
866
361
166
446
614
717
80
943
511
964
774
471
174
277
435
935
222
303
383
377
836
385
379
328
239
828
379
691
371
19
270
767
545
191
14
739
279
623
299
792
542
414
995
434
834
466
546
713
568
14
341
330
493
919
650
567
493
183
162
845
475
978
61
76
721
709
576
538
462
609
974
241
27
623
832
970
129
831
232
896
310
214
801
896
284
313
774
466
568
91
223
336
497
723
806
665
745
684
719
459
20
133
923
322
516
712
883
976
429
11
880
876
986
934
3
177
729
243
864
29
518
465
13
861
810
835
452
796
868
371
714
442
846
18
702
872
510
743
220
971
63
899
370
696
343
232
46
275
678
804
184
964
57
582
550
669
58
785
157
301
954
809
4
340
132
801
299
36
294
83
820
527
342
260
379
202
408
997
147
20
106
845
158
786
152
741
369
472
257
579
923
765
585
878
629
543
165
729
652
415
338
956
315
488
863
770
334
774
243
808
788
983
498
341
981
611
594
980
752
823
28
659
908
457
664
119
895
629
966
480
63
615
774
820
210
753
964
467
62
460
157
160
788
383
726
724
542
333
934
890
783
953
368
817
416
731
928
908
38
680
651
957
68
295
199
781
174
249
159
248
343
852
95
773
105
847
240
42
659
259
571
378
991
26
329
257
940
471
586
30
376
82
765
304
863
415
551
886
762
518
890
795
235
798
226
259
223
574
416
504
481
783
931
773
480
597
588
924
990
759
740
21
811
479
430
673
284
802
477
430
948
983
288
45
612
346
182
93
712
618
380
177
168
550
704
960
62
912
128
7
934
599
638
793
781
126
824
693
947
885
190
41
65
959
848
208
298
790
513
592
774
414
597
13
882
644
229
212
196
662
17
112
866
339
830
164
874
57
121
785
360
102
47
441
100
320
350
987
58
453
836
976
623
147
588
98
476
46
5
980
955
350
991
571
360
545
976
878
899
601
124
842
92
29
223
494
877
196
338
527
876
934
266
426
94
704
572
566
827
866
649
886
582
307
713
417
399
698
500
770
451
238
428
786
510
624
821
383
276
739
227
994
634
118
55
707
5
102
248
350
964
16
886
411
471
188
130
139
227
563
543
567
228
614
282
792
913
730
775
75
249
516
145
938
605
973
479
979
114
734
836
840
326
206
387
941
78
658
187
791
267
351
614
13
347
894
577
40
363
465
252
465
762
713
257
130
172
438
720
191
805
908
804
149
937
435
318
336
949
73
779
761
164
465
998
220
104
959
641
758
895
951
502
389
178
831
766
765
882
48
971
844
608
587
215
830
797
300
801
475
67
137
399
174
290
614
761
260
978
90
713
806
299
645
498
776
49
751
535
563
415
804
917
627
305
87
712
988
259
971
893
327
177
124
456
522
495
516
528
696
101
835
958
263
379
99
820
255
593
469
784
561
277
797
446
191
571
27
737
479
805
323
390
94
533
798
384
884
397
382
400
800
902
297
405
464
979
638
436
882
391
758
356
369
667
149
952
914
160
172
430
949
334
704
223
146
960
435
767
747
39
69
361
861
423
726
658
621
954
355
124588.5
800
551
385
555
925
789
526
40
530
361
998
284
294
61
96
799
279
133
936
207
845
647
761
860
355
721
393
878
975
394
856
129
38
474
887
626
115
756
29
709
464
597
396
569
121
77
549
859
648
943
753
149
198
459
227
4
358
888
423
733
617
81
580
589
374
939
444
535
134
619
599
731
607
695
930
106
572
157
84
772
569
132
814
898
431
679
116
252
127
749
611
881
88
456
465
221
950
862
695
763
155
370
456
916
398
557
602
154
64
964
47
288
169
138
849
540
941
911
522
139
143
845
453
791
873
967
696
388
395
685
44
478
121
668
171
868
601
127
117
80
898
520
322
326
759
829
99
816
816
936
469
923
916
481
242
281
746
750
569
295
461
147
681
198
520
514
266
12
73
258
286
123
573
984
581
889
577
848
473
416
32
430
448
696
279
908
880
871
227
846
902
402
140
510
124
24
754
442
948
389
998
515
880
431
3
59
495
209
753
119
960
727
870
108
73
752
402
574
529
858
41
747
71
822
641
873
272
101
401
213
917
949
502
449
535
890
902
793
460
6
45
566
989
44
394
139
184
935
921
444
376
547
739
867
259
772
50
324
908
2
689
165
31
73
25
320
237
827
517
850
254
294
993
839
967
879
790
757
479
899
530
970
264
473
715
265
818
315
425
612
161
141
440
853
964
315
328
213
699
768
775
554
22
989
190
416
826
89
473
306
978
792
640
286
695
328
79
20
569
497
204
404
558
534
674
74
868
996
228
913
856
380
631
751
526
55
205
5
282
687
138
161
234
407
828
432
177
913
387
290
548
229
119
999
49
773
198
140
892
13
204
843
201
815
664
410
927
953
969
211
682
389
359
14
995
479
73
757
362
25
538
369
900
370
476
33
755
97
387
20
735
151
708
61
286
59
425
641
718
141
389
58
197
543
507
558
418
692
713
209
977
28
292
887
556
124
720
409
759
354
979
627
439
359
279
672
492
597
1
244
459
910
132
148
683
859
833
584
722
909
768
485
319
338
794
325
628
668
156
257
986
618
312
308
177
226
563
660
488
171
507
386
215
880
60
677
37
83
761
378
740
337
283
17
764
374
513
977
246
123
460
549
721
158
231
327
807
416
691
678
942
553
50
163
481
479
370
77
285
455
857
682
285
492
575
45
23
877
747
869
725
909
520
281
22
383
373
598
277
85
204
42
324
184
5
489
809
797
520
254
925
319
179
124
49
963
153
246
521
299
449
785
935
563
956
658
469
319
265
484
591
104
289
956
441
739
934
403
441
671
865
337
805
645
917
47
144
42
603
601
571
782
603
452
889
352
766
588
791
502
941
497
223
546
456
715
246
575
499
478
694
377
980
101
856
18
439
82
151
539
193
365
973
712
992
31
799
378
806
734
167
657
799
396
653
631
451
593
758
281
623
893
302
534
372
450
992
54
353
2
565
581
654
217
56
560
413
465
345
132
741
102
999
475
568
571
982
161
805
499
839
475
474
266
637
461
996
324
340
697
58
115
96
857
369
306
727
513
851
543
704
593
191
706
322
485
889
606
19
395
407
736
703
518
758
36
40
377
104
146
329
61
123
728
196
851
578
710
328
540
490
609
843
769
235
684
566
180
351
845
609
18
4
452
10
184
403
995
963
531
757
598
324
993
521
898
651
695
341
658
106
336
672
7
598
142
132
607
192
841
815
240
337
364
770
355
587
745
986
398
602
725
272
305
993
569
720
677
414
656
495
706
353
435
417
356
530
976
111
253
580
255
979
535
442
187
282
785
37
71
44
833
745
962
546
337
192
221
868
732
553
608
870
369
52
381
80
532
417
784
548
263
53
941
861
859
382
160
756
460
611
543
839
760
227
405
831
422
777
316
348
297
699
122
246
784
119
588
165
749
157
765
765
522
857
319
256
62
881
597
314
500
997
489
388
921
796
259
507
784
19
296
758
568
821
729
103
19
916
255
291
886
359
15
980
614
447
815
613
224
357
235
581
302
776
83
36
154
138
45
719
579
664
860
174
54
7
650
392
526
916
688
304
738
340
591
877
108
7
791
99
51
495
398
910
479
793
782
212
174
293
44
158
532
527
248
852
350
361
681
875
404
881
12
575
629
723
851
596
750
294
964
771
23
96
811
273
32
502
91
253
677
431
783
291
548
892
293
507
923
239
670
268
612
826
477
689
214
902
881
847
5
103
83
220
698
363
626
194
441
66
39
450
48
740
530
853
853
840
137
665
393
156
143
47
115
130
886
435
584
433
470
341
641
20
133
672
720
589
270
124439.5
318
868
109
47
332
88
296
492
274
103
192
507
660
708
263
373
652
698
969
679
551
437
36
869
244
960
731
15
770
799
592
86
821
628
323
95
750
655
673
934
225
70
738
561
586
826
160
355
762
438
732
524
118
188
370
446
752
266
568
420
214
143
305
864
737
523
165
297
45
392
883
187
677
253
653
600
344
137
407
216
1
26
176
731
800
472
138
264
487
178
548
526
611
354
873
70
190
367
870
112
885
90
883
534
863
996
156
743
813
48
21
977
768
699
162
978
558
971
674
950
475
749
584
862
50
533
236
835
338
665
764
433
414
263
150
565
5
990
882
727
491
489
805
600
681
433
583
205
630
637
745
119
319
764
613
684
743
94
186
354
567
501
881
602
343
900
444
436
405
799
126
249
187
192
512
551
935
935
343
915
773
821
646
669
361
433
457
956
233
451
356
933
289
797
610
396
384
348
803
266
208
414
347
728
374
351
235
952
917
546
839
967
71
603
178
229
158
358
827
467
186
541
521
916
817
540
961
16
562
562
823
121
883
902
746
305
364
740
824
353
642
398
985
467
13
693
155
347
858
741
931
452
894
93
231
985
588
355
734
718
526
502
571
964
661
914
481
853
869
107
904
251
282
879
430
597
963
63
308
706
744
615
284
482
927
183
624
471
312
977
395
984
327
912
582
361
457
153
449
578
795
633
144
155
991
258
892
714
936
949
2
173
338
605
277
639
438
554
997
421
384
512
501
839
512
820
227
284
150
982
854
452
746
313
115
224
360
341
107
534
177
16
802
305
972
895
2
895
554
662
787
847
855
237
965
292
697
763
189
314
459
876
190
467
864
736
745
689
703
477
33
414
143
804
35
83
97
556
977
199
587
904
603
33
540
888
516
845
985
378
130
872
318
509
68
795
174
49
750
286
363
315
841
133
779
386
111
853
65
267
426
56
972
433
582
414
142
468
662
732
312
256
235
618
897
615
595
672
72
593
698
95
47
216
555
363
997
508
340
487
445
842
744
575
755
704
92
566
376
218
244
528
85
839
19
782
157
46
481
830
877
395
278
275
953
643
521
470
669
419
883
504
778
649
636
391
713
731
332
760
515
183
414
722
938
622
389
247
289
666
130
868
432
547
533
955
989
366
469
912
299
495
724
371
727
41
200
857
57
574
230
515
392
128
329
573
114
595
573
883
20
755
624
574
665
706
1
411
610
558
702
336
961
980
380
452
287
178
354
46
426
553
124
988
841
893
215
46
8
958
620
543
152
605
753
666
640
997
697
726
835
624
257
127
942
632
587
525
902
100
322
421
499
929
189
163
377
6
195
224
50
716
103
886
624
243
903
101
855
638
593
243
804
333
759
319
519
657
950
394
750
49
480
967
960
765
175
748
972
588
411
350
963
152
133
437
100
18
983
745
836
373
647
914
199
735
55
577
905
628
177
678
447
504
612
44
502
927
452
125
96
808
186
552
976
586
398
504
169
440
441
102
337
317
282
983
115
150
13
225
941
527
558
393
390
235
538
30
717
49
418
561
103
730
779
129
352
955
655
332
118
923
802
406
916
282
576
953
828
119
910
383
323
595
932
346
43
461
290
273
782
521
912
487
278
87
193
636
83
694
259
373
679
342
811
214
620
411
323
183
531
918
154
952
759
771
182
122
148
80
409
739
464
918
265
489
795
193
332
463
559
408
820
720
442
37
23
370
827
169
672
334
495
294
778
723
783
734
203
715
528
476
429
465
316
954
395
891
688
928
792
443
453
641
768
24
447
997
198
332
261
415
342
844
83
219
106
731
205
13
490
838
897
848
448
987
506
573
509
286
407
123
842
890
174
322
137
648
243
480
262
911
929
315
816
782
521
408
568
875
504
361
757
859
380
291
413
693
790
42
736
293
106
64
584
801
852
857
119
693
875
132
115
903
301
441
969
527
175
269
694
895
657
839
326
781
957
44
939
995
895
494
632
559
579
289
359
381
507
331
408
705
168
272
435
530
316
399
188
112
995
513
53
762
170
311
526
1
617
139
547
720
695
288
460
311
513
127
454
130
491
418
848
662
556
728
200
127
242
40
698
369
84
995
506
900
12
69
94
532
239
508
807
82
499
451
551
39
954
641
844
707
869
310
449
371
61
737
489
281
826
743
693
84
889
202
426
438
980
35
355
442
638
121
530
153
273
257
468
754
826
58
254
568
831
146
460
764
765
805
391
973
328
376
707
745
828
499
529
693
215
680
11
299
148
859
244
463
261
395
70
666
427
583
320
596
364
369
970
16
130528.5
429
42
499
878
511
977
82
735
473
369
804
925
61
932
377
962
969
889
626
86
952
34
769
335
965
641
925
659
289
918
908
816
86
807
459
85
572
116
47
715
996
58
618
720
557
942
679
315
647
797
89
898
47
312
493
121
87
86
586
658
903
117
659
591
95
196
660
436
665
375
797
39
364
371
487
400
59
638
112
990
67
103
110
906
533
577
987
685
871
691
854
377
862
461
588
569
964
911
162
361
422
240
819
323
381
434
684
12
184
987
436
539
312
951
609
206
308
275
795
211
737
119
134
637
492
359
610
578
746
952
341
459
854
5
270
697
261
816
135
877
444
10
186
463
441
361
36
550
617
56
219
405
2
576
160
5
808
304
145
260
64
731
483
468
754
95
499
222
936
610
940
527
878
983
950
670
308
728
498
702
833
650
431
144
823
916
122
961
93
635
363
250
764
74
758
706
506
557
431
190
803
584
645
160
339
545
260
33
304
832
874
506
568
243
657
371
961
116
147
163
639
320
730
668
677
859
804
783
209
223
208
232
910
469
241
676
629
441
822
805
262
317
591
425
252
475
466
209
130
870
533
374
361
498
462
102
23
444
282
779
227
698
832
927
316
776
192
404
500
429
596
348
425
841
445
956
425
673
237
223
590
551
16
137
63
501
994
931
938
827
787
765
139
530
290
958
452
142
716
787
668
323
325
233
714
878
689
878
398
175
487
292
507
190
883
14
608
994
82
378
210
888
43
701
454
910
682
930
789
855
205
222
612
391
984
762
891
138
605
546
826
306
402
883
511
486
882
76
49
64
10
734
630
934
250
465
864
272
720
369
150
618
532
148
647
665
597
414
898
723
765
627
490
154
75
758
26
667
644
6
292
822
580
714
552
578
507
130
450
781
407
391
127
747
794
166
741
354
20
592
259
406
492
952
146
357
205
375
906
302
617
746
64
824
701
70
486
126
129
763
711
195
849
113
930
208
471
944
803
174
964
75
961
518
537
489
350
748
18
187
668
840
779
664
517
406
814
866
1
73
720
302
257
370
935
57
174
890
772
955
166
703
704
804
854
974
501
650
853
321
767
677
818
837
3
711
649
161
762
796
689
593
588
448
523
41
764
504
239
366
965
705
690
756
946
289
795
193
152
406
556
7
891
105
962
195
774
433
207
719
644
804
161
10
161
698
349
541
206
80
919
665
995
144
375
363
700
297
743
117
582
158
851
980
523
304
734
421
855
502
21
151
858
676
688
575
221
509
836
782
534
433
796
818
403
559
623
127
21
499
464
646
616
87
609
699
891
146
197
35
782
748
202
300
716
457
365
116
469
421
471
314
603
587
704
381
939
135
103
344
492
989
44
470
647
81
53
513
652
800
672
12
969
722
120
441
593
439
237
351
291
736
440
573
474
70
330
254
624
820
656
743
457
475
547
680
571
773
100
813
134
316
271
916
73
637
406
626
238
563
890
603
746
587
850
559
474
579
587
805
679
260
124
27
777
737
926
848
291
643
254
619
706
404
555
820
771
410
471
120
180
492
948
380
433
698
765
120
222
626
780
681
192
126
17
54
748
675
866
57
520
894
153
272
57
722
965
479
61
924
218
892
997
365
724
454
302
738
610
65
119
824
766
456
564
730
384
788
968
777
229
527
452
828
667
764
651
484
828
513
130
72
540
659
421
323
604
875
510
2
220
247
725
326
710
212
335
667
753
624
821
604
503
11
385
903
536
169
647
46
305
644
605
817
401
605
576
810
825
484
233
347
777
568
505
865
965
289
398
257
100
668
656
164
611
363
668
232
654
201
555
293
402
917
338
931
587
703
441
52
738
863
941
198
938
771
581
224
204
544
120
273
876
683
449
155
349
587
948
631
838
213
844
798
837
55
765
612
881
875
962
507
581
264
877
584
153
692
21
483
134
757
409
596
228
816
387
294
91
53
558
105
464
687
464
287
763
589
908
83
340
809
679
895
617
619
695
532
814
703
484
931
242
942
384
210
978
531
816
156
530
297
166
147
732
134
472
702
41
216
677
391
846
44
304
836
30
815
237
996
616
841
297
280
653
897
719
666
888
617
501
139
659
482
237
836
203
136
326
313
644
631
386
687
498
343
676
898
472
889
458
678
68
510
879
867
26
184
647
99
476
902
486
613
714
789
951
310
938
864
557
807
316
412
396
87
860
93
550
171
818
574
189
74
773
641
776
267
465
196
82
597
506
222
901
678
850
774
448
139
952
41
132
371
950
345
426
716
676
706
873
984
208
894
156
675
378
443
338
534
128687.0
876
589
813
616
785
195
264
175
232
1000
757
41
1
313
848
274
950
135
926
520
126
90
806
633
357
969
363
228
875
18
58
631
244
608
307
980
544
949
143
542
435
4
570
10
815
722
945
965
256
862
440
42
654
641
915
554
50
906
224
646
312
414
386
219
12
278
799
939
584
829
906
974
428
180
973
914
425
476
316
336
204
992
784
847
346
219
772
545
43
476
10
708
216
748
824
368
746
196
702
384
803
311
128
34
800
583
960
87
694
938
554
955
917
857
90
267
677
211
668
237
648
949
756
162
740
907
664
204
219
105
626
620
626
395
242
889
455
784
405
36
974
58
531
552
996
406
864
137
166
92
330
20
197
255
449
818
259
283
557
802
464
905
476
696
118
771
155
980
580
841
253
302
134
601
747
771
397
908
978
55
675
305
214
804
962
6
668
671
773
572
344
838
621
484
905
723
171
99
196
536
911
766
824
300
28
695
462
334
104
833
220
12
668
12
232
493
656
391
330
317
263
794
457
637
413
677
250
126
147
113
29
293
98
427
73
485
65
375
740
481
865
576
213
883
315
368
849
848
626
416
629
403
519
661
888
395
964
89
387
878
990
476
891
524
129
387
481
110
661
343
193
448
512
389
991
33
562
222
660
709
648
304
827
567
179
907
737
656
878
44
338
511
843
162
152
92
447
481
438
873
779
550
955
924
765
438
957
165
731
534
91
89
346
603
169
701
544
941
423
393
190
980
622
518
869
795
40
892
686
217
286
500
144
358
247
332
365
549
912
105
333
382
618
348
827
712
425
945
85
10
907
831
556
127
304
635
314
888
181
344
945
48
343
102
922
673
113
670
935
935
976
207
595
942
226
641
614
85
102
273
827
925
422
847
749
383
968
893
432
710
198
259
637
465
150
796
198
206
567
722
103
956
961
8
693
48
768
735
935
797
868
514
470
864
987
645
836
608
713
287
317
995
803
209
391
798
398
753
536
371
761
586
976
758
770
85
963
750
730
147
395
778
791
268
567
958
830
128
530
733
674
135
512
933
212
359
699
154
337
618
917
248
173
172
186
93
84
64
764
350
740
124
440
925
820
154
900
934
732
841
523
897
772
247
762
174
350
324
911
344
335
136
326
643
17
937
57
848
72
265
994
175
157
465
164
468
528
469
24
304
472
834
113
237
992
66
619
486
101
794
157
488
883
759
233
919
613
58
886
258
599
349
387
24
64
315
770
412
91
942
700
308
48
406
281
26
428
837
774
671
914
957
219
884
724
916
802
93
371
227
952
20
355
34
866
167
330
120
604
130
279
753
26
678
624
917
814
724
477
556
616
872
287
974
156
759
508
216
222
541
291
813
661
306
168
978
875
711
664
675
716
725
893
152
344
25
701
550
174
198
787
557
781
442
376
440
256
978
260
61
904
583
259
219
146
134
546
53
59
136
363
322
938
161
714
532
729
523
684
117
439
897
246
6
548
294
285
307
11
58
747
647
360
559
679
431
838
171
568
170
416
251
197
274
530
623
913
964
909
33
949
529
14
43
440
469
174
39
993
880
941
908
903
938
332
366
199
936
340
256
214
435
149
129
514
166
444
183
173
523
431
551
615
443
372
861
82
910
16
272
121
453
271
729
188
262
304
241
688
460
903
773
346
76
768
97
352
406
642
585
816
111
670
430
528
920
312
750
476
130
481
560
331
337
66
928
315
799
307
524
462
301
301
613
798
559
403
459
562
842
984
579
108
725
922
808
889
639
882
805
808
671
460
522
24
527
287
443
154
339
773
445
626
851
95
391
817
266
984
345
221
715
209
758
444
511
43
489
812
108
838
49
479
29
564
919
339
224
427
197
515
134
919
421
650
912
453
440
107
596
789
598
82
87
821
471
757
388
7
820
693
257
753
281
44
910
588
479
313
994
167
313
745
437
836
675
427
118
941
909
158
191
1000
656
257
920
912
445
147
52
380
428
282
130
516
522
71
326
960
891
95
352
656
233
570
628
770
670
947
686
764
506
621
341
615
548
240
170
384
39
917
778
970
561
722
577
983
528
53
220
383
612
748
528
89
508
276
550
912
983
805
690
188
541
571
805
405
456
230
731
246
896
681
757
777
381
701
310
987
685
695
797
530
105
127
851
67
534
193
922
324
104
846
822
573
464
673
134
464
68
296
909
702
854
747
15
155
647
682
666
712
155
382
892
313
545
515
814
790
612
642
268
35
24
293
816
1000
528
680
503
279
502
662
441
517
906
615
786
699
990
449
788
433
716
545
827
248
518
829
696
121531.0
547
931
847
405
734
794
506
896
820
912
56
356
83
396
287
108
132
124
206
546
666
513
632
812
172
12
582
602
58
335
276
730
942
80
822
305
926
893
719
8
64
398
899
717
115
859
273
423
970
793
921
286
400
949
846
451
104
108
842
581
777
679
595
313
571
789
280
785
22
58
274
839
754
111
959
284
981
33
692
167
387
189
657
207
892
884
653
372
594
694
288
398
476
112
57
677
930
748
718
245
116
540
505
704
667
556
510
225
808
727
983
23
826
308
701
705
162
869
300
924
501
64
533
124
365
350
3
2
149
52
111
453
18
293
157
965
462
987
892
606
87
921
846
992
665
644
241
441
156
322
356
279
423
788
162
727
353
644
293
101
355
587
235
906
228
691
881
777
195
867
204
650
578
949
294
287
431
352
121
752
876
103
362
524
73
969
461
629
939
908
458
490
628
380
469
234
195
986
497
712
300
574
22
234
588
382
49
423
119
576
198
917
294
163
798
137
172
141
194
484
603
189
931
694
625
189
757
571
74
594
609
91
1
83
632
695
550
407
242
150
957
520
977
928
265
857
395
330
595
750
674
623
788
613
501
43
757
582
437
467
429
342
86
667
70
558
342
36
115
913
76
566
1000
766
683
357
971
329
654
642
35
230
440
660
395
200
587
547
926
232
512
852
971
1000
507
584
382
975
866
954
973
321
842
823
291
93
650
904
6
579
530
313
386
604
368
642
447
891
413
423
604
656
992
348
431
630
741
251
381
499
594
295
125
976
587
617
247
75
464
544
300
676
147
531
868
788
69
967
470
526
180
465
237
65
662
702
858
174
171
249
172
617
98
989
945
877
744
783
617
617
521
897
671
141
981
558
280
730
256
958
735
548
58
581
343
431
322
266
476
108
54
185
734
707
803
184
663
185
204
735
532
257
187
610
134
731
514
245
593
975
129
643
985
447
202
339
595
327
989
400
273
938
981
153
415
975
320
705
841
614
104
171
838
771
132
845
702
555
714
93
222
392
429
364
307
671
116
548
535
675
251
340
175
541
69
887
287
804
104
233
410
288
443
179
200
261
857
37
263
135
673
58
339
498
463
432
800
472
563
6
253
958
396
534
957
522
295
687
327
765
300
871
555
890
946
469
860
113
949
986
345
441
822
145
542
190
892
348
766
468
960
200
719
916
108
196
980
970
490
722
277
615
141
706
981
812
156
900
100
160
844
226
721
25
907
628
747
184
157
585
578
722
129
711
221
948
708
943
993
513
740
180
559
371
557
667
125
639
884
884
466
854
136
294
101
784
836
312
695
526
547
44
494
489
41
164
398
842
926
261
217
890
435
963
772
794
536
379
860
923
339
758
871
469
9
839
785
663
300
709
949
602
990
979
473
711
423
333
39
180
517
953
185
546
177
320
995
872
359
429
618
72
219
874
820
158
689
640
152
261
832
164
486
368
790
595
303
699
332
753
372
598
869
996
201
704
60
628
772
233
87
786
393
60
176
922
81
140
246
18
691
550
446
925
498
514
228
162
158
70
770
913
71
212
2
524
481
75
634
810
570
209
579
707
976
265
16
881
376
243
487
54
148
957
938
325
671
467
288
396
891
447
355
292
287
763
750
575
66
723
422
772
303
520
925
529
821
681
131
66
466
268
780
86
933
687
282
982
973
796
413
824
432
530
401
626
299
819
248
293
851
63
528
772
53
460
775
69
390
8
537
862
826
536
724
655
756
587
399
845
352
571
375
692
44
601
245
376
235
753
102
147
92
971
682
958
416
511
458
703
323
30
390
691
993
176
338
862
551
161
892
267
342
313
479
959
481
515
437
370
617
500
573
447
445
76
681
957
974
580
342
488
636
372
470
35
247
337
72
692
427
39
165
825
206
532
115
415
164
832
941
565
32
173
429
248
246
563
497
898
663
445
305
832
388
407
939
43
209
897
528
840
276
674
850
92
624
491
740
256
995
124
310
105
435
214
847
157
657
761
363
358
726
197
252
93
732
947
353
115
415
327
494
891
196
346
848
45
41
330
128
772
454
605
418
498
338
497
440
140
20
225
234
508
407
116
895
441
850
872
324
812
819
781
254
953
97
755
753
204
92
576
756
483
797
384
234
790
756
250
400
480
63
369
61
47
949
957
179
890
574
942
629
69
470
456
748
233
303
698
395
72
814
46
696
242
757
42
463
634
917
82
213
833
784
724
947
987
417
480
801
68
631
80
535
2
522
39
843
311
729
454
843
499
716
160
68
805
710
959
134
779
127
347
937
407
559
600
586
812
124958.5
835
778
169
757
784
71
519
961
621
425
447
455
448
483
172
860
247
75
503
23
645
133
866
545
416
329
910
969
613
915
215
889
464
613
25
934
501
784
737
679
264
630
149
54
152
300
249
381
684
750
73
392
318
775
724
858
824
363
720
413
298
682
113
591
121
291
885
378
906
255
167
511
613
348
932
626
917
555
656
93
656
357
901
972
397
159
288
902
203
447
718
225
73
302
921
853
835
537
646
803
22
410
569
94
522
381
207
142
176
146
530
453
52
477
990
678
128
971
183
219
740
617
487
92
849
109
640
336
628
829
155
973
948
498
195
1000
319
686
616
421
228
313
240
760
640
131
755
489
146
817
13
460
143
919
451
209
377
954
387
602
807
377
317
462
847
858
687
884
489
641
266
420
165
534
551
655
545
658
225
738
327
482
472
13
555
380
768
141
413
457
146
625
358
886
276
416
1000
79
759
465
723
1000
10
246
175
868
182
699
397
734
734
921
933
468
852
479
442
221
496
954
426
601
559
255
379
229
632
999
999
51
601
164
183
359
878
897
58
519
950
287
459
400
78
796
967
143
130
782
693
236
162
903
980
522
847
611
978
589
150
310
178
91
903
37
748
888
323
624
420
891
695
681
341
925
830
441
3
694
30
509
741
529
191
307
440
470
621
469
319
75
993
467
679
874
221
292
295
998
59
554
401
719
689
750
124
616
770
387
989
820
300
316
173
935
452
752
90
476
940
725
639
163
219
507
842
497
893
616
48
979
965
82
858
273
487
227
535
366
844
739
680
889
407
822
594
799
593
662
353
111
637
268
337
339
384
270
653
179
603
265
292
269
361
410
31
390
200
524
669
449
594
126
399
754
443
384
46
547
22
240
418
500
974
281
628
826
317
361
18
619
484
959
498
134
695
211
892
622
816
65
77
589
768
275
634
578
278
362
354
643
788
382
839
629
659
551
13
505
918
641
966
915
778
828
370
131
341
10
791
48
987
159
592
757
836
329
522
610
138
304
519
7
398
795
685
763
219
776
832
691
975
284
295
365
553
947
840
852
833
191
153
777
659
799
49
504
151
423
195
561
474
807
113
430
534
391
92
907
430
428
550
679
967
280
617
477
958
973
560
73
579
295
951
520
318
210
995
757
650
638
53
269
753
82
34
682
301
287
491
413
632
317
951
116
331
677
122
486
286
84
924
968
526
420
639
280
212
817
695
631
443
211
636
252
347
941
818
866
82
88
512
498
10
646
44
658
253
982
100
930
270
706
26
87
966
142
419
170
200
469
616
362
471
919
991
567
614
332
70
667
490
160
931
518
20
34
850
700
809
100
363
397
845
810
78
760
787
737
437
213
278
734
510
799
339
864
412
282
581
684
349
310
770
632
510
870
461
834
912
474
759
335
599
894
535
807
925
118
65
337
641
290
115
37
872
746
976
27
612
421
957
682
908
660
713
424
987
851
13
809
491
55
377
907
623
971
43
428
735
335
611
143
662
733
416
384
850
387
722
175
669
959
665
190
397
687
805
520
772
919
36
803
922
486
347
573
201
841
186
733
679
49
844
576
490
958
643
882
817
556
47
432
530
593
710
777
324
628
454
40
683
892
160
942
517
918
516
404
829
676
144
17
778
214
867
709
422
160
369
152
688
972
667
150
667
224
139
92
305
638
612
926
23
570
730
807
365
591
110
902
262
96
125
468
463
202
234
647
131
753
358
811
86
469
539
440
114
288
812
886
245
593
269
74
144
821
389
434
488
522
363
301
441
40
604
583
629
717
729
707
219
667
197
605
765
778
648
524
643
43
895
345
567
576
659
715
600
184
898
418
818
85
273
865
524
782
244
126
768
515
507
625
384
42
387
434
154
658
156
776
114
415
934
252
747
157
57
315
324
367
912
687
640
263
289
984
700
762
21
496
49
263
436
267
795
713
937
165
24
25
397
98
766
528
34
184
314
735
771
684
910
371
494
202
423
86
537
892
395
952
29
735
75
629
17
563
901
70
460
855
415
495
540
616
261
460
455
378
847
261
975
838
822
323
220
476
714
554
84
569
483
817
661
120
46
316
710
374
422
968
990
992
418
500
725
332
836
659
539
374
155
982
170
820
737
66
810
356
118
47
186
56
104
221
537
452
556
142
485
308
190
374
938
973
989
318
153
976
38
827
14
996
808
612
130
817
581
385
756
741
913
521
546
270
746
326
763
181
763
756
447
506
763
176
773
433
741
663
907
404
681
25
113
648
667
846
27
773
970
515
809
735
744
960
375
780
296
258
95
977
