500
10
124070.0
414
346
762
938
719
913
392
742
305
391
224
353
560
108
386
482
868
391
128
626
549
179
672
107
862
73
309
665
786
56
350
683
210
191
858
628
623
116
131
47
847
748
386
913
751
901
49
82
146
937
913
800
621
13
27
302
796
239
159
898
537
710
816
676
478
605
881
364
301
590
931
475
145
958
714
880
745
435
753
957
215
555
778
569
603
993
312
54
517
340
894
256
736
171
553
733
651
785
749
638
583
883
77
475
891
323
662
848
108
22
767
296
703
469
399
742
375
813
91
897
518
836
231
155
267
284
513
738
152
291
884
236
729
523
389
393
505
225
868
571
334
561
517
934
217
332
913
765
243
763
706
821
1000
316
310
820
941
973
578
386
367
592
504
202
147
851
789
909
354
845
202
281
939
829
775
119
135
345
488
88
468
290
959
658
367
548
740
483
193
513
118
945
248
182
452
877
139
606
279
582
80
986
184
944
692
952
34
121
144
983
373
181
401
497
795
873
287
501
25
262
110
277
670
921
800
329
578
785
293
597
546
608
297
431
842
482
879
977
428
798
94
445
174
211
214
760
504
567
933
852
972
350
877
190
517
436
460
94
590
660
940
161
778
825
331
746
397
621
197
484
888
919
783
857
138
936
174
759
568
197
261
866
175
535
310
592
930
626
109
928
976
607
31
551
94
461
574
468
626
121
336
146
33
226
419
784
821
200
189
333
292
886
615
94
171
808
515
294
946
728
794
533
225
879
808
195
701
565
312
523
467
379
193
229
72
193
352
824
397
39
564
794
491
223
512
791
291
326
124
786
131
923
916
848
814
153
937
973
193
26
944
564
738
375
39
1000
225
807
796
325
828
556
857
142
79
402
700
685
234
477
631
408
353
654
770
699
428
870
122
683
240
252
889
571
309
7
528
439
807
637
44
671
650
870
525
386
768
507
60
93
508
900
152
818
461
759
806
997
873
198
607
235
289
423
917
276
368
600
434
409
883
285
885
758
11
986
661
538
636
783
849
628
706
968
558
976
617
830
441
569
281
514
70
80
508
295
601
499
748
121
439
994
243
138
605
654
478
38
260
529
323
470
33
898
797
284
104
49
513
51
225
975
834
31
571
842
243
457
606
97
966
175
293
974
741
604
130
170
404
352
535
31
622
143
202
688
754
399
57
16
465
215
586
781
986
604
824
296
704
239
208
181
698
879
77
327
312
269
230
46
13
923
746
92
770
516
696
459
333
370
359
977
982
352
830
382
181
209
20
57
270
742
526
491
680
568
268
108
838
508
263
983
55
261
369
579
251
742
398
490
528
280
186
445
693
406
634
161
107
706
893
666
557
657
761
465
101
652
383
596
817
955
570
715
12
603
897
907
71
646
350
997
546
552
345
865
577
284
879
807
231
281
568
420
752
926
452
433
22
767
155
759
600
496
262
184
961
995
75
214
541
559
660
27
518
239
449
833
318
682
520
778
339
464
521
363
780
797
973
361
526
384
429
189
188
631
557
545
568
511
536
770
395
311
664
38
176
370
259
862
695
758
793
87
116
298
670
307
947
48
168
797
256
33
759
414
582
722
270
692
610
588
152
519
411
244
150
25
416
432
765
686
103
290
709
574
287
15
308
470
837
846
980
956
141
803
261
104
317
106
664
563
739
200
876
789
504
435
269
139
349
134
624
12
501
370
239
628
714
86
679
470
901
937
876
839
830
589
317
121
378
862
632
178
858
244
916
56
816
256
813
992
688
719
297
510
184
521
305
535
989
564
601
900
505
40
325
404
554
706
411
569
590
369
666
385
506
780
502
628
592
340
922
609
543
846
384
365
167
274
19
217
535
624
157
45
771
896
897
960
486
832
397
848
156
514
654
945
556
721
79
513
825
784
266
422
864
837
787
945
211
272
971
902
938
303
708
145
680
29
799
712
169
544
175
413
130
260
370
284
248
16
610
796
765
700
154
118
334
121
265
91
871
299
284
782
928
574
312
587
240
7
337
670
384
158
84
290
397
619
255
749
567
385
299
296
951
722
597
948
777
311
872
752
607
536
837
182
315
152
319
968
923
82
475
976
758
576
576
190
59
893
820
749
760
455
153
765
24
359
996
363
533
92
984
758
370
643
424
177
227
214
102
56
313
887
648
529
357
650
246
598
368
305
299
349
316
69
8
884
503
980
974
907
219
931
878
58
973
342
304
444
168
407
772
717
271
243
30
968
764
646
696
684
750
54
510
784
603
20
493
332
851
477
492
750
789
565
598
128
182
101
555
635
300
237
978
66
408
382
126337.5
934
679
734
707
67
530
792
186
788
421
355
986
799
663
257
292
867
526
209
661
812
974
553
466
331
297
726
989
171
425
236
868
420
759
822
263
286
874
115
371
660
306
190
92
310
746
328
383
340
123
93
765
114
756
104
122
820
899
988
236
150
610
765
68
738
543
648
711
728
391
9
628
370
380
153
405
30
281
216
835
869
193
70
580
603
99
402
636
11
946
3
416
366
680
826
393
480
960
533
892
26
104
906
886
833
521
556
582
455
135
946
64
944
29
334
328
523
238
21
386
206
10
281
883
307
462
651
742
46
966
184
449
990
277
520
816
636
964
97
625
616
72
462
289
300
14
756
67
914
229
711
294
631
201
257
404
901
951
395
1000
566
734
222
397
944
747
507
105
154
959
588
180
168
462
123
87
798
146
824
616
782
731
558
665
459
289
307
585
86
846
87
599
355
721
713
326
839
314
475
857
338
898
5
247
87
46
204
502
555
46
678
539
952
719
568
236
491
277
126
624
860
805
747
976
414
521
665
198
545
935
286
994
654
335
355
251
371
23
793
342
689
504
547
445
79
989
860
554
198
761
383
294
738
561
969
376
198
537
281
376
998
677
560
690
104
230
495
358
325
873
665
331
609
311
697
493
747
876
561
900
677
903
780
906
886
304
526
125
203
401
696
749
412
634
127
800
853
640
566
476
673
431
558
907
977
79
924
480
646
274
102
917
809
714
37
102
571
538
536
389
47
706
291
504
669
627
476
269
405
421
791
630
123
939
343
345
570
10
131
307
933
426
165
851
741
712
634
160
528
481
661
551
963
593
731
438
951
971
541
344
343
1
792
334
384
304
811
854
338
611
265
497
646
550
795
542
273
321
998
181
904
750
370
269
92
904
58
931
842
214
860
477
876
473
694
219
988
976
32
88
664
614
303
499
134
833
314
998
527
128
468
440
365
662
294
825
603
666
790
921
215
330
399
349
971
502
224
659
159
625
167
597
684
792
478
301
241
891
999
19
708
454
836
277
688
751
559
49
596
897
40
4
755
524
471
340
999
980
484
504
967
531
920
318
546
135
595
731
590
541
695
692
164
833
284
892
624
479
37
864
402
475
547
61
131
642
453
413
247
938
243
46
947
543
156
496
967
550
643
187
614
927
623
874
377
765
350
804
392
137
247
569
553
855
105
857
358
452
211
329
61
314
942
629
80
91
448
562
337
106
927
788
87
832
613
314
58
703
193
560
655
391
824
120
633
740
875
450
294
931
395
826
876
138
384
403
804
536
748
951
1000
516
915
670
906
298
741
684
474
681
143
298
7
101
420
80
802
511
550
144
53
41
102
588
747
844
738
610
514
875
366
392
392
596
143
920
916
754
627
678
897
817
337
246
890
931
535
73
919
628
963
512
338
511
695
482
604
457
937
163
968
449
463
852
476
763
126
114
872
926
994
942
196
334
47
966
947
947
622
46
114
797
523
808
250
258
871
682
884
424
416
354
800
172
36
493
857
432
245
379
557
829
158
920
680
865
246
641
939
952
141
692
493
208
89
41
570
580
815
307
508
617
536
727
581
664
491
427
87
56
586
949
949
863
579
762
105
206
694
218
442
58
291
829
463
135
277
203
297
299
157
697
328
359
769
171
245
323
945
453
392
442
395
173
442
575
443
566
296
440
246
652
906
468
387
607
124
741
329
655
437
735
560
321
41
407
465
765
733
395
602
122
359
14
469
580
861
674
11
243
931
294
615
922
987
34
576
357
655
426
955
361
211
490
627
32
49
669
755
320
991
750
286
252
49
73
743
806
120
261
999
873
925
296
691
947
69
619
600
60
684
529
263
614
975
441
826
6
570
896
814
386
582
353
24
137
101
698
236
617
478
137
360
300
746
634
130
372
888
168
877
576
50
546
940
929
807
263
228
716
61
835
59
289
634
1000
862
695
489
305
78
357
898
870
525
942
170
650
404
48
293
211
189
925
386
500
106
691
660
799
328
180
719
757
923
845
98
590
290
837
30
436
965
827
354
742
65
291
321
7
94
181
878
254
897
339
98
290
943
667
125
185
712
230
999
494
20
289
701
280
931
732
12
914
872
469
759
18
560
763
297
756
544
222
746
227
830
684
764
399
306
440
67
327
209
540
674
713
54
875
363
906
890
969
495
7
899
164
705
131
825
947
580
671
593
538
59
83
507
864
47
840
151
293
383
352
984
913
531
67
478
64
922
111
805
484
796
344
965
277
146
571
942
998
154
967
170
48
319
245
351
522
704
676
877
121
14
792
195
748
125646.0
658
541
78
572
430
926
582
896
8
319
11
513
359
498
651
563
760
894
348
974
113
556
893
946
192
765
97
970
666
488
791
353
111
845
349
819
253
100
51
161
946
731
914
247
127
15
829
653
956
133
585
138
853
116
56
973
521
165
46
246
197
150
192
829
860
819
348
133
541
784
566
91
217
40
388
173
280
303
766
558
914
175
992
90
679
540
479
939
35
96
565
148
27
568
324
881
423
270
617
37
391
991
275
562
119
600
719
148
791
476
947
641
822
916
550
906
617
618
965
840
620
979
620
371
152
704
422
894
832
835
29
841
389
576
924
78
139
874
49
299
585
217
936
406
796
393
713
110
735
873
141
665
517
296
843
495
714
861
780
281
998
663
168
773
542
279
86
382
624
289
512
251
109
193
175
499
763
150
304
443
850
420
694
860
695
693
37
662
32
241
321
347
296
720
196
401
278
104
587
813
650
944
748
544
317
70
114
477
856
9
606
182
382
269
656
302
98
911
905
190
135
680
391
92
702
193
417
264
882
41
722
17
780
336
96
789
776
682
145
913
832
612
265
471
338
693
497
416
465
867
871
886
674
580
487
709
125
482
585
249
621
759
311
475
915
393
838
288
14
751
431
324
352
124
264
385
346
653
78
324
64
219
1
352
592
583
651
377
206
278
201
634
926
266
732
351
119
68
296
954
110
364
432
914
95
956
62
936
604
305
772
803
322
390
510
992
270
221
382
450
983
874
404
5
359
561
360
615
185
439
68
115
89
195
492
963
22
959
601
903
939
684
990
95
26
152
328
720
232
161
998
638
397
521
810
212
814
973
754
28
309
788
226
299
307
588
962
724
577
715
484
530
240
1000
956
319
598
889
957
998
307
701
964
90
201
537
395
742
780
208
405
689
893
260
63
515
481
440
807
346
855
18
357
609
783
134
585
628
239
325
669
255
284
261
731
473
507
473
801
102
48
459
432
483
456
50
891
631
420
318
640
623
816
856
504
918
424
2
234
384
82
395
160
906
553
981
202
277
459
60
777
24
514
257
752
67
755
540
8
543
475
394
240
668
598
246
61
139
667
422
537
463
49
249
851
608
681
735
898
219
630
701
618
391
814
593
144
558
500
992
461
996
658
190
558
237
865
974
757
289
418
287
525
458
51
212
743
550
617
805
630
464
443
733
471
517
422
109
818
507
357
230
863
244
221
1000
685
957
554
822
367
961
958
605
835
341
513
264
489
9
824
612
991
16
996
332
758
57
509
654
773
884
173
208
709
36
704
755
997
617
902
559
275
64
290
129
316
966
397
983
247
715
501
972
590
127
28
621
935
888
394
976
416
824
987
517
988
252
199
627
987
786
10
730
657
702
94
880
30
809
602
643
510
776
919
769
854
985
225
333
233
845
873
829
633
14
355
972
80
927
928
764
961
198
266
93
539
649
219
349
167
835
854
71
54
610
304
894
775
549
876
612
965
976
547
137
891
233
427
18
176
795
861
843
29
991
565
342
479
31
8
593
266
192
810
490
189
551
484
940
117
26
864
76
810
391
379
947
816
293
724
48
72
505
461
343
467
533
441
47
781
149
239
754
507
31
110
973
563
38
601
17
757
787
484
495
971
23
254
496
153
551
398
767
168
228
310
850
870
610
815
148
996
477
505
975
686
406
314
851
627
226
433
3
188
527
750
736
465
709
975
232
394
242
443
790
615
123
287
308
583
388
963
197
387
810
628
213
707
105
601
969
670
849
756
423
154
585
347
133
250
122
347
610
326
112
910
504
699
276
598
775
547
694
321
509
687
545
830
888
865
136
374
237
669
191
362
923
128
766
531
558
441
186
168
6
916
506
984
51
922
662
386
406
28
64
370
790
677
766
622
782
99
34
31
597
118
487
833
269
639
434
859
146
132
704
144
345
938
90
77
581
368
124
71
257
891
992
965
512
475
720
98
926
984
744
108
131
99
259
938
263
813
679
206
265
834
654
964
991
382
771
551
267
244
687
543
761
785
714
380
789
11
618
578
874
119
791
755
33
401
706
343
951
928
489
742
405
328
665
811
842
900
989
51
835
838
388
462
536
121
832
652
882
824
192
450
20
222
913
278
757
622
864
429
676
648
349
686
304
324
509
142
200
742
796
448
698
694
615
44
316
218
128
816
632
231
963
788
309
379
513
399
580
340
67
736
667
326
394
472
489
55
386
821
43
837
306
947
136
811
615
288
991
590
350
62
824
430
912
761
951
582
283
466
610
772
416
146
306
55
614
836
631
730
489
83
322
168
297
125247.5
805
5
554
224
770
229
453
607
249
868
484
126
160
58
948
512
266
14
105
768
177
759
877
984
239
358
556
470
678
237
482
595
369
694
589
430
492
534
453
790
451
548
449
955
608
132
855
576
357
396
938
371
757
807
406
552
472
497
497
534
997
321
101
840
524
15
44
36
576
998
279
31
753
50
77
359
507
145
883
884
680
995
528
214
119
124
263
760
455
596
428
150
739
687
333
67
486
54
57
709
967
997
441
556
664
323
154
305
193
139
76
520
426
15
744
795
652
810
293
574
296
114
160
441
949
198
825
562
333
468
233
743
408
12
67
230
443
361
48
592
228
553
935
810
42
302
607
205
161
720
927
436
872
67
3
717
696
690
145
113
535
221
430
756
787
542
262
805
59
612
204
681
578
10
142
13
33
963
133
647
559
697
851
749
897
564
388
185
405
540
444
649
343
606
419
313
307
431
195
514
287
797
149
693
145
198
159
20
20
683
980
439
103
916
694
146
274
642
687
678
440
977
374
470
48
755
487
502
199
551
553
378
311
521
233
642
55
24
641
449
344
718
893
707
370
88
597
412
464
103
706
116
417
293
255
996
358
794
46
787
751
663
35
209
378
548
720
255
308
944
371
321
809
308
183
568
551
921
443
145
92
823
849
495
421
568
973
199
898
619
514
858
359
421
611
979
594
342
684
144
726
27
166
947
596
869
797
873
864
995
992
558
384
185
237
721
745
144
897
664
876
274
844
692
947
735
508
889
655
640
49
597
724
24
728
29
552
467
269
671
684
430
666
30
762
24
521
59
822
399
983
775
753
355
400
938
243
396
676
175
923
893
373
709
199
251
959
275
257
697
431
584
621
297
424
745
616
601
994
695
779
163
744
775
606
995
607
871
324
422
632
633
488
610
483
590
598
50
382
76
617
855
709
822
558
49
168
916
248
478
876
620
960
1000
865
655
988
612
658
534
457
650
151
203
294
269
15
915
8
115
145
393
382
957
825
8
343
524
310
791
338
902
85
888
540
305
807
2
519
465
81
227
496
416
878
397
193
161
973
506
469
740
796
44
395
957
58
721
639
735
409
458
163
797
264
114
575
431
949
437
157
699
852
550
971
679
117
4
132
417
586
677
764
435
389
320
642
310
280
540
56
198
811
459
667
260
37
774
934
240
258
141
953
514
888
7
189
90
167
472
626
739
16
518
975
893
661
795
503
884
349
6
624
618
630
539
477
34
932
921
392
804
943
487
694
112
799
734
219
123
641
158
29
255
494
817
879
337
954
434
40
577
902
873
811
715
390
510
21
697
136
229
400
477
81
971
810
984
818
681
904
611
323
530
226
519
683
681
759
666
634
973
609
499
366
566
109
81
460
701
316
784
174
172
441
745
194
710
861
506
616
496
450
285
800
805
712
515
704
584
376
517
807
585
752
904
342
599
813
821
725
863
110
356
124
768
158
947
876
147
522
796
256
418
839
22
989
285
280
610
827
902
557
363
217
649
494
450
567
548
837
774
287
161
880
216
391
267
986
978
827
510
436
195
222
113
261
130
620
731
102
695
704
13
241
339
877
160
184
58
282
227
199
453
445
679
296
643
645
818
381
852
835
411
464
397
183
222
105
50
441
511
566
288
288
949
498
878
542
591
779
502
582
107
215
91
175
532
439
350
675
303
738
959
222
433
677
227
154
826
118
727
917
779
171
961
132
375
909
814
577
177
456
289
954
709
42
393
391
498
314
47
885
394
612
961
758
728
166
968
189
319
686
98
739
334
740
888
591
178
488
79
990
345
930
509
171
31
863
606
417
800
640
486
803
690
164
369
374
35
673
853
392
43
846
358
404
927
658
438
246
791
175
101
631
202
761
889
116
464
532
759
261
88
830
402
684
837
986
516
481
863
315
41
744
434
328
396
224
807
180
835
781
42
859
729
864
984
979
680
661
122
448
891
158
958
579
232
649
349
857
166
82
57
692
914
469
413
330
125
996
459
186
532
833
518
923
33
594
783
68
666
176
505
750
6
63
547
218
111
656
144
649
900
695
818
663
668
1000
419
850
383
303
9
439
952
872
92
494
481
586
591
246
443
424
368
887
195
885
947
199
731
86
742
168
421
888
193
980
246
590
118
364
286
881
494
847
902
856
109
513
330
968
466
686
345
4
24
12
923
597
854
666
229
639
400
622
125
143
751
577
600
935
88
840
703
7
923
281
442
168
948
705
883
638
523
267
521
19
614
393
968
236
592
647
932
737
192
168
497
66
662
6
577
656
820
198
388
148
140
128893.0
372
512
192
43
499
461
507
97
393
23
218
33
708
836
509
210
832
693
82
726
852
867
299
157
800
676
730
233
338
255
77
388
468
682
654
69
203
653
108
748
165
630
756
838
450
629
142
863
854
720
212
596
848
917
380
578
685
420
177
445
977
714
218
661
316
280
592
719
166
68
575
715
179
626
895
786
182
4
634
870
315
952
427
437
955
306
839
853
671
55
839
166
935
646
749
34
877
552
874
770
642
491
437
380
358
140
886
589
569
870
170
79
524
870
620
189
184
265
612
471
273
806
851
17
846
153
801
377
609
629
714
961
428
330
344
139
240
24
488
805
886
267
444
896
906
711
615
97
976
76
44
666
672
751
916
934
635
959
588
319
771
558
643
58
537
434
134
6
525
636
318
948
142
471
853
66
827
736
485
224
849
794
364
710
880
423
206
774
119
502
167
960
813
955
486
358
457
784
734
507
668
86
603
157
930
918
715
90
856
884
675
350
548
620
530
445
80
325
942
737
548
449
61
749
842
803
425
800
383
18
745
890
540
840
881
535
732
350
656
259
669
416
558
33
17
792
629
108
688
448
97
229
701
671
5
461
952
360
277
266
661
14
570
674
104
456
972
102
693
357
747
455
127
654
366
656
229
164
319
122
238
106
429
54
282
196
639
382
50
146
76
774
48
128
534
520
994
472
418
653
399
783
759
639
993
200
508
739
714
74
882
160
617
287
873
349
66
210
43
705
129
98
991
784
428
112
441
420
337
155
156
880
782
992
98
224
617
542
857
581
970
947
556
893
246
257
517
324
176
613
577
342
882
405
181
770
202
500
444
986
940
251
216
783
480
983
544
559
577
983
374
325
326
44
77
405
111
88
336
661
392
91
301
301
656
305
740
940
401
866
934
251
941
603
215
660
244
286
293
432
448
674
105
620
14
323
380
773
820
384
939
520
796
836
332
124
973
51
195
298
963
857
282
21
190
591
352
372
30
686
132
819
65
699
872
207
856
60
498
305
386
379
987
547
525
182
725
795
900
818
258
60
421
327
629
140
11
38
708
840
403
487
87
335
240
866
78
674
129
854
94
277
867
616
674
696
832
463
622
510
373
282
641
895
39
418
844
411
994
361
762
48
901
229
481
685
461
948
622
291
440
578
189
244
438
170
372
4
443
936
921
556
796
525
166
776
562
967
757
360
264
780
615
606
716
929
594
87
718
328
909
428
256
92
453
416
351
59
426
891
573
760
483
997
241
915
58
405
160
983
921
660
207
597
717
362
68
403
806
37
650
829
640
492
334
633
590
247
641
898
115
497
786
144
743
514
425
44
594
54
960
373
941
585
358
503
768
297
777
480
760
577
833
714
259
241
605
191
832
273
946
698
819
231
643
489
856
802
472
128
357
300
765
973
316
877
974
594
577
441
726
104
818
646
273
431
493
639
321
643
576
164
685
984
646
892
236
938
875
119
263
494
666
999
336
377
550
263
271
851
901
870
928
47
719
639
547
740
278
630
67
331
735
884
206
961
553
183
812
594
490
30
619
71
674
21
157
37
467
636
331
216
981
13
914
58
506
240
565
40
187
874
779
973
968
873
758
134
70
86
273
822
878
727
576
741
825
758
631
82
988
737
199
470
962
32
114
117
817
946
464
186
479
892
323
528
994
309
920
120
320
244
190
19
114
467
264
814
130
84
51
739
179
708
219
126
970
89
304
24
8
479
549
654
675
535
164
575
733
754
471
684
62
191
175
698
122
325
117
132
432
822
673
802
730
13
557
490
198
906
229
623
483
36
339
40
718
694
881
208
538
939
259
910
388
379
289
309
106
974
167
195
931
390
342
853
229
974
486
750
457
522
605
183
18
86
792
184
300
451
410
87
846
508
897
997
617
301
440
445
377
385
280
64
335
36
428
597
181
592
920
926
804
890
829
770
794
840
140
886
168
325
801
975
216
354
928
702
23
243
873
260
455
564
871
646
901
335
558
196
188
386
31
780
832
672
204
142
706
376
242
78
498
297
523
51
522
545
71
564
563
303
900
937
686
697
127
686
547
998
873
839
415
602
726
925
468
147
966
112
523
244
437
165
878
957
460
104
229
993
384
38
734
2
570
801
279
306
544
534
838
638
741
889
528
497
864
704
162
844
305
370
332
857
876
255
333
255
846
923
448
403
337
925
498
290
497
649
666
265
101
180
802
90
354
285
511
856
198
393
29
392
787
972
538
158
282
253
449
805
310
562
897
231
346
319
211
801
885
273
846
205
717
564
221
257
550
308
716
400
126759.0
541
892
5
914
388
229
899
59
131
159
776
847
554
777
879
26
701
72
999
458
405
540
548
142
145
43
515
889
498
714
907
124
358
274
700
97
864
586
597
140
234
117
786
110
44
740
814
58
924
451
924
891
706
302
190
767
306
755
339
82
649
45
665
589
971
512
505
27
73
341
706
681
616
126
722
788
467
776
770
579
334
148
102
862
701
621
523
356
829
544
521
457
924
918
979
337
659
256
660
377
803
853
610
129
112
402
262
680
883
651
919
416
108
717
814
9
654
708
90
435
528
156
78
73
297
860
917
156
960
720
978
827
522
19
989
546
854
294
898
777
51
330
200
220
369
763
349
594
480
840
897
874
24
826
485
426
738
190
502
96
734
125
782
52
771
892
742
678
732
262
225
838
331
428
93
625
519
492
77
259
269
417
36
553
117
565
378
975
163
490
614
219
914
106
134
740
67
650
359
903
249
838
711
702
201
645
268
136
237
636
765
21
768
629
565
555
96
335
440
399
718
63
29
264
64
606
65
191
949
658
718
110
350
180
529
616
692
8
875
614
768
946
166
410
852
617
605
122
555
258
878
752
517
324
67
379
43
167
847
874
615
470
203
61
956
251
186
342
281
83
693
433
131
518
914
25
446
760
530
232
802
814
241
636
98
193
687
748
547
297
115
672
846
3
698
380
420
3
750
644
507
501
46
627
312
400
772
88
815
352
106
384
112
474
219
827
619
37
909
981
905
345
837
22
1
758
670
1000
932
935
943
633
483
586
765
201
63
929
163
381
986
85
163
38
341
870
162
503
159
304
167
361
542
881
476
275
767
533
564
937
340
198
494
260
751
384
880
646
825
603
214
330
423
646
844
205
210
173
861
146
849
635
135
766
454
495
430
758
776
443
227
762
524
499
654
960
414
49
336
190
760
248
665
24
650
862
876
924
110
891
855
189
205
982
400
439
769
851
546
341
269
102
274
44
417
488
245
627
302
509
444
355
25
712
886
126
633
667
593
314
942
764
249
442
603
17
191
837
196
324
406
398
351
174
382
501
784
734
8
326
486
6
411
126
913
945
96
844
380
738
899
813
475
554
730
588
460
545
996
496
475
378
181
934
590
621
399
598
215
836
279
893
972
378
507
221
914
484
530
913
992
933
932
567
216
176
97
726
52
211
169
983
982
949
604
672
225
632
825
100
497
85
455
52
852
13
877
127
764
308
964
402
286
282
124
933
338
801
225
406
310
753
82
625
791
807
500
172
262
466
991
178
876
945
874
272
344
923
499
296
609
440
612
304
857
796
875
235
395
993
549
573
232
678
255
758
338
865
787
947
881
198
673
699
961
169
561
210
419
343
654
258
356
632
100
316
448
281
406
700
513
312
783
895
425
32
965
606
459
867
643
913
395
64
748
720
951
443
969
364
805
709
227
829
68
520
933
367
758
716
71
933
278
300
148
952
253
574
218
700
235
265
112
122
653
545
677
574
309
313
891
65
94
761
390
141
687
515
915
455
639
268
678
317
331
552
289
640
171
679
74
484
746
881
922
587
160
209
510
285
992
698
814
942
307
142
351
830
23
439
89
527
201
453
998
261
964
845
259
344
169
19
485
419
336
142
519
762
534
564
857
116
262
803
616
858
546
526
12
285
786
467
293
591
118
294
444
518
608
183
439
468
74
250
868
796
580
202
987
170
36
550
928
202
631
145
793
596
734
560
491
809
425
746
651
64
27
261
214
581
791
123
342
859
355
593
50
842
99
508
111
212
954
662
907
749
232
647
142
962
512
834
28
190
735
626
403
696
461
411
153
545
772
773
846
680
889
3
421
478
314
95
120
698
409
697
341
929
925
977
164
929
908
7
822
515
55
856
229
45
547
934
976
482
195
907
104
4
317
668
420
135
135
804
151
367
590
3
177
859
717
423
998
15
176
734
605
875
221
557
327
281
819
590
362
781
369
872
851
563
644
981
469
818
760
886
569
151
498
263
307
379
998
267
901
900
792
593
39
409
532
43
420
309
367
266
330
785
446
566
965
372
237
404
570
794
760
658
205
460
490
828
912
965
468
426
174
981
873
190
517
647
856
980
957
91
931
203
734
149
588
236
236
964
976
108
152
881
527
27
266
586
374
591
687
512
47
923
841
981
151
850
73
63
509
124
841
710
303
801
626
786
181
934
950
181
279
389
909
504
894
847
845
963
340
608
159
854
385
670
139
85
581
662
21
294
219
842
459
86
118
191
287
282
158
398
249
495
503
841
809
105
586
940
444
974
805
998
888
614
122529.5
645
187
932
602
815
110
741
664
883
672
435
950
105
313
877
500
154
984
602
573
52
145
638
770
913
952
34
823
951
410
762
679
341
592
739
380
985
204
681
539
249
591
540
487
662
418
710
615
309
762
174
301
152
104
406
304
944
594
10
428
928
263
809
965
516
414
487
819
199
408
901
280
914
125
547
176
191
875
676
680
198
958
767
90
502
881
231
901
699
262
714
705
851
175
719
228
224
358
914
3
180
455
320
760
904
79
457
786
32
488
552
162
603
113
167
829
116
338
351
646
324
717
866
251
660
152
735
860
302
874
786
267
499
373
289
406
783
696
430
963
221
244
384
151
969
228
414
47
680
888
334
472
571
814
328
889
104
201
278
705
253
682
245
595
210
279
39
664
593
73
779
630
589
163
491
163
588
57
396
581
745
254
886
660
375
562
883
410
854
716
995
923
761
922
151
70
374
992
185
28
66
316
261
558
631
528
374
627
229
2
681
731
410
94
653
410
624
599
411
557
781
319
793
323
675
73
354
552
912
99
985
272
656
634
243
335
717
311
336
381
425
728
40
364
60
237
103
952
612
637
521
979
13
756
161
23
251
679
384
407
930
635
504
772
895
715
538
640
437
937
334
645
130
672
194
517
727
732
50
265
764
782
218
222
118
138
507
197
471
119
846
631
990
690
584
502
684
625
388
290
199
425
693
893
521
471
750
581
981
409
870
293
769
215
401
792
50
595
48
463
139
193
589
777
352
473
902
144
575
420
24
262
459
673
50
655
418
500
999
982
420
688
585
60
408
899
227
950
31
656
566
235
431
124
852
806
746
2
582
770
55
21
603
723
726
726
745
629
179
682
209
10
689
427
632
922
298
978
275
960
318
768
37
40
197
51
485
821
112
585
551
462
79
521
627
532
370
450
98
302
391
393
975
771
233
263
100
605
187
166
554
401
936
619
656
19
711
372
217
683
828
712
326
766
345
906
392
137
33
335
228
470
629
508
456
69
684
222
355
939
555
36
73
562
287
730
319
631
881
963
383
425
59
662
903
232
639
450
830
703
49
63
435
461
211
823
283
989
613
624
505
515
187
141
132
644
588
84
366
321
566
609
513
631
461
488
423
361
311
404
102
624
378
91
360
616
762
893
321
199
638
436
559
453
997
278
281
175
174
945
978
247
423
312
313
832
985
140
480
785
142
926
684
223
904
893
252
271
925
278
995
126
151
584
83
592
216
118
471
228
218
71
766
343
541
214
756
104
27
307
347
157
4
627
289
51
819
964
790
545
536
240
313
329
548
851
218
163
206
499
216
476
310
391
171
984
914
224
535
856
615
422
686
607
715
905
75
562
805
301
735
484
114
570
929
961
57
756
161
504
123
232
136
406
623
848
44
453
579
747
121
995
413
116
993
232
772
771
732
455
320
784
918
448
74
668
635
912
530
376
268
706
986
610
414
351
788
305
913
414
464
151
150
918
529
710
935
222
285
902
489
996
372
6
890
967
777
971
602
840
396
287
902
85
407
318
181
898
539
205
124
450
373
216
569
249
514
907
474
707
208
226
805
926
92
568
167
380
719
509
675
295
729
307
846
143
634
968
467
84
964
762
316
359
121
469
568
356
764
93
687
895
698
431
21
135
592
865
369
866
877
286
314
732
286
789
721
292
123
329
912
638
923
841
338
124
56
928
381
368
591
454
1
314
856
360
859
13
214
364
401
279
357
718
573
237
965
965
821
532
390
686
925
789
982
73
345
45
403
751
39
586
272
882
707
197
692
614
373
228
830
714
784
428
734
719
516
100
163
13
425
598
661
644
678
224
332
892
487
476
92
572
646
308
577
593
736
139
995
959
867
779
800
699
992
181
279
975
569
685
844
117
752
447
955
539
969
860
895
358
717
874
991
883
378
150
252
110
287
640
491
347
980
827
12
897
596
497
666
336
196
403
155
99
11
172
295
430
292
807
787
557
92
705
876
962
502
358
74
522
672
186
668
642
761
167
402
451
191
788
17
583
739
491
566
830
562
799
426
729
150
843
550
281
474
772
422
728
80
927
770
375
461
177
75
572
350
290
472
213
311
532
105
624
635
617
505
84
686
981
165
397
975
711
976
307
82
614
220
857
555
608
465
985
202
800
904
147
798
625
196
692
177
200
624
157
662
472
92
93
279
170
866
300
416
627
954
764
30
848
914
350
145
506
913
176
123
246
769
135
351
249
632
865
345
620
464
767
510
792
773
762
151
932
217
447
15
378
560
987
330
61
519
808
430
644
514
535
125
617
127123.5
714
774
285
588
191
676
865
22
329
45
593
287
66
829
986
817
25
90
375
786
413
398
541
389
403
168
473
571
484
25
365
405
834
209
575
261
725
113
380
483
387
146
75
780
267
533
745
685
802
886
174
523
810
56
652
162
238
55
166
830
148
369
162
838
899
211
244
457
967
249
26
227
106
416
11
628
608
291
717
102
528
959
755
997
91
159
372
26
116
31
415
182
53
130
274
234
140
95
681
236
533
685
313
413
779
670
148
974
506
514
790
695
50
930
503
935
837
420
687
281
713
936
926
244
652
104
870
636
691
106
743
16
788
88
585
955
532
612
805
751
735
816
360
206
87
37
579
614
126
447
805
822
458
713
565
480
654
971
298
666
586
824
696
918
952
383
453
398
783
1
741
731
148
976
865
833
142
250
621
524
142
166
424
874
284
57
939
478
746
358
677
711
313
701
623
630
468
433
76
179
586
501
946
477
553
930
193
146
184
555
188
113
871
133
891
400
791
516
784
535
136
537
339
869
688
112
828
763
438
89
388
820
975
998
861
5
59
548
435
620
831
237
266
782
593
453
864
546
663
919
890
757
614
86
954
568
895
906
605
675
598
754
749
377
958
28
943
886
209
873
849
530
456
599
352
407
812
410
996
300
509
894
788
537
873
721
159
279
422
614
324
231
405
70
830
284
25
929
586
231
707
98
806
808
357
76
471
438
755
411
894
365
778
449
397
41
283
33
17
258
489
127
461
740
874
709
637
486
14
164
954
757
665
230
698
879
773
831
172
570
711
791
612
565
772
462
435
268
292
841
712
425
60
942
322
844
632
47
952
571
113
822
207
542
286
784
321
975
743
403
957
849
629
346
283
790
419
977
832
751
625
428
755
93
475
762
844
638
487
678
532
839
442
86
678
359
861
566
766
353
733
377
448
78
967
1000
599
510
595
111
896
40
737
663
893
799
772
324
586
380
180
53
775
227
675
145
630
43
610
83
483
123
536
358
400
210
777
170
591
493
218
921
358
199
103
184
278
694
599
161
223
270
144
894
787
607
495
645
160
191
104
393
920
73
483
460
354
261
726
831
575
726
626
891
354
524
841
237
810
25
772
498
341
783
181
495
125
813
928
892
215
772
393
984
195
784
199
845
633
939
302
52
279
638
440
101
816
943
847
445
750
798
26
930
733
607
960
445
294
794
134
565
440
969
169
710
650
427
508
201
500
280
465
669
259
889
810
279
841
752
964
651
384
125
856
962
384
749
790
484
364
452
677
465
299
788
968
630
936
648
348
437
777
54
747
669
273
122
480
11
138
500
35
386
394
693
692
274
565
915
241
115
383
985
698
572
806
91
722
692
368
834
902
814
861
445
488
567
844
578
472
277
593
245
368
890
278
28
293
429
329
550
59
86
112
223
996
526
59
983
365
258
253
30
720
450
572
158
441
363
928
864
205
852
4
170
64
889
479
240
647
70
384
249
135
383
770
280
393
877
745
36
270
399
211
133
420
386
830
482
650
856
536
68
837
402
422
102
189
245
682
666
37
752
262
627
455
890
653
965
903
813
528
920
408
504
111
392
89
828
631
765
801
758
501
492
782
26
495
373
144
581
223
702
688
793
314
413
172
767
857
339
577
804
506
569
895
647
64
850
258
216
676
608
507
357
627
726
208
824
731
327
81
694
442
977
972
2
66
810
881
247
117
142
181
103
220
38
635
763
707
695
475
411
248
947
188
352
377
553
814
308
538
7
655
230
804
377
434
563
385
605
88
113
966
163
576
983
580
998
854
908
221
469
951
17
386
19
697
460
153
630
402
342
232
268
282
424
768
493
453
596
663
667
411
461
964
236
705
67
222
174
627
124
159
665
925
172
52
519
137
120
563
416
762
156
190
622
161
638
200
597
152
920
452
302
48
398
849
587
895
130
546
436
627
639
717
692
817
615
555
799
239
280
386
453
309
220
101
423
277
75
282
482
689
900
201
465
783
730
554
35
29
611
46
298
668
544
678
8
875
802
723
706
186
459
486
60
647
896
162
790
220
844
657
245
519
320
606
643
855
115
352
842
856
386
404
116
429
784
267
874
674
454
758
208
942
970
738
672
249
998
628
959
808
635
855
120
527
448
624
706
128
531
335
718
125
804
529
534
48
365
462
775
147
327
643
720
323
767
657
502
192
607
265
231
579
894
688
712
871
125
42
944
774
412
640
506
488
553
53
132
460
941
709
547
157
375
375
882
584
536
545
517
141
731
860
455
288
766
109
627
86
258
824
360
763
147
239
753
128395.0
175
413
673
263
112
60
866
12
178
183
81
899
848
658
725
14
616
320
699
765
84
201
786
357
131
257
214
636
924
72
516
282
789
857
824
97
905
674
19
945
7
678
581
998
940
147
808
986
812
341
632
708
473
663
481
513
642
19
384
865
537
650
753
243
979
397
874
75
456
269
154
456
439
156
143
102
724
550
956
979
595
168
963
14
360
805
222
931
885
91
191
321
725
775
755
528
535
258
777
865
589
339
879
569
26
855
107
496
680
155
223
940
230
766
891
393
104
310
916
402
931
587
288
566
362
807
43
838
545
102
733
921
59
349
931
106
323
918
420
922
417
507
295
309
823
212
607
422
270
454
775
447
485
973
699
572
28
405
432
215
772
115
306
530
466
632
432
940
229
574
977
264
572
469
717
915
355
231
930
708
197
724
675
511
221
563
898
489
122
731
166
829
630
826
902
987
123
661
10
139
278
682
379
181
967
566
150
570
769
475
522
872
675
557
455
335
446
862
499
734
484
570
427
872
222
350
462
946
563
500
93
646
261
196
966
421
467
273
119
823
911
78
357
126
997
366
228
873
894
117
358
615
156
292
642
506
270
883
904
360
373
195
548
298
158
915
947
148
847
48
752
478
10
257
40
390
801
160
824
813
37
108
789
54
563
777
557
529
309
942
190
807
658
936
243
452
740
136
439
756
262
839
836
836
954
762
547
387
97
312
686
312
977
32
267
85
822
594
276
513
252
944
873
39
643
395
512
725
485
230
436
941
779
753
393
35
228
47
338
7
891
374
552
479
307
325
383
718
466
572
163
736
997
515
410
599
539
273
991
224
325
34
471
770
253
610
103
792
644
393
673
428
247
648
292
867
285
525
355
396
788
384
605
178
442
256
742
405
385
720
687
695
53
64
914
34
729
903
612
116
876
311
751
338
172
539
964
797
66
714
26
135
581
700
961
728
582
371
813
651
233
264
111
208
601
75
751
272
222
965
927
813
155
884
629
331
154
112
265
585
378
672
101
149
522
477
336
250
796
664
346
176
823
406
775
101
647
691
298
302
90
698
973
17
938
197
573
668
520
865
956
451
932
158
223
445
458
148
973
479
615
768
314
94
248
654
380
769
677
969
188
142
198
800
528
44
773
193
872
374
550
752
152
81
837
478
110
68
37
713
780
532
979
600
679
902
351
257
124
42
694
333
787
49
696
284
524
559
228
917
533
995
906
234
648
751
701
861
257
660
336
517
21
200
724
328
717
645
936
896
892
298
931
160
324
887
433
437
611
568
885
986
342
971
812
238
478
579
221
107
996
523
599
474
280
467
824
895
444
442
927
840
593
121
931
55
956
306
858
503
124
272
264
834
760
880
896
92
11
787
343
822
181
653
434
800
983
7
728
386
373
502
351
753
413
876
204
58
742
358
82
243
515
545
351
555
962
249
800
620
833
909
560
554
978
957
602
219
311
63
933
206
655
163
716
971
572
146
325
554
401
801
513
743
38
890
241
125
467
452
580
574
269
900
133
525
91
502
300
367
547
227
63
206
318
173
714
984
33
494
244
833
502
782
847
615
116
618
480
988
334
805
362
939
174
636
518
319
393
393
391
753
574
757
792
105
36
90
789
940
802
984
417
452
359
782
108
969
614
371
80
678
298
93
369
308
251
113
883
286
835
116
542
613
312
166
787
703
70
703
702
441
577
452
874
779
324
375
282
808
744
674
674
169
952
930
18
573
644
405
874
990
834
54
853
20
841
910
840
760
619
969
902
111
760
59
420
498
498
68
323
50
663
243
761
643
818
714
852
252
393
415
200
147
266
69
495
365
823
631
329
462
426
341
978
152
382
438
894
224
537
957
881
305
7
739
410
545
645
401
39
713
587
724
720
44
889
167
855
428
278
930
822
644
347
515
319
215
268
151
96
832
70
782
612
814
775
59
858
551
696
870
779
880
192
469
313
774
60
827
961
187
742
986
463
887
980
102
593
202
728
148
69
305
472
203
932
178
308
152
519
672
413
304
683
131
101
844
872
328
296
447
252
204
690
638
114
330
851
788
299
562
498
496
48
897
861
98
563
514
631
354
777
203
812
183
13
68
676
964
371
803
560
498
728
797
503
865
66
888
529
368
240
572
461
91
262
267
456
851
3
132
22
349
473
113
10
952
652
164
963
499
445
853
586
948
305
395
97
935
297
244
102
79
156
40
14
242
440
267
460
768
529
983
453
964
55
868
247
161
924
894
779
841
830
27
163
163
645
941
749
515
543
715
971
12
868
419
330
266
124153.5
823
209
546
481
808
478
929
29
108
579
112
712
765
864
133
989
961
242
661
6
728
325
673
238
839
495
343
741
344
115
138
494
904
995
467
642
503
792
952
98
166
345
49
428
961
361
534
334
979
957
491
57
279
300
196
557
298
810
373
491
294
102
767
277
632
285
552
256
473
310
898
433
227
404
386
214
96
640
18
753
418
943
770
382
45
259
291
499
583
153
737
699
560
12
190
387
719
162
877
203
456
976
677
475
996
730
90
890
891
152
387
734
687
151
358
168
273
355
653
439
119
601
263
500
702
356
665
935
696
574
373
495
786
150
99
591
678
975
248
120
20
61
282
754
368
366
456
622
72
798
489
315
485
811
467
249
226
816
386
728
495
116
307
418
417
688
778
908
897
755
851
729
490
808
104
443
211
241
890
124
459
642
395
477
729
167
993
71
549
851
43
27
366
334
451
257
634
186
597
704
533
415
560
162
959
850
214
580
197
499
68
737
600
73
872
762
652
272
529
618
249
503
938
394
196
341
188
580
470
401
820
465
54
785
574
614
732
962
185
998
300
974
719
955
335
182
318
982
582
194
742
752
833
215
736
527
572
614
100
528
115
750
721
548
938
700
243
637
632
214
391
885
13
820
695
610
230
555
960
192
458
268
926
709
678
317
113
328
685
336
645
613
90
363
230
991
512
464
904
417
695
250
951
694
369
549
191
358
147
210
867
666
293
405
938
315
99
999
52
943
433
599
192
775
454
323
254
676
512
53
152
367
761
484
929
854
775
924
148
370
468
745
426
319
17
201
922
908
732
713
157
761
949
174
825
179
51
101
760
507
872
172
986
365
876
299
685
308
575
56
597
531
721
448
179
486
847
906
399
510
814
445
885
774
56
137
576
105
624
424
327
599
274
205
341
718
511
742
33
561
293
740
383
181
225
166
66
472
649
18
87
241
975
230
735
697
841
176
302
266
310
126
779
428
79
893
513
541
752
636
529
757
31
335
696
176
73
712
466
939
166
177
649
14
507
266
309
104
369
430
286
897
527
669
296
384
920
800
886
954
490
552
833
741
468
529
21
516
384
404
610
734
817
147
43
752
761
669
48
104
197
929
576
74
739
545
416
951
905
499
897
732
111
152
529
311
888
858
118
780
730
928
368
164
853
521
499
709
522
500
761
381
750
510
969
19
298
940
465
727
898
990
943
942
443
802
530
837
846
965
29
734
716
914
909
152
25
478
232
250
379
532
921
225
219
218
273
743
429
770
589
876
732
345
571
359
512
481
557
980
429
505
539
113
799
159
983
738
128
971
506
498
274
593
65
516
448
802
152
928
308
748
720
867
207
303
590
661
198
564
536
792
746
58
999
535
860
820
361
193
7
578
870
233
263
333
618
728
858
186
790
48
30
696
372
827
403
82
609
814
352
794
604
531
76
245
473
584
588
906
337
444
669
182
679
855
725
596
172
185
184
42
294
660
571
279
49
341
332
162
982
936
687
201
158
585
994
995
243
838
963
735
663
630
666
831
884
924
281
789
101
969
429
334
945
721
302
324
778
165
31
272
979
538
216
935
916
460
723
589
934
33
5
988
502
347
530
923
730
20
859
131
240
224
491
583
318
33
30
540
913
393
315
554
260
76
891
141
658
210
12
242
985
6
548
983
397
920
480
801
781
655
953
760
355
993
394
581
257
997
146
974
975
531
410
102
245
853
568
780
335
473
62
57
750
80
653
868
457
218
649
603
450
561
503
935
30
568
917
379
270
49
614
904
904
469
855
974
136
591
275
927
283
804
334
392
31
410
391
275
846
315
334
168
601
853
179
413
144
644
281
256
970
449
166
489
418
306
757
925
215
390
735
446
717
430
106
539
66
684
890
345
218
587
357
556
99
76
808
81
777
563
483
848
912
204
334
9
455
655
90
205
655
220
648
207
561
769
75
191
931
929
688
752
764
70
135
149
466
270
672
767
847
319
324
287
506
875
35
918
739
684
853
179
758
917
517
126
173
772
108
908
86
127
882
169
585
411
320
358
936
468
589
251
283
143
183
916
526
272
995
26
585
368
224
482
373
787
502
889
982
683
220
521
667
550
224
734
628
456
354
742
446
122
151
889
353
230
788
80
120
2
477
180
764
723
64
332
145
322
370
540
104
722
599
340
326
309
842
433
204
538
72
739
29
757
579
938
584
867
303
893
183
615
153
361
697
223
903
276
1000
796
984
241
717
75
27
955
540
652
825
786
659
760
167
328
775
218
149
404
506
2
966
204
127
745
618
72
818
908
