500
14
126816.5
5
281
229
344
100
800
622
846
765
446
331
723
902
300
605
195
608
39
430
557
666
408
428
637
686
713
85
228
854
402
902
87
341
800
121
109
173
185
484
381
218
971
464
941
58
891
744
553
356
719
303
836
504
157
275
782
348
343
216
853
135
287
784
95
79
697
471
13
961
719
228
98
695
361
797
20
539
496
183
824
24
184
570
116
803
144
435
811
597
697
21
980
124
868
421
971
908
986
202
687
553
948
621
157
924
710
891
927
6
345
414
83
776
818
942
542
421
127
971
119
879
522
524
383
138
989
689
322
930
218
648
628
66
221
957
965
795
18
723
453
302
480
376
98
543
35
213
490
709
782
692
546
774
930
868
598
300
518
928
113
78
737
282
170
750
821
708
879
184
173
706
889
406
800
615
541
744
365
678
83
115
851
356
769
383
276
155
287
346
516
100
471
914
153
729
921
941
711
579
72
363
55
490
498
421
857
250
458
998
667
431
484
975
758
594
462
861
419
431
956
533
525
596
552
980
217
1
891
362
665
596
649
442
508
372
123
723
166
381
641
204
252
178
807
997
757
332
539
397
173
294
791
273
758
130
552
138
334
543
138
291
521
433
261
452
118
409
604
818
892
785
366
197
713
705
243
356
613
582
125
286
540
334
355
190
535
466
725
824
95
763
180
42
553
725
776
520
84
992
479
276
494
645
690
303
537
825
525
990
840
516
398
911
27
839
162
81
285
72
75
11
938
493
579
451
869
869
536
456
762
83
93
344
63
992
861
509
110
983
644
894
870
69
838
866
653
222
926
91
74
388
521
742
384
127
419
476
237
975
163
65
800
512
873
240
35
119
327
858
657
591
519
869
444
858
808
700
16
479
988
32
137
88
110
373
119
263
656
679
314
274
324
99
804
562
927
454
211
388
689
365
892
69
19
803
192
216
459
576
78
925
150
625
434
573
690
953
453
455
441
444
638
117
783
299
500
472
835
305
226
437
430
92
220
722
367
804
897
779
550
528
1
246
725
13
613
302
687
42
581
679
195
209
89
944
621
392
444
117
716
494
204
111
473
576
430
121
185
840
304
179
644
735
902
11
483
701
293
350
478
520
645
820
29
177
661
563
944
63
490
994
173
850
805
255
251
847
648
60
415
988
734
619
507
697
345
744
488
827
795
743
376
959
345
229
630
647
356
449
924
698
440
381
234
291
391
419
453
432
932
588
876
301
9
949
922
641
431
869
214
14
339
826
473
815
539
890
280
531
762
410
466
26
811
378
211
349
747
549
162
906
718
637
153
78
952
250
752
123
490
415
434
727
846
31
641
48
727
146
231
605
5
758
219
813
155
489
380
806
57
839
276
430
926
906
847
179
569
978
688
328
529
762
752
407
405
668
397
973
174
737
848
921
125
869
709
918
235
823
707
584
112
16
231
483
698
486
994
498
167
409
952
789
721
896
66
907
618
977
776
111
570
964
547
819
227
55
207
336
324
124
858
734
125
211
838
49
450
145
14
418
549
617
172
328
981
543
750
4
659
101
20
19
263
964
114
24
186
973
710
940
133
998
600
965
381
451
649
520
487
847
174
490
107
211
839
10
583
882
222
638
896
520
910
618
716
962
393
644
249
824
262
750
228
38
72
530
134
783
807
792
648
185
80
75
59
500
522
217
60
812
269
701
614
814
572
862
906
596
172
134
54
606
754
541
107
699
869
433
389
552
713
634
855
777
952
614
258
641
670
368
134
533
651
92
849
82
595
76
580
512
86
796
131
475
262
23
892
145
120
740
675
391
291
835
207
63
646
855
420
682
462
82
625
820
646
221
454
614
583
151
990
504
334
613
927
721
652
965
858
616
979
374
870
585
31
142
43
759
189
189
5
893
421
471
45
418
249
912
590
12
992
828
612
286
282
151
896
977
936
97
12
121
338
245
166
924
876
880
933
536
785
38
746
509
809
533
830
221
696
411
684
469
458
122
509
275
63
511
699
885
999
421
134
514
757
418
692
660
21
293
973
970
270
467
741
817
303
458
180
627
686
918
541
12
181
230
298
999
702
137
299
557
271
823
983
858
58
239
357
127
562
341
889
768
83
474
381
813
29
469
302
175
996
654
61
551
730
179
378
954
956
785
487
990
62
252
716
695
186
173
434
282
327
863
518
672
452
480
771
897
92
48
951
596
628
36
530
554
729
658
739
71
769
567
983
915
668
954
314
529
28
612
802
677
6
110
900
902
853
980
830
212
674
476
948
809
124
584
456
353
590
151
391
54
533
907
494
528
674
125614.0
628
623
762
836
718
621
757
888
143
590
471
657
531
280
936
712
365
868
213
321
211
859
900
289
980
308
126
527
278
450
105
671
606
954
707
61
741
730
537
932
898
19
523
980
838
25
545
860
489
858
844
69
617
235
179
984
433
822
172
109
375
737
276
254
718
787
622
68
716
524
678
22
48
20
532
791
937
758
225
68
719
912
319
983
667
72
802
480
48
564
231
378
746
58
92
673
671
232
464
341
752
732
974
391
476
206
505
422
278
161
598
162
481
120
15
651
609
84
154
36
232
560
855
675
118
276
16
535
802
410
110
84
399
545
920
276
726
123
233
291
433
736
37
34
539
277
204
176
959
366
685
945
50
776
696
50
778
964
112
97
658
620
578
271
829
917
172
133
116
916
489
632
910
286
955
160
905
281
185
430
776
110
35
600
486
344
990
676
142
958
124
27
915
475
150
297
700
224
763
771
155
617
305
495
614
85
20
445
1000
872
277
835
491
541
895
554
663
98
7
378
467
826
279
732
770
839
69
456
921
750
192
989
669
947
338
820
686
835
721
88
543
960
516
618
450
783
342
720
394
271
319
781
336
958
799
670
879
399
877
685
940
545
145
283
838
779
590
622
473
43
134
378
457
385
700
715
125
298
496
121
109
197
497
63
245
946
11
7
903
581
243
91
644
180
311
491
921
153
429
767
605
976
593
241
491
666
82
890
150
176
129
368
438
180
446
96
824
384
306
885
778
486
732
372
389
368
51
893
319
367
919
754
991
592
297
12
267
56
826
131
436
737
872
607
705
129
158
889
38
30
342
872
172
709
119
304
177
853
649
622
214
797
97
216
983
877
529
290
626
148
806
958
194
180
324
407
651
574
771
106
988
572
925
248
370
2
97
673
573
129
220
98
485
870
10
926
68
611
210
567
882
504
227
417
728
818
550
223
82
460
50
347
628
475
556
977
492
281
564
805
312
121
822
861
923
249
285
830
490
382
935
65
212
519
772
474
382
366
733
921
583
979
163
156
863
178
772
960
968
300
895
844
82
191
169
126
170
182
417
755
148
909
674
104
796
747
133
736
992
245
598
271
887
176
269
10
653
289
841
900
322
827
291
812
920
912
339
778
644
944
765
820
674
628
89
212
82
522
651
563
62
431
529
370
780
569
129
631
701
517
504
517
933
186
501
802
149
679
951
51
985
20
906
272
829
916
721
44
954
343
728
135
393
886
271
790
837
549
597
426
170
580
450
366
681
928
113
413
397
452
789
797
700
286
128
526
305
11
926
150
407
723
384
902
748
263
293
781
952
826
456
464
707
488
902
737
859
618
731
322
574
850
674
145
716
599
593
203
947
874
700
903
62
310
502
492
563
328
407
637
4
350
70
404
672
331
960
63
47
649
279
743
356
113
148
85
504
210
517
562
717
326
538
65
837
161
732
877
415
749
23
396
286
520
190
214
824
801
959
577
424
843
689
999
734
949
276
137
706
477
786
545
73
181
966
938
560
939
158
708
514
525
633
531
882
754
958
183
583
347
874
540
290
639
389
689
668
232
142
756
177
344
334
637
238
852
136
726
120
547
105
339
273
25
448
234
753
431
174
982
150
740
125
437
273
69
441
215
572
935
701
910
733
323
115
347
305
684
610
631
399
823
902
839
469
566
832
571
457
670
282
329
347
322
73
777
627
638
98
283
830
211
255
865
819
367
15
126
926
238
867
454
531
687
495
410
280
197
751
382
38
584
74
933
228
476
120
109
646
350
122
444
137
95
466
821
379
191
695
297
588
14
581
686
588
661
480
890
122
493
536
774
239
623
604
952
684
329
883
882
619
835
416
517
661
223
400
597
686
506
663
493
798
559
616
873
176
892
559
351
869
224
937
685
291
700
523
98
65
698
837
646
89
702
289
598
462
648
691
548
69
225
977
327
653
960
344
145
857
955
707
740
893
603
198
694
843
760
118
842
81
903
472
124
288
210
266
578
331
338
273
538
944
769
995
450
724
231
831
30
263
176
569
666
489
786
151
999
254
145
908
441
141
60
469
94
998
619
211
157
110
877
805
7
433
160
66
997
950
736
491
569
38
335
766
252
885
953
910
592
357
999
340
999
123
411
11
252
31
539
821
465
358
247
685
351
889
286
46
460
358
444
590
63
58
922
612
51
520
895
297
874
658
503
409
95
911
480
727
324
104
678
803
838
588
261
550
795
899
680
312
797
680
179
864
645
774
30
481
125
688
290
394
965
848
189
917
898
87
84
939
845
914
883
491
826
148
36
716
940
123012.5
286
416
688
397
250
642
772
613
56
450
510
414
538
944
309
204
171
676
615
458
968
397
767
295
116
699
778
9
844
777
691
76
562
873
999
785
673
318
129
588
421
781
869
416
20
423
624
154
319
360
417
581
943
559
201
752
158
531
964
29
275
454
145
452
673
639
843
715
382
383
174
5
367
942
586
697
527
259
702
474
481
577
813
800
682
88
608
712
992
28
435
45
631
609
550
952
177
743
957
828
317
633
301
565
325
218
643
159
146
613
575
933
967
564
751
354
934
240
157
399
293
957
588
93
715
348
633
652
265
98
908
303
63
621
198
505
433
114
728
589
893
255
342
728
158
309
392
41
683
529
757
994
940
355
24
431
811
789
186
951
314
500
293
406
22
687
493
891
785
637
265
351
969
256
688
370
411
826
369
697
389
207
644
584
369
863
444
809
726
884
532
673
481
601
754
329
311
46
593
820
182
976
139
942
819
860
81
891
722
172
488
530
772
516
25
512
153
821
366
674
881
887
86
441
501
781
778
102
413
779
547
965
439
461
374
327
593
760
140
108
132
341
401
897
658
292
6
908
952
884
963
620
639
362
873
372
819
854
527
583
710
912
229
458
743
45
535
109
615
381
559
150
324
701
198
308
571
852
34
930
448
736
314
652
676
959
359
29
1000
847
659
132
716
666
163
928
96
674
860
479
518
404
787
12
817
28
988
639
943
267
366
800
409
701
715
828
169
115
706
766
16
357
773
700
477
216
362
207
836
903
945
57
919
716
558
559
919
421
469
872
552
273
575
763
199
792
90
643
82
742
559
301
16
272
471
55
349
872
682
355
18
520
639
455
15
434
659
663
606
548
368
711
826
913
424
71
21
58
242
163
405
724
105
240
111
596
61
339
313
839
367
726
54
510
689
959
725
557
801
484
793
977
791
740
518
653
864
149
215
991
700
331
35
671
924
406
220
418
436
353
223
673
595
479
137
857
711
405
138
674
35
303
3
380
848
974
852
643
677
52
101
201
456
439
695
354
610
774
84
446
170
48
72
303
627
892
717
457
702
558
776
544
378
176
844
724
688
847
3
640
182
548
539
394
543
602
230
396
693
780
169
526
8
30
618
536
201
837
172
655
315
860
902
575
348
523
753
587
789
602
571
620
525
164
486
189
668
358
668
94
1
93
791
384
324
20
520
867
274
727
266
612
891
692
84
955
511
383
494
811
373
444
409
627
610
644
288
520
548
80
374
646
888
209
5
766
750
709
425
509
654
722
542
248
125
931
425
642
198
50
228
123
762
158
767
278
467
567
87
270
450
161
883
102
586
473
769
38
555
693
433
301
5
20
824
179
485
130
795
674
710
341
25
245
112
629
931
766
785
938
862
950
471
468
568
935
920
243
390
333
505
67
405
88
816
587
439
382
206
159
561
648
2
927
537
614
742
531
801
528
691
101
393
299
860
788
689
882
213
732
113
157
601
47
172
279
814
763
72
197
944
88
455
623
486
196
169
683
786
113
755
230
745
903
523
169
185
376
180
552
583
952
527
288
316
397
389
759
171
242
922
678
330
309
478
390
216
144
146
106
362
828
139
55
185
998
583
552
260
874
619
535
559
117
597
614
441
180
681
420
9
176
669
958
605
518
675
16
39
209
386
71
552
177
732
787
914
248
339
713
794
705
384
888
571
769
66
624
266
820
508
898
312
112
492
449
940
149
533
424
81
364
47
807
283
395
922
653
766
264
664
188
430
645
979
759
985
16
938
373
514
576
669
137
835
142
913
942
603
143
513
5
450
367
593
755
107
83
448
692
289
645
278
636
186
785
715
680
184
173
672
732
650
346
373
561
654
734
718
210
761
700
383
800
532
557
441
46
129
308
700
936
119
496
205
880
452
755
609
813
223
561
362
332
50
330
624
616
849
180
746
68
41
200
147
447
738
454
640
273
59
628
142
432
992
595
608
288
262
575
521
311
607
239
635
951
849
689
168
983
890
234
239
967
725
284
253
294
524
775
758
853
126
785
508
659
920
249
728
751
298
385
352
260
628
172
676
893
51
16
619
940
919
972
200
374
844
702
513
881
4
244
912
308
677
743
447
204
641
673
216
153
972
477
69
680
834
466
74
871
31
322
60
336
208
295
368
926
307
214
797
667
361
475
1
28
927
75
615
64
300
506
532
339
545
507
354
569
61
659
863
651
251
337
50
199
241
492
910
31
286
660
518
757
350
147
873
973
793
304
346
300
977
707
320
876
903
682
530
371
664
130
780
436
696
266
933
565
166
612
127877.0
913
977
752
541
994
929
445
302
198
907
271
172
451
681
84
663
488
405
389
901
441
62
184
450
751
876
183
591
143
434
959
1000
608
168
333
521
629
527
842
812
758
632
752
621
109
282
525
869
750
700
588
782
930
604
975
182
985
939
576
483
674
650
775
738
896
163
941
677
120
719
521
2
406
586
209
185
951
619
933
410
531
69
641
116
449
138
171
668
26
951
409
313
71
178
42
830
469
245
316
449
211
350
36
939
366
487
234
953
340
524
13
895
828
928
106
263
971
785
798
809
301
981
156
432
520
491
525
147
591
593
353
403
132
63
421
346
12
424
735
435
453
849
635
384
938
153
612
72
901
524
550
620
288
117
981
62
309
790
610
625
660
325
85
236
948
212
783
495
616
438
705
299
575
622
188
81
903
227
673
102
161
422
454
234
671
711
715
74
552
318
407
768
895
339
415
742
183
221
838
987
323
921
938
17
633
613
117
703
81
699
455
872
73
22
17
393
736
333
605
346
969
206
738
235
248
6
344
512
677
462
541
51
614
992
158
785
10
396
894
901
710
830
256
811
941
63
192
30
197
28
423
252
176
977
676
176
377
839
943
350
340
709
558
716
882
196
521
957
370
139
612
637
584
768
276
526
407
244
425
181
329
283
223
449
230
285
905
85
989
989
513
6
847
186
275
270
325
867
280
832
703
556
260
821
266
401
927
570
242
716
432
788
900
698
6
369
126
347
615
111
203
485
964
46
978
149
874
885
304
791
369
691
135
70
230
357
501
721
381
55
481
748
226
951
504
382
110
198
958
433
196
530
408
726
607
681
213
929
311
789
489
920
436
675
677
458
410
497
996
181
322
605
978
726
525
407
682
247
561
734
801
497
950
967
602
398
636
744
613
759
78
290
247
864
622
600
816
261
723
38
409
17
469
910
808
846
946
251
825
144
107
536
514
676
886
809
828
109
365
432
904
557
360
919
272
56
803
785
650
698
922
779
755
658
354
354
241
135
202
399
486
728
1
605
65
682
777
212
155
696
626
714
362
655
96
946
973
748
647
306
982
315
249
204
723
357
808
752
704
231
572
792
356
195
395
331
742
189
110
153
942
279
923
411
409
236
394
711
919
284
488
848
942
245
702
788
67
781
242
860
705
20
940
323
80
699
677
239
12
369
193
160
858
502
470
502
985
906
722
76
63
626
242
558
608
861
116
378
284
638
541
91
851
57
614
980
460
527
440
493
373
277
370
3
959
350
649
108
78
27
202
936
145
252
862
957
737
991
706
468
624
17
811
755
366
574
173
370
639
662
428
176
135
939
423
197
351
447
482
670
254
597
706
81
899
630
100
185
898
852
933
492
288
832
999
623
960
22
570
648
610
117
875
364
870
111
656
84
812
125
29
427
872
236
246
518
479
57
938
310
892
428
874
875
402
636
771
218
43
883
122
542
787
748
748
56
73
970
987
606
600
594
25
190
243
251
844
602
595
547
36
301
584
778
561
180
928
511
732
965
840
743
29
631
970
368
118
825
195
984
116
103
593
582
332
476
927
740
140
492
855
176
29
450
661
999
523
180
835
181
773
148
755
220
181
540
161
160
740
32
906
318
803
935
155
724
958
686
483
821
320
514
394
797
267
252
883
931
65
842
276
714
761
186
395
392
232
836
644
374
286
106
327
535
530
557
493
946
419
187
48
660
878
417
281
634
48
834
958
138
722
2
514
783
905
910
825
445
243
746
933
580
675
545
493
161
186
829
613
496
218
949
582
319
255
550
600
214
146
567
800
306
827
799
953
984
952
793
680
246
852
419
719
134
711
229
229
868
242
573
173
87
805
754
354
940
843
859
74
878
97
121
791
650
342
268
876
961
762
113
688
309
563
603
526
671
953
124
616
752
532
155
636
627
310
108
152
933
761
49
848
322
630
278
637
645
668
62
449
632
292
458
825
437
120
555
427
255
148
19
834
814
197
731
350
492
686
158
587
226
462
363
851
647
158
473
881
703
15
834
700
719
447
2
672
216
785
850
85
114
478
110
415
927
896
238
933
734
21
16
81
104
433
33
755
608
59
294
220
83
428
130
110
236
905
381
122
428
391
809
369
800
278
868
131
42
802
910
628
133
386
623
859
909
43
638
944
920
263
552
589
114
382
204
418
183
432
893
36
346
975
3
161
524
304
219
157
359
633
7
527
515
587
684
274
87
92
352
515
963
597
837
109
586
565
701
505
426
373
160
347
752
788
664
230
355
252
30
454
211
776
367
86
69
263
833
930
571
232
636
123725.0
204
563
797
355
467
388
643
616
62
749
235
31
231
675
62
292
250
717
913
686
748
99
960
404
528
423
651
271
752
99
30
41
567
20
656
928
892
861
605
35
801
401
641
268
487
941
737
58
219
807
694
328
201
550
600
170
968
239
413
499
15
852
191
362
363
218
759
825
667
141
145
71
787
647
345
887
486
469
528
22
554
54
808
683
38
995
875
462
110
543
153
568
373
702
224
722
136
945
62
54
646
804
416
661
56
516
767
976
333
789
953
90
1000
353
483
230
667
718
511
975
729
567
859
66
109
894
525
802
965
913
345
484
645
184
798
723
465
713
853
542
257
704
717
125
594
776
588
413
951
827
641
405
388
99
70
316
599
157
528
529
821
752
662
961
826
953
864
806
327
397
468
953
423
76
790
859
734
47
5
420
715
360
148
497
396
488
284
120
385
422
875
622
602
723
432
761
463
867
485
775
817
188
88
106
58
651
7
358
571
443
935
122
759
940
820
898
318
640
544
608
369
138
552
695
471
333
875
832
805
607
993
17
8
642
606
807
807
660
161
603
487
796
785
416
838
678
115
923
335
402
697
868
364
973
391
973
441
658
179
691
422
310
209
11
438
898
179
255
199
920
519
100
147
910
166
840
575
668
391
202
861
794
160
923
665
161
553
491
881
513
912
356
441
601
807
835
451
171
218
117
978
87
742
324
200
474
805
737
179
474
713
652
216
525
543
211
273
727
171
876
671
365
109
863
217
381
876
739
18
104
204
533
323
567
262
381
254
394
764
751
367
131
871
11
354
885
90
992
999
442
521
413
4
422
440
17
257
931
479
116
794
989
378
599
556
242
582
222
539
970
455
656
499
181
715
662
120
744
521
738
682
789
838
981
708
850
311
436
616
760
584
448
205
103
441
4
380
590
139
856
348
701
837
739
477
49
460
95
46
403
341
748
165
513
37
246
869
340
234
977
486
988
422
753
599
49
578
155
782
265
211
178
213
824
295
939
991
455
367
983
947
31
78
805
941
840
259
91
432
41
701
539
942
646
747
402
262
456
436
876
858
340
17
26
278
863
642
799
598
762
177
686
462
89
775
927
18
698
788
378
814
665
848
647
813
219
477
308
179
766
820
209
39
449
915
136
342
781
876
1
71
672
117
269
97
705
424
962
36
844
225
431
880
145
947
218
408
311
149
628
196
961
33
472
233
350
289
740
551
601
303
523
413
179
350
865
753
415
721
349
894
511
277
294
427
463
565
411
823
868
258
338
796
651
918
802
782
966
455
309
540
994
956
144
511
671
173
789
115
426
898
9
564
195
890
356
191
175
487
17
594
446
90
464
31
107
197
534
556
543
942
590
491
209
679
561
104
196
901
683
71
641
437
913
289
597
830
242
411
662
525
196
160
990
826
774
828
923
447
411
665
951
725
845
971
380
468
194
675
732
909
852
87
106
940
938
986
633
405
82
610
744
395
201
940
235
651
771
123
935
839
538
821
39
250
482
703
49
316
904
18
282
54
987
877
439
407
833
731
403
314
379
28
311
908
995
285
195
639
202
684
72
97
254
48
255
656
669
545
148
266
857
846
58
655
296
699
995
266
973
993
448
398
595
171
281
937
287
541
5
368
306
438
776
901
789
629
505
420
478
841
475
354
146
310
871
755
797
210
734
370
739
340
52
717
737
43
78
773
992
178
497
354
451
902
880
375
832
363
126
886
970
893
648
113
702
562
440
457
668
353
803
371
416
712
311
867
214
520
536
102
2
134
918
971
21
670
814
136
370
136
647
845
836
202
872
562
467
930
647
540
281
969
361
501
41
517
354
735
957
520
407
839
365
519
381
348
28
132
608
84
396
657
541
274
195
393
944
993
992
765
631
418
972
198
690
990
446
715
321
606
144
214
808
848
236
857
123
166
788
207
69
184
303
890
745
487
589
62
876
440
925
683
383
831
87
515
585
192
973
259
475
756
990
473
136
605
301
712
92
746
467
901
164
135
747
514
974
215
615
682
519
533
676
262
805
715
418
12
368
796
234
868
390
288
49
481
844
653
586
728
481
243
174
518
956
205
708
224
377
691
880
156
889
203
751
755
163
167
389
292
777
972
520
310
362
475
903
73
579
27
910
154
966
738
444
642
142
187
111
478
384
203
270
401
492
848
228
416
667
761
620
251
703
77
817
505
803
581
626
392
624
216
635
957
234
851
814
557
193
153
905
606
3
285
522
395
1000
187
260
638
881
98
458
212
827
469
318
760
959
816
659
229
230
469
323
135
548
731
236
125310.5
748
320
710
534
82
938
856
750
29
337
98
269
886
730
93
702
996
895
293
35
482
339
587
226
991
856
752
152
972
10
435
408
828
849
591
148
697
78
627
25
515
338
728
887
782
913
126
982
977
243
698
511
55
722
836
378
954
572
466
540
304
523
352
399
881
83
744
704
752
443
787
653
864
589
30
409
436
970
901
588
965
754
985
56
572
68
669
650
551
447
759
886
103
162
117
784
628
369
469
30
231
314
470
531
673
217
679
625
877
393
721
502
241
638
962
261
385
958
545
697
399
881
601
184
219
245
557
852
252
823
903
942
348
706
160
602
964
795
121
637
20
945
618
986
55
876
293
975
584
551
510
249
836
638
582
978
683
30
380
438
410
362
135
51
352
196
322
554
320
514
758
790
585
471
950
984
615
794
478
340
721
313
569
815
773
697
444
533
935
759
708
137
576
657
608
893
210
127
288
263
102
666
568
941
199
538
826
227
655
839
349
655
258
759
588
879
111
861
790
732
558
780
319
287
92
718
805
840
756
770
767
798
72
279
419
255
527
22
977
972
5
951
742
968
797
639
144
336
62
439
611
542
658
50
178
627
532
872
969
826
981
535
706
660
982
127
159
752
487
982
503
975
586
765
10
713
541
262
469
879
446
658
586
799
377
511
18
703
253
697
249
476
117
838
580
282
410
904
614
378
906
866
911
442
596
918
6
97
332
475
951
265
463
965
264
245
473
179
348
90
494
534
507
601
192
748
751
327
75
782
453
646
868
963
946
521
738
259
3
704
221
359
649
818
970
902
236
995
644
382
680
897
248
903
799
695
547
119
284
110
45
759
417
784
709
819
858
213
388
753
553
886
132
248
894
457
296
956
436
243
159
204
90
113
685
438
810
143
317
829
215
22
945
568
594
107
246
244
660
333
158
538
481
401
728
510
552
262
423
744
500
133
253
20
808
53
306
245
21
227
1000
697
440
471
138
459
95
64
269
362
368
125
835
964
478
444
423
63
481
744
217
698
224
998
630
265
316
974
218
295
967
775
451
141
762
599
995
415
867
415
387
233
376
982
896
264
548
419
835
624
435
802
97
868
446
937
754
320
561
186
144
750
863
84
313
435
45
888
133
413
151
615
855
157
281
76
933
35
551
193
193
438
993
431
867
858
270
873
458
13
826
13
1000
591
88
84
463
461
633
582
255
81
493
560
64
575
285
797
960
48
375
759
924
64
192
846
219
660
571
241
159
381
502
208
659
517
145
982
574
502
904
345
642
689
252
447
93
338
838
312
800
823
14
852
73
305
987
356
250
10
620
778
8
152
722
179
664
736
982
641
2
780
416
134
979
326
62
989
666
741
379
577
461
657
982
322
214
424
701
730
756
160
505
241
411
828
840
101
626
169
733
568
639
505
630
333
346
290
805
246
799
352
124
476
983
413
343
415
455
882
284
386
341
960
822
173
70
161
27
35
123
850
26
89
902
26
547
791
875
427
440
697
11
206
355
123
885
735
642
99
740
95
572
708
689
266
514
631
854
476
314
557
44
765
630
116
72
673
805
690
159
627
14
577
61
886
888
966
850
79
799
738
194
301
260
24
64
327
161
548
460
178
161
951
380
291
450
613
697
362
28
569
154
660
847
203
4
143
988
146
52
596
669
56
784
205
100
548
574
948
615
113
482
787
152
102
488
511
328
658
910
979
776
165
87
626
369
796
951
646
162
416
384
124
581
639
805
338
460
524
954
152
482
904
56
670
218
314
652
170
371
812
17
296
973
986
904
390
716
979
780
83
220
341
834
280
80
584
491
288
693
539
881
908
236
778
678
502
494
137
70
875
733
172
723
361
359
423
303
684
401
816
59
722
334
653
477
390
885
831
16
313
218
929
591
939
373
965
8
143
464
173
791
977
569
547
336
535
665
974
571
194
833
283
340
344
153
79
923
571
137
453
301
952
683
61
578
974
876
104
84
129
155
490
653
735
884
60
346
314
547
143
115
135
736
792
458
363
466
375
908
341
324
537
369
497
828
82
321
930
171
297
932
951
412
250
37
468
216
214
876
236
958
994
524
66
210
352
799
652
267
991
629
667
388
56
23
55
558
269
839
107
387
469
302
501
851
728
413
751
105
100
123
637
283
443
607
880
826
902
768
531
958
100
614
880
621
239
109
718
871
52
403
321
794
163
853
817
320
234
906
619
700
307
928
807
752
775
113
539
124
679
252
100
916
759
156
572
119
441
17
127
643
438
910
548
79
207
798
932
549
355
293
992
731
778
474
794
707
534
130397.5
104
273
723
983
494
821
75
881
72
670
333
832
871
62
675
464
186
567
868
379
409
759
315
72
921
400
806
391
286
172
255
477
630
289
345
38
729
962
399
50
221
358
223
516
400
430
865
587
924
158
987
475
219
890
717
768
838
414
633
797
6
679
586
295
78
748
322
990
812
542
657
997
318
996
298
868
353
329
409
283
276
225
393
122
121
539
930
541
204
984
79
71
909
144
892
890
45
179
86
774
987
157
684
82
710
631
930
118
162
846
559
362
966
74
41
438
956
496
621
15
536
941
300
734
307
156
929
331
42
777
454
701
765
249
459
635
225
186
855
736
147
19
163
466
169
548
477
542
359
957
467
694
707
74
118
846
835
122
375
951
196
66
559
798
108
686
295
935
750
541
557
932
749
220
252
853
949
964
783
940
992
867
88
201
915
979
280
182
86
176
13
265
704
33
889
976
749
804
891
477
501
704
247
836
280
831
760
988
567
35
601
815
216
346
750
237
258
826
854
599
998
540
636
750
445
680
802
251
392
546
472
360
361
509
642
883
779
87
53
3
845
615
701
140
58
186
625
433
3
473
252
400
363
135
762
417
881
86
918
233
797
157
233
68
351
752
794
340
970
384
351
569
564
564
672
224
60
145
546
427
590
899
842
182
918
528
920
840
877
414
532
953
61
578
535
488
247
914
409
897
791
390
452
436
925
199
359
948
318
430
781
271
628
727
754
671
709
613
218
747
13
613
285
833
795
621
630
879
13
404
150
86
887
777
416
194
193
618
458
931
783
9
950
526
108
578
713
293
184
962
787
716
574
667
308
383
571
144
321
561
790
774
763
72
853
627
771
554
241
841
821
196
381
899
455
265
711
395
66
653
740
637
699
501
92
779
440
808
528
726
182
289
616
377
951
520
700
618
121
739
979
714
747
712
268
500
338
729
428
541
155
542
197
642
624
183
431
805
896
428
919
375
461
293
555
644
58
243
694
58
792
865
730
765
618
411
75
342
505
418
423
773
948
757
770
152
781
334
757
159
243
973
729
768
112
251
223
695
828
935
114
944
558
550
543
696
557
387
42
219
627
631
539
53
42
637
429
621
221
22
637
66
691
237
165
682
854
45
55
958
412
566
335
949
792
20
60
922
258
434
67
990
510
138
894
478
144
237
332
681
104
548
136
689
266
656
32
949
838
193
47
649
853
888
157
224
702
46
856
693
877
550
247
724
184
875
902
920
295
829
699
202
31
129
458
885
845
854
318
873
588
868
556
90
773
346
409
750
928
39
701
955
805
127
317
114
25
46
41
12
769
753
782
29
779
39
983
25
695
816
764
990
862
223
315
187
179
901
394
446
839
546
836
120
310
395
528
8
23
529
607
462
314
593
533
486
541
631
545
520
746
917
271
466
222
467
325
702
856
943
340
673
978
88
955
38
425
510
15
64
555
917
171
938
889
573
684
124
54
918
157
481
868
714
804
481
727
217
471
376
473
260
102
749
967
105
897
795
970
201
644
573
595
434
238
196
287
85
853
129
21
332
931
608
965
868
648
822
351
304
750
903
56
212
871
45
751
766
908
941
962
12
60
313
184
601
125
30
168
299
629
941
487
54
65
436
639
524
856
786
712
436
508
490
228
288
150
385
818
46
909
50
597
390
827
868
40
853
520
235
869
168
673
98
635
124
634
914
693
846
969
997
257
259
127
215
737
207
454
47
527
523
457
86
974
409
693
796
829
991
32
804
635
674
685
475
906
353
922
541
713
353
570
308
118
439
627
166
440
120
469
897
26
382
824
168
344
5
646
258
125
930
185
155
822
635
712
420
815
325
141
72
555
987
346
351
666
941
280
406
653
119
218
267
283
149
947
924
388
432
367
903
623
304
373
60
376
557
884
763
122
529
658
854
957
620
328
703
847
368
175
346
765
662
425
71
346
815
796
641
500
305
338
815
350
161
255
395
275
344
242
468
889
345
939
258
616
994
924
887
261
357
569
699
390
236
375
976
971
1
355
174
421
137
620
118
844
998
783
939
329
968
308
277
919
477
802
205
986
838
535
134
826
699
153
232
19
88
669
950
917
935
779
976
800
118
659
119
484
713
901
438
670
743
496
604
579
198
23
145
177
178
811
702
535
82
350
490
599
889
554
577
591
831
707
453
445
554
520
942
509
263
890
535
287
253
279
888
637
562
814
588
378
521
571
30
80
642
850
912
787
533
168
572
244
308
403
169
903
136
905
537
521
404
656
635
704
479
508
246
188
716
974
464
294
663
347
310
457
443
123537.5
954
648
328
347
241
397
170
587
502
401
449
103
962
639
434
686
112
582
472
497
585
630
152
302
988
904
250
351
592
773
699
872
746
940
244
106
21
815
174
783
136
658
196
10
265
150
33
323
235
687
29
911
500
674
188
881
488
699
413
957
364
414
1000
683
122
394
908
67
704
411
33
709
417
355
507
111
629
257
259
808
154
702
61
808
337
796
30
268
489
373
286
848
646
394
672
485
615
823
333
672
901
940
620
319
679
571
360
120
18
834
158
212
474
985
88
60
812
154
61
31
158
686
992
777
878
618
79
172
146
836
529
297
948
972
496
962
297
443
713
6
127
170
400
652
350
571
353
801
811
720
139
749
569
715
432
910
192
101
224
12
392
717
515
860
779
770
988
10
764
985
916
228
919
422
106
946
11
319
1
58
113
408
444
145
341
773
338
813
56
225
783
508
741
331
386
381
583
515
655
43
771
655
824
803
892
865
587
302
753
890
343
252
397
659
428
540
556
2
419
669
395
616
585
565
568
469
642
862
833
518
422
978
203
237
204
750
383
848
140
768
274
95
902
341
494
844
642
62
662
818
491
738
98
131
142
635
420
705
971
111
173
489
910
636
995
187
43
338
713
530
830
74
107
185
942
688
38
701
139
691
53
311
163
85
99
267
935
643
250
712
901
92
182
170
141
383
321
177
423
560
158
172
45
201
656
48
141
707
768
934
225
160
156
696
581
237
248
547
835
516
365
960
126
863
271
120
596
22
19
50
863
18
918
670
237
826
220
987
988
241
739
145
434
25
472
516
374
666
776
423
635
257
779
493
826
245
600
31
9
95
557
714
634
120
765
882
401
250
543
330
434
61
888
592
210
826
258
68
359
19
929
721
57
717
106
546
938
554
157
475
518
614
664
954
259
878
921
937
329
24
672
209
793
373
898
375
947
445
195
113
482
946
967
90
736
697
286
333
515
335
255
902
461
510
883
432
239
127
364
468
404
125
157
848
858
137
898
863
159
916
408
492
812
127
157
378
1
87
825
420
697
311
817
537
599
345
321
691
46
460
892
499
801
467
202
592
621
563
977
84
739
561
447
764
42
989
803
199
546
805
566
514
64
572
805
681
862
992
692
14
877
728
790
527
82
169
865
729
504
403
105
696
624
540
146
403
997
239
377
18
466
790
677
778
512
460
553
134
330
500
383
689
437
705
902
518
9
827
67
535
565
713
55
952
995
213
557
59
993
143
860
412
665
972
524
897
590
578
707
9
776
885
407
845
611
158
908
822
745
762
926
147
687
239
64
913
238
174
784
876
115
966
544
698
144
757
931
996
187
894
434
754
620
94
132
316
196
252
961
594
654
394
905
223
610
84
627
632
608
329
390
803
681
414
147
496
301
145
86
7
564
238
809
65
360
108
823
893
543
594
722
64
217
180
473
147
654
53
471
640
455
574
356
162
809
984
986
951
664
99
93
919
71
7
169
72
157
780
126
482
323
280
204
578
939
477
958
452
805
986
592
52
487
639
402
824
953
16
564
569
291
881
679
922
824
587
359
188
198
705
518
898
229
27
779
711
577
974
728
160
326
160
270
682
611
608
875
575
532
504
220
943
632
274
907
257
962
496
254
969
784
506
527
118
441
899
474
436
124
963
202
908
133
313
556
818
99
319
590
857
990
213
755
463
786
32
217
983
255
763
889
281
635
342
716
956
920
826
66
544
269
362
520
430
700
151
876
960
443
720
46
707
772
254
179
507
986
191
271
300
637
84
962
433
389
672
775
836
772
839
259
901
411
699
709
581
871
122
941
187
900
4
479
302
658
654
307
109
588
580
242
252
445
172
983
637
938
618
108
345
560
256
318
116
386
136
558
729
17
341
159
112
583
553
461
398
973
69
644
940
52
959
254
993
24
48
767
656
995
316
772
763
287
767
96
401
743
608
444
150
185
829
427
172
662
31
107
97
909
607
659
716
656
172
919
394
847
487
680
113
610
105
739
37
982
477
154
869
434
798
37
436
694
922
13
786
616
445
270
474
561
553
42
841
684
110
335
649
756
954
868
59
122
108
811
664
32
457
34
441
58
165
490
54
303
228
149
976
220
588
209
972
113
555
166
48
889
924
529
413
508
997
269
455
744
889
304
10
321
289
350
944
788
219
38
949
709
800
220
882
140
399
768
243
823
13
992
493
542
427
416
627
279
887
655
639
985
408
20
895
863
877
891
100
283
86
241
877
771
587
423
435
1000
821
25
700
309
213
471
498
542
951
486
741
952
935
835
736
644
406
124669.5
140
995
666
104
270
834
668
97
933
447
878
802
680
197
559
798
76
239
74
309
144
132
429
452
760
324
730
796
694
624
717
717
470
70
877
489
653
839
10
574
349
202
268
155
679
521
752
129
146
543
603
228
969
967
673
44
947
866
308
249
292
635
347
70
901
663
789
382
7
32
524
753
872
134
763
539
652
522
536
664
297
628
279
73
697
339
232
580
139
304
719
169
229
24
496
906
108
540
527
697
223
4
976
132
255
494
409
169
790
116
664
94
191
897
246
808
137
534
630
658
750
862
953
360
22
688
765
194
485
463
678
972
369
551
598
747
352
407
609
884
486
95
551
151
832
792
700
318
511
379
2
405
711
642
674
20
870
523
224
164
715
419
29
622
256
107
55
982
137
536
636
264
751
74
785
8
700
363
200
39
584
580
146
684
285
363
513
203
417
576
966
735
607
342
297
961
136
954
1000
625
289
104
474
324
727
34
644
126
249
705
696
258
467
377
254
449
70
929
85
376
992
230
385
731
160
424
61
500
169
914
310
266
461
649
493
573
312
454
378
10
260
946
896
295
310
60
402
597
846
852
672
22
589
79
952
277
559
661
548
904
823
123
159
984
751
797
193
37
837
211
309
911
310
205
308
18
214
150
245
60
88
814
60
13
524
302
532
173
585
970
131
137
400
495
757
846
43
84
275
890
120
851
821
905
512
309
507
957
489
233
875
882
156
130
988
1
742
983
873
410
600
235
780
885
177
479
709
478
467
604
229
540
517
902
110
2
266
879
736
5
262
866
481
988
85
73
859
561
621
355
333
350
282
263
627
546
756
867
821
279
861
155
959
448
289
77
240
107
588
550
52
364
207
198
59
826
713
663
397
678
899
94
207
852
694
984
268
722
675
467
968
304
980
223
904
90
706
398
422
934
489
964
239
317
945
44
430
352
707
678
577
997
927
379
460
872
163
136
571
20
568
603
480
390
892
44
819
532
263
26
40
667
75
906
427
807
429
276
592
362
215
98
964
328
982
39
216
681
749
349
153
432
372
759
737
578
251
185
940
694
473
407
373
765
553
792
78
86
255
461
847
543
210
871
399
989
310
253
458
885
846
679
820
233
443
558
193
516
584
172
149
832
389
858
97
614
611
725
708
284
746
82
490
602
169
907
817
833
161
251
667
567
373
891
750
431
646
9
256
985
908
653
827
91
93
846
334
512
673
973
38
947
756
227
719
115
414
958
872
359
300
784
11
824
26
972
819
878
136
969
883
396
513
755
914
272
949
395
263
932
567
122
592
819
387
932
124
918
47
870
77
648
737
790
487
953
590
754
602
709
326
40
867
211
165
71
619
169
429
12
837
943
242
515
107
725
704
61
196
915
113
467
674
486
469
752
339
848
159
551
936
927
12
885
151
192
952
703
711
894
582
2
521
276
158
325
991
618
159
549
166
941
520
906
825
109
805
17
600
435
495
309
801
263
283
694
392
306
703
367
782
876
290
196
815
739
313
634
393
458
450
339
619
916
951
773
123
821
174
56
103
148
141
196
386
97
873
365
817
740
708
498
913
944
302
979
549
248
197
970
302
68
715
248
267
513
868
457
554
982
877
479
742
58
762
607
291
342
524
400
649
177
643
474
295
540
812
839
858
463
961
922
485
139
514
93
566
943
651
64
926
699
600
1
390
809
114
219
110
902
464
745
90
623
749
695
399
175
827
823
41
494
735
438
116
633
502
882
74
325
994
859
746
514
946
80
366
682
467
746
776
948
134
133
588
419
273
85
570
811
361
502
615
422
948
383
772
29
695
687
345
464
401
43
797
591
59
914
953
155
789
687
222
64
673
330
495
853
528
547
629
733
297
854
952
537
818
78
190
458
311
163
554
126
246
987
963
350
938
682
49
957
77
895
578
790
725
504
116
318
854
268
435
480
643
451
991
866
440
121
256
59
199
583
620
477
700
562
852
217
196
55
35
294
610
402
503
120
793
591
13
949
766
961
257
578
64
454
577
347
59
49
230
635
445
697
652
24
647
573
807
145
730
403
98
190
364
78
708
361
330
522
929
250
117
811
291
318
438
197
881
123
554
701
603
74
843
808
753
319
43
714
807
553
475
809
30
536
884
654
792
424
282
878
387
169
387
81
510
234
148
671
93
959
341
292
595
597
810
504
325
426
897
844
230
226
782
222
306
635
707
784
553
12
310
127
862
220
565
429
731
804
289
67
282
95
60
2
328
229
198
400
594
623
489
426
262
61
182
150
399
637
369
405
807
643
899
178
959
251
123028.5
629
663
133
448
985
797
11
253
717
458
82
445
103
76
295
250
856
761
337
926
564
386
990
338
853
755
647
452
263
904
674
547
252
779
268
661
261
904
427
475
507
314
158
144
117
297
51
906
943
117
228
501
450
24
383
2
926
571
484
137
773
944
234
8
457
945
457
590
330
248
14
423
582
327
66
893
431
582
265
688
820
934
624
775
554
445
179
819
672
945
776
950
138
940
200
10
120
561
599
599
982
551
951
33
534
243
723
272
26
764
745
440
977
822
657
673
872
619
987
280
897
946
778
784
715
626
429
476
605
854
660
939
2
201
759
481
512
313
26
857
713
876
325
850
130
824
765
532
131
683
153
328
193
642
876
40
636
827
936
175
918
175
326
465
765
86
489
350
223
319
731
395
770
450
474
664
616
233
20
230
658
526
979
659
330
833
938
278
885
371
49
405
811
652
196
3
232
130
235
135
716
141
432
188
970
386
371
298
188
849
370
1000
329
937
880
260
817
686
747
471
746
388
434
87
858
793
812
557
855
623
834
831
676
914
189
64
534
239
360
368
895
547
462
243
660
345
253
636
439
860
268
852
819
796
654
58
966
140
356
887
794
672
187
245
902
395
185
852
20
520
393
85
74
414
61
69
902
734
52
337
577
724
353
375
995
259
998
374
826
345
626
693
928
370
138
191
106
6
250
292
360
383
657
942
212
370
876
464
929
863
319
526
923
81
366
50
796
408
116
958
220
650
949
350
515
52
126
111
246
236
47
662
884
336
966
282
30
673
505
364
772
294
768
199
599
938
770
603
426
304
143
739
698
431
951
312
683
331
673
764
468
413
70
517
533
496
15
577
582
336
600
695
379
706
654
301
670
967
680
634
30
935
882
445
52
44
534
889
977
857
476
779
267
324
988
52
960
591
279
18
776
989
573
281
411
659
730
449
263
363
476
697
183
251
527
85
451
755
2
194
520
608
659
67
875
637
21
832
168
548
733
543
430
679
534
570
407
27
825
931
757
937
711
101
904
401
256
880
584
877
916
788
215
20
25
272
854
447
351
679
636
811
662
66
432
653
987
891
249
686
810
470
211
110
773
50
853
557
815
712
891
9
30
168
710
285
375
953
522
229
126
647
243
568
331
590
959
374
964
843
56
554
693
476
512
548
395
837
139
230
967
134
635
29
63
68
780
185
241
859
974
835
870
712
61
693
426
130
749
323
183
1000
227
984
191
921
656
793
590
3
372
462
687
213
819
524
264
147
400
393
161
43
735
350
849
788
64
296
606
561
370
91
638
736
395
456
141
717
454
981
501
968
438
865
249
772
336
786
395
534
306
4
487
292
548
829
314
279
323
95
992
880
982
747
784
257
404
784
987
969
9
3
580
910
321
104
25
668
808
353
458
83
66
85
290
883
198
495
954
468
128
468
140
83
186
971
832
355
986
152
259
628
75
400
628
155
634
860
844
509
852
192
649
862
308
791
524
267
120
994
618
250
896
299
392
418
156
451
29
242
904
783
620
100
776
45
340
179
438
88
196
229
913
390
65
203
222
261
105
921
469
639
578
78
152
734
375
511
220
107
458
325
548
453
126
145
921
487
722
529
249
444
407
510
756
826
634
923
516
329
822
236
161
226
73
568
789
913
332
231
914
237
529
558
35
929
943
457
401
554
271
801
616
591
885
980
969
69
462
540
19
15
53
330
906
229
362
11
483
445
1
412
187
677
839
975
368
183
353
648
707
809
593
880
178
682
553
685
66
586
608
842
132
958
204
810
503
503
358
956
980
276
501
30
453
437
108
551
607
29
257
467
212
987
135
410
32
46
848
668
948
324
359
860
496
501
133
559
725
212
727
466
269
910
614
373
799
978
191
997
914
434
45
105
915
585
511
994
763
466
284
790
202
708
13
486
358
760
448
996
411
481
292
326
222
548
137
222
131
1
52
566
442
799
5
224
717
337
11
701
78
81
657
202
639
30
185
295
440
682
298
432
43
447
525
808
37
683
208
338
969
823
753
615
426
964
766
531
822
734
311
367
329
387
417
346
832
989
693
95
211
376
968
860
521
989
21
337
125
58
360
614
371
721
947
705
874
645
275
577
72
611
117
169
430
849
699
538
718
49
500
887
559
458
759
43
170
995
442
529
638
907
488
481
267
32
154
774
937
900
72
709
893
243
199
117
265
323
518
394
184
361
128
339
547
45
553
811
117
899
272
611
951
158
945
335
699
755
878
582
544
832
805
844
506
905
512
2
954
998
878
58
903
842
119
392
500
329
219
551
123329.5
411
268
211
40
294
968
566
645
441
288
350
589
385
856
933
263
540
602
690
865
503
575
301
884
942
423
218
966
135
317
554
5
45
66
109
546
265
454
650
180
27
276
817
146
510
878
119
124
222
350
191
933
512
312
656
11
765
341
188
864
484
490
192
218
724
8
51
239
201
719
841
119
226
886
898
494
662
265
208
15
357
889
651
646
265
496
281
423
947
448
905
73
694
407
863
280
555
534
54
291
768
572
326
198
251
928
109
765
552
50
424
19
539
417
301
379
782
199
666
556
392
776
528
971
369
189
450
359
438
775
190
700
427
687
620
810
145
401
376
303
217
65
330
631
901
820
767
877
665
951
814
839
87
359
382
10
737
425
393
394
844
916
70
389
802
592
49
479
733
100
467
441
800
973
507
570
426
363
641
72
4
984
349
468
462
488
91
625
969
355
614
512
766
209
113
7
371
662
218
269
849
274
614
235
37
379
861
292
803
834
153
114
717
948
168
787
304
594
970
900
514
84
658
116
265
781
925
278
180
867
790
825
304
188
203
859
695
907
903
835
705
518
611
214
58
594
183
619
882
56
818
32
125
876
17
428
150
41
97
150
207
828
663
801
330
983
817
223
23
603
675
210
340
674
496
752
531
613
556
641
918
120
127
71
991
27
976
746
738
581
200
663
503
203
70
949
629
488
47
781
190
25
209
381
992
961
281
150
787
296
357
9
181
56
892
850
437
984
865
367
27
476
348
820
879
551
901
441
19
614
314
975
518
200
312
163
507
912
898
10
22
112
264
603
206
617
870
298
153
601
166
498
887
700
773
715
112
973
411
839
194
887
852
148
272
393
518
190
405
176
270
440
314
609
439
98
304
31
854
87
745
640
691
115
566
188
408
300
294
670
795
799
919
9
158
259
81
417
773
746
459
710
62
913
726
162
60
231
682
311
927
444
318
388
291
267
477
862
913
614
589
277
862
758
567
884
55
817
726
328
40
486
255
705
702
22
820
397
550
516
204
747
148
414
183
650
226
574
933
169
954
807
105
84
200
935
981
115
293
745
245
374
221
258
148
485
436
90
124
764
201
387
483
333
557
629
982
291
539
972
490
190
508
692
525
837
869
327
458
332
722
283
838
724
855
711
180
916
184
978
747
695
472
183
577
320
516
900
551
265
219
440
798
734
760
858
731
863
626
240
310
660
949
933
539
61
917
466
689
172
74
828
768
877
770
391
12
575
132
939
66
191
952
329
662
213
905
138
417
959
372
248
722
717
883
772
977
243
813
217
629
803
726
570
512
153
471
208
202
935
735
302
724
628
354
478
389
26
169
484
339
602
220
50
814
169
881
392
522
680
396
839
511
554
744
383
529
530
721
794
811
304
734
400
207
782
161
231
323
883
821
917
659
17
909
750
157
846
941
38
708
13
845
546
495
906
182
257
205
359
278
90
278
557
154
688
723
338
141
198
689
386
450
512
68
702
645
877
420
672
667
151
39
790
313
829
222
116
594
928
216
403
52
990
423
681
132
459
931
567
953
446
894
352
894
813
191
149
341
338
806
601
16
28
198
534
185
9
759
895
697
465
674
218
877
430
294
573
536
324
917
563
187
100
463
63
381
846
755
51
874
933
366
958
655
567
642
291
831
947
736
120
741
684
143
831
475
53
358
666
129
607
347
695
559
120
89
846
755
151
515
694
635
982
443
272
534
199
271
367
548
830
841
13
889
9
116
366
292
965
29
856
93
293
819
385
705
976
411
765
482
613
552
419
68
464
290
432
833
637
147
63
289
616
153
286
391
363
872
679
925
847
482
414
824
30
559
29
851
361
842
384
498
743
455
542
220
932
610
430
984
74
127
597
654
875
132
793
15
446
596
141
76
309
189
897
231
642
822
622
817
611
75
668
467
418
499
241
48
819
118
525
165
587
442
311
521
650
989
736
67
598
652
752
117
611
115
532
797
42
892
232
269
259
423
565
780
641
242
490
440
446
653
223
922
889
688
481
143
765
662
443
507
899
301
177
200
189
979
868
856
503
474
76
563
663
965
823
17
232
744
456
168
890
85
598
635
911
395
982
487
625
167
685
283
779
743
821
874
695
926
507
623
328
692
578
508
860
588
271
917
664
720
197
611
407
601
563
678
963
830
561
284
870
816
779
433
806
277
598
773
719
742
728
521
203
820
465
871
274
749
40
967
755
666
798
24
534
349
986
179
892
296
844
869
627
872
87
496
564
833
141
450
523
535
187
316
430
474
105
122
642
267
702
99
931
904
328
630
680
130951.0
446
288
255
403
588
311
436
713
702
775
799
143
567
203
492
174
482
475
410
483
557
267
736
146
748
437
625
918
911
355
903
199
27
350
591
208
16
852
606
297
381
431
214
818
702
538
182
731
478
999
226
939
458
739
340
623
526
22
378
34
671
575
371
182
244
796
711
575
378
604
234
242
660
664
958
91
777
621
257
725
977
198
35
696
545
978
193
645
119
852
638
30
936
176
372
707
558
557
780
893
610
498
208
727
112
80
766
647
505
859
151
823
781
633
736
534
451
25
724
810
630
586
975
678
559
520
987
521
279
1000
637
854
609
612
436
882
467
572
136
190
675
594
842
661
334
104
685
47
126
99
770
345
995
182
581
618
887
954
579
616
364
362
863
14
907
528
55
519
979
609
930
291
701
926
864
128
445
604
993
457
380
180
420
610
787
553
765
965
862
401
130
375
118
104
752
617
497
199
288
677
424
645
313
761
631
626
154
289
14
248
933
547
580
505
480
688
786
193
859
80
132
966
534
51
472
981
672
279
358
407
585
519
410
431
614
854
648
575
961
101
66
905
560
548
229
818
730
732
299
76
304
436
647
15
303
965
95
107
329
148
964
420
244
87
673
542
269
174
733
915
343
229
135
188
584
506
349
385
569
910
678
78
959
525
401
802
604
651
744
778
789
226
807
296
815
957
573
43
831
129
715
587
210
549
174
348
414
929
178
855
269
254
448
467
470
949
418
960
433
279
212
879
363
53
416
221
899
291
503
953
138
767
506
286
947
806
812
953
111
703
601
690
621
659
152
996
393
491
144
549
973
935
574
89
170
908
26
875
490
344
237
33
514
3
859
2
556
619
750
821
773
550
706
600
693
350
598
695
944
398
665
513
596
578
967
901
188
688
850
40
731
579
292
438
683
791
645
510
485
882
964
589
299
938
978
523
895
366
947
810
499
646
948
99
41
693
761
917
856
929
48
773
929
815
707
485
535
735
679
225
449
949
490
598
493
224
137
407
783
657
397
498
247
666
92
130
232
915
958
2
487
342
971
995
631
189
360
317
913
201
413
125
515
278
882
308
380
291
282
287
760
383
55
558
359
502
499
56
471
314
325
2
316
224
955
16
770
577
949
839
925
419
749
650
486
658
338
765
49
205
353
292
876
607
907
620
883
944
14
237
493
676
111
485
937
102
646
796
822
430
551
206
959
661
275
100
645
739
784
323
716
848
846
982
64
491
211
168
237
802
55
230
794
703
48
991
793
947
410
394
709
402
278
550
399
974
911
705
239
386
186
398
366
473
237
270
602
250
461
616
270
339
175
29
371
744
714
980
572
665
592
44
760
869
917
340
296
386
693
484
166
295
85
857
70
643
440
240
72
719
567
41
276
387
852
490
892
138
640
892
114
892
771
645
585
546
661
913
709
597
590
400
463
631
34
608
164
225
331
424
365
716
385
944
959
288
535
394
351
859
24
201
258
546
326
753
164
38
569
576
273
65
310
828
568
553
867
323
307
189
766
137
402
327
574
77
548
527
88
416
537
316
916
103
946
55
246
487
771
648
434
935
429
813
583
894
663
513
484
713
782
348
261
899
387
777
422
271
774
136
152
294
902
81
581
520
193
891
24
321
894
601
355
966
620
837
669
59
627
682
924
770
186
54
382
149
27
844
72
602
290
633
358
319
960
434
758
947
984
436
309
984
980
568
483
35
930
964
104
513
628
345
798
283
17
27
138
248
761
597
191
871
381
547
2
771
758
704
616
696
699
994
127
804
426
717
792
115
689
843
677
379
867
811
915
565
455
599
533
547
938
975
649
547
439
855
482
342
894
75
964
194
772
973
913
619
715
879
872
569
41
905
760
882
109
519
760
427
606
422
504
401
99
528
843
307
626
239
160
21
123
992
867
857
331
849
650
691
505
493
112
334
570
346
349
192
366
382
762
901
774
912
279
404
897
120
555
241
390
901
161
733
460
230
901
719
264
557
765
922
398
24
330
510
988
998
148
454
201
597
862
12
374
403
477
695
836
435
171
239
68
200
574
708
371
791
106
40
836
657
63
18
13
633
888
975
76
363
183
781
495
881
57
133
314
529
119
332
943
624
165
669
99
829
653
997
993
522
864
490
285
330
979
341
5
266
926
396
719
723
245
702
915
458
889
279
177
438
883
694
216
916
474
540
785
537
27
465
714
418
997
865
238
229
319
10
879
703
535
789
795
242
456
435
435
412
778
715
644
754
169
541
593
885
822
396
990
960
177
103
722
639
861
829
900
13
293
174
569
197
123831.5
276
421
480
725
214
575
829
708
594
866
518
898
696
601
963
62
655
484
603
125
638
267
520
745
978
169
135
248
31
567
600
262
400
42
854
811
220
807
395
469
247
99
97
158
581
224
754
24
520
693
3
681
550
600
466
725
568
709
808
333
553
679
553
402
82
312
891
269
423
379
136
427
714
505
6
955
691
109
592
53
768
84
604
799
797
972
681
553
537
652
475
175
77
171
712
202
305
327
37
565
727
668
800
253
945
959
274
613
254
183
227
421
476
556
178
12
957
942
772
653
338
217
182
492
48
940
396
878
773
672
513
642
51
545
264
175
580
645
326
794
254
116
197
431
14
470
296
953
532
991
908
62
217
131
244
807
340
264
410
507
602
631
962
270
493
772
884
786
921
625
665
827
41
209
402
745
811
920
704
562
677
743
180
183
484
181
172
600
509
423
66
305
519
48
994
955
337
917
409
135
691
932
993
988
143
737
642
618
882
339
206
195
127
976
710
684
667
121
211
685
883
377
681
236
198
585
937
359
347
407
954
152
602
68
371
841
886
465
493
697
223
815
367
390
768
500
695
325
726
419
565
359
131
175
712
421
332
924
274
716
523
403
13
193
965
247
480
631
682
412
902
733
69
575
923
764
399
666
613
934
553
181
919
644
803
408
56
35
369
258
334
851
438
455
568
504
516
43
956
40
285
744
202
843
256
617
842
889
618
504
982
174
946
841
43
966
497
375
225
659
117
372
311
235
241
168
359
633
803
666
174
144
791
464
700
826
64
400
746
947
300
142
391
60
965
206
551
245
42
82
10
905
334
131
115
527
468
260
615
445
715
224
622
151
203
655
398
670
226
105
598
240
130
103
531
927
89
366
596
704
555
222
924
802
483
973
170
629
553
169
112
344
919
897
831
813
352
16
489
687
732
596
8
173
409
764
202
132
23
207
12
1
58
991
472
91
110
462
768
841
92
462
51
85
966
149
618
108
408
453
594
459
346
190
982
448
278
675
141
678
90
488
502
578
94
766
216
733
449
981
437
574
804
551
313
379
801
958
474
125
614
253
555
452
95
332
874
382
137
88
612
479
958
617
210
13
62
940
436
106
962
118
942
277
141
55
460
564
283
224
853
901
655
153
904
589
414
572
289
347
63
274
572
62
939
828
690
227
249
344
486
946
247
969
910
583
873
643
360
177
735
716
480
487
850
42
697
966
872
747
576
831
812
846
269
652
713
182
37
533
266
211
67
398
669
146
980
981
401
114
388
320
829
679
83
755
603
646
705
652
356
315
492
242
232
803
541
764
38
369
666
753
907
434
464
899
500
952
301
720
102
693
432
103
122
852
916
493
588
757
485
649
592
922
914
632
102
629
111
917
46
718
234
239
329
630
901
396
185
208
974
162
374
25
983
690
10
652
234
992
691
339
818
404
583
975
28
825
337
753
880
550
225
29
821
12
644
301
151
124
108
191
29
455
537
926
57
429
342
835
294
370
923
454
773
308
761
648
601
477
607
197
897
716
597
457
699
877
511
783
875
10
682
811
409
753
77
49
296
235
322
646
950
346
848
837
131
546
680
895
210
823
185
117
715
618
771
894
795
823
417
46
983
606
97
52
411
926
316
324
761
53
822
866
730
705
680
293
656
684
138
11
51
818
603
720
58
37
377
948
182
25
232
949
321
183
480
673
488
150
909
42
784
406
742
976
667
79
575
881
307
574
813
868
655
495
47
405
755
165
420
572
519
268
681
884
307
825
910
995
872
863
416
984
729
289
918
540
950
299
12
156
671
586
303
348
95
404
377
203
183
828
497
217
651
462
872
761
560
147
478
265
544
229
419
113
782
655
405
604
640
24
249
63
850
94
975
976
843
159
775
165
292
56
232
482
382
240
353
67
315
212
216
23
676
351
552
579
696
489
10
259
523
352
977
87
123
106
558
198
574
578
46
435
277
24
150
869
311
9
793
397
463
551
373
298
601
385
191
371
265
801
803
899
337
143
967
929
543
725
864
71
143
945
446
875
861
764
458
464
109
970
319
208
9
881
614
554
300
682
949
5
290
244
400
344
165
714
736
805
598
622
499
801
613
943
740
194
865
517
797
35
968
609
882
829
682
926
863
260
793
504
57
19
312
52
945
467
748
486
525
797
948
485
348
254
573
696
440
700
431
181
266
361
634
6
331
290
113
646
946
272
369
309
750
979
535
932
303
924
28
712
354
293
266
930
689
345
382
176
978
641
788
661
642
412
565
981
275
690
173
474
734
339
78
737
881
226
277
622
119531.0
63
570
11
135
503
564
720
389
128
708
172
455
337
952
68
62
820
774
843
894
594
496
864
349
365
545
5
82
730
121
831
967
991
611
99
149
946
230
27
181
372
231
217
669
423
423
665
334
641
44
934
750
522
838
820
517
857
861
721
191
692
497
41
838
691
837
109
218
255
449
147
598
674
61
27
461
328
808
849
403
691
226
215
465
465
935
909
777
976
983
972
316
373
499
919
836
93
473
772
160
755
330
773
785
338
228
749
899
347
405
210
178
726
577
231
393
751
486
349
740
150
651
879
914
977
741
467
6
206
756
290
544
393
145
258
448
564
910
179
392
572
312
234
621
445
277
9
240
532
429
171
573
810
25
169
935
65
142
21
112
543
571
54
813
973
74
851
232
52
714
658
649
545
67
704
137
781
598
368
654
748
790
29
540
35
926
831
77
70
360
201
509
853
585
229
601
121
967
850
304
206
367
469
296
331
936
363
208
493
927
213
642
686
146
605
122
812
76
167
549
250
50
547
23
174
221
348
958
917
374
57
65
496
413
222
859
915
11
24
473
328
106
380
9
671
474
939
240
392
750
189
942
413
194
61
572
363
171
224
229
617
890
208
99
89
254
163
315
791
372
618
570
665
303
236
909
915
252
789
971
98
105
902
692
537
62
38
415
797
42
236
26
145
284
138
816
649
927
314
550
403
633
882
366
627
491
899
2
473
33
768
94
492
769
812
13
3
424
10
91
241
430
38
114
254
855
187
483
483
96
594
791
212
118
584
619
176
299
337
553
32
723
347
386
36
526
193
648
249
320
808
403
907
785
836
368
643
740
357
670
926
594
178
551
355
484
781
243
344
681
831
552
675
731
959
720
38
713
917
668
889
260
400
734
812
624
403
680
924
147
31
478
393
858
976
643
300
157
405
720
280
9
932
329
178
591
561
398
114
303
403
348
779
339
997
942
376
384
934
93
962
828
969
855
823
66
20
330
992
674
838
3
235
264
127
396
393
38
89
363
5
535
114
997
851
229
561
532
220
825
92
953
826
747
927
742
588
178
730
71
943
64
217
848
738
226
875
2
468
239
400
374
307
67
56
744
508
170
372
216
959
217
22
73
107
649
576
471
127
638
215
558
204
254
20
771
118
637
717
826
496
361
227
23
756
176
413
985
812
517
429
841
159
326
427
902
789
585
585
454
372
496
710
417
573
985
759
231
551
718
732
569
48
54
984
77
787
500
109
713
895
503
431
253
325
527
363
368
195
520
277
431
487
293
242
173
719
210
382
570
978
501
618
869
318
130
339
494
325
548
655
114
1000
295
633
944
468
181
511
365
33
423
467
447
970
999
663
385
626
743
24
688
73
106
131
959
307
123
713
12
568
738
230
455
502
735
769
824
419
414
854
200
220
103
170
716
566
990
587
230
631
780
987
782
303
389
573
999
869
132
902
16
111
86
467
482
165
818
256
248
623
591
49
976
249
802
750
283
131
952
857
194
65
178
408
853
887
931
628
861
679
684
2
830
526
285
497
905
159
251
687
185
347
98
356
80
183
422
598
249
306
75
748
458
445
939
181
198
245
152
737
523
496
832
335
622
164
100
619
430
19
82
735
816
949
391
956
338
524
809
58
958
98
251
538
180
634
618
410
382
843
215
885
407
475
45
829
19
619
174
97
679
755
824
939
600
905
379
517
509
617
472
194
487
685
605
547
601
700
733
636
270
810
402
954
267
610
717
720
543
258
908
313
914
975
809
186
359
246
591
974
645
703
245
167
529
77
335
342
487
380
306
942
192
176
640
887
981
433
344
328
398
573
909
333
998
769
74
444
565
295
663
905
918
953
853
421
733
486
107
923
858
600
513
97
710
434
241
72
637
227
156
174
586
714
466
793
609
732
345
952
959
147
559
306
166
370
224
723
941
33
719
484
38
340
102
100
446
349
238
216
308
631
592
422
125
177
308
115
411
699
355
992
958
862
851
661
308
138
787
895
113
802
307
101
787
948
68
859
403
726
500
422
693
18
802
886
634
323
324
367
24
47
714
296
95
403
631
857
218
114
13
450
389
692
737
960
649
752
357
369
479
634
736
932
788
43
837
424
912
768
373
658
777
88
830
595
467
270
590
68
462
949
373
134
982
813
388
922
424
745
816
40
953
416
24
720
8
975
900
105
14
201
660
504
599
132
381
344
648
100
11
459
975
82
198
36
533
108
893
186
94
483
169
50
471
845
60
679
942
450
115
180
515
877
659
358
506
53
803
351
352
311
580
108
926
871
142
321
283
