500
8
126090.0
903
388
702
965
224
874
178
815
688
199
178
495
289
352
99
605
536
36
479
609
612
838
667
387
658
596
988
123
794
388
262
867
572
987
444
141
758
525
484
517
270
502
434
500
229
782
554
499
48
157
561
76
921
864
264
453
860
112
589
105
421
999
704
255
705
788
835
424
471
537
49
539
770
452
576
434
416
682
185
301
145
339
88
776
223
733
900
709
966
811
933
450
998
274
230
224
254
376
600
530
238
877
983
717
440
887
495
473
610
158
869
58
387
553
195
653
112
485
79
777
848
243
928
794
175
702
73
458
173
220
336
535
989
648
178
843
341
755
491
442
417
480
906
754
629
626
295
840
881
57
680
713
647
184
705
788
314
580
607
460
172
550
391
908
641
788
327
816
42
192
635
986
192
737
956
320
346
25
837
16
927
408
700
385
132
612
439
366
968
704
886
640
638
127
856
478
639
548
596
849
157
201
794
530
394
382
314
730
1
419
623
352
962
125
62
997
741
475
28
293
631
842
71
233
906
200
343
637
108
97
188
394
466
277
941
79
169
869
384
922
167
712
517
168
396
654
44
575
90
611
100
359
921
908
25
484
675
484
718
707
494
570
72
691
930
80
807
16
586
679
676
781
586
778
523
229
289
113
466
527
353
238
129
985
194
709
750
571
904
221
729
802
837
906
607
315
621
913
353
845
802
174
418
515
447
627
950
448
623
964
889
568
781
595
234
982
655
858
385
318
996
98
512
183
665
209
730
66
257
973
205
169
42
691
976
492
402
82
844
415
411
223
689
672
281
353
107
105
101
471
783
83
657
441
9
799
933
683
616
912
294
400
612
457
185
760
210
302
486
888
192
547
361
52
757
314
68
290
737
348
462
343
423
217
824
115
181
910
47
418
717
957
576
116
959
68
605
618
194
825
395
797
773
182
562
732
596
630
115
153
566
638
431
502
346
172
871
320
714
795
30
964
153
72
391
407
6
305
334
200
282
972
901
788
672
802
814
208
79
708
676
101
198
157
313
642
265
572
443
923
727
900
112
454
995
24
56
382
782
260
997
147
150
373
263
822
17
740
456
436
41
79
456
256
927
521
249
157
365
915
132
75
621
250
208
506
800
333
985
148
217
742
145
935
153
446
514
727
489
823
561
683
111
709
42
471
717
470
186
199
491
830
864
606
109
31
52
894
994
472
113
469
504
764
602
244
898
952
101
43
798
647
222
756
98
619
746
647
426
190
249
740
341
572
316
65
931
548
236
801
999
601
393
676
974
440
603
509
457
243
928
568
637
122
273
928
590
263
837
781
351
887
531
589
716
415
544
544
965
146
56
389
144
559
706
641
816
320
851
224
72
636
677
655
728
918
498
985
878
856
271
486
858
608
623
13
323
94
870
864
294
82
521
971
109
711
937
956
117
587
148
741
420
800
913
303
5
266
391
365
121
115
658
742
467
82
466
952
853
363
497
94
723
33
749
963
301
45
246
889
213
84
350
329
514
693
865
101
50
119
284
897
142
863
542
627
288
845
282
846
370
326
737
328
393
61
832
261
621
762
228
30
322
426
587
814
474
335
150
913
600
414
113
303
721
955
84
697
853
502
906
413
489
338
376
82
17
764
835
91
999
267
596
2
712
55
676
193
108
624
431
124
716
653
818
192
471
567
988
954
753
271
912
234
573
260
380
132
753
58
366
338
266
424
916
746
505
590
292
220
802
636
230
66
547
27
597
8
91
776
927
497
746
795
142
732
931
360
669
936
66
353
921
372
231
79
651
456
636
791
713
925
658
312
998
253
191
740
230
901
662
687
800
845
525
851
918
97
660
367
919
771
555
731
671
184
782
350
704
669
821
954
650
503
79
609
614
563
843
217
76
290
467
862
321
7
503
33
732
182
127
463
536
777
169
237
261
472
999
524
687
24
815
390
625
641
227
330
613
684
798
592
898
552
402
107
834
182
735
281
878
945
939
2
671
960
294
845
768
264
672
666
397
802
627
908
174
505
500
380
348
541
934
95
546
847
742
377
291
840
158
874
11
111
882
511
764
500
126
623
270
513
783
125
405
757
598
519
533
344
207
235
308
2
325
807
515
621
516
368
698
351
620
630
531
619
42
612
189
969
300
524
171
968
236
537
412
617
626
753
37
409
406
697
626
37
501
237
113
889
267
257
541
678
339
509
921
99
907
289
438
935
911
339
940
53
265
415
831
57
833
358
985
137
247
876
476
541
407
132
406
132
241
86
510
275
581
896
739
483
954
727
359
347
325
498
565
233
245
733
122072.0
626
936
616
289
893
130
107
217
421
820
571
867
863
828
686
445
229
368
866
848
892
839
233
91
974
582
922
519
27
315
919
105
509
804
905
71
560
92
369
197
483
58
297
578
256
748
100
37
202
632
609
512
986
298
660
880
801
953
717
180
337
113
734
665
503
814
740
997
414
985
618
810
244
853
856
264
935
210
972
659
74
821
610
243
772
819
242
982
649
128
437
939
206
184
814
482
627
599
517
254
143
153
711
51
173
490
793
943
973
356
401
996
284
125
583
668
402
426
38
14
240
772
309
541
858
892
386
310
116
783
564
465
11
377
982
841
725
633
71
232
786
891
217
496
135
401
410
584
26
574
353
164
985
919
164
877
821
357
404
682
299
111
836
572
95
84
462
195
251
354
493
162
8
338
841
765
792
61
946
423
849
966
809
371
571
5
751
311
153
718
33
673
309
562
9
158
986
756
328
632
163
472
448
953
126
245
39
918
714
812
217
811
292
831
548
478
848
206
217
535
606
75
886
81
85
921
673
586
1
506
763
256
433
762
753
335
434
74
99
920
119
654
780
523
489
974
518
980
670
786
227
169
833
522
937
633
668
432
225
994
686
863
401
939
118
762
843
909
958
584
761
196
744
159
524
894
68
377
401
990
400
313
939
247
320
575
977
942
363
940
613
302
67
746
187
56
259
213
984
208
275
31
528
706
513
466
482
196
989
212
347
248
49
665
529
234
463
300
76
941
329
827
212
531
19
314
648
834
594
95
898
732
584
963
826
817
549
977
665
651
582
117
30
727
985
528
261
989
999
789
593
746
451
351
95
938
63
778
284
61
420
799
511
269
699
33
13
289
549
974
133
214
90
23
992
677
388
552
289
143
885
141
68
929
784
529
4
956
382
829
983
252
806
417
632
837
988
829
346
852
617
130
84
409
804
454
872
911
504
985
53
179
734
192
900
676
450
668
177
587
247
218
446
75
109
538
250
620
785
862
861
398
271
817
738
560
524
979
610
586
437
432
242
266
745
400
453
837
561
510
55
387
136
335
168
352
317
605
573
895
315
316
676
866
286
599
127
783
949
246
59
733
196
395
640
439
855
966
642
892
916
296
32
645
70
603
928
168
296
325
977
198
977
96
739
442
593
608
27
182
654
189
451
258
174
654
213
849
151
108
551
54
653
268
185
854
805
875
683
687
795
409
226
346
483
134
518
463
694
440
815
439
970
834
470
740
300
216
691
573
431
465
916
856
487
985
583
549
426
538
496
252
146
691
140
207
151
721
850
82
725
578
666
711
15
39
617
195
337
539
199
600
393
968
28
256
251
694
982
535
789
905
247
341
455
254
539
508
491
920
795
717
195
300
353
904
762
944
513
90
49
455
112
321
24
975
473
700
704
377
745
304
240
259
697
43
793
908
79
507
450
151
892
451
592
563
191
785
942
4
750
547
236
23
43
701
693
948
244
100
462
454
73
548
682
717
463
260
964
771
790
166
100
169
955
479
115
119
63
473
889
189
677
48
602
81
21
732
750
183
796
816
103
22
988
241
923
969
672
751
815
199
218
958
761
193
513
10
496
402
406
607
980
532
439
459
32
930
648
840
604
979
938
610
678
946
609
54
358
662
935
624
507
230
115
570
835
78
405
722
352
714
676
498
580
679
351
837
795
648
882
440
208
745
285
294
810
167
898
6
126
981
224
159
76
638
125
584
32
812
950
615
841
615
93
326
423
23
615
524
760
706
745
382
432
761
288
319
174
180
438
596
539
728
364
800
134
469
425
111
161
712
31
13
169
600
209
380
783
240
169
510
305
254
121
85
702
823
268
503
992
366
228
813
463
164
95
123
226
277
96
466
921
814
184
67
377
191
13
448
867
559
458
303
19
418
972
124
356
355
815
774
540
780
475
772
878
310
599
878
359
76
295
320
278
470
614
287
892
513
537
352
471
48
787
796
125
233
244
810
919
9
771
62
58
850
456
400
697
244
129
246
24
642
559
618
618
97
211
917
883
110
833
378
344
612
119
353
6
963
528
629
601
961
127
684
994
435
239
548
143
515
694
519
901
908
562
331
614
274
951
989
699
626
703
157
341
792
32
98
326
833
70
543
593
861
491
493
378
899
827
929
908
727
626
205
76
825
721
369
956
106
137
771
488
808
370
238
235
981
754
156
133
343
526
573
567
536
278
231
450
126
518
657
466
446
199
572
772
33
336
322
349
767
537
572
945
544
787
740
43
587
166
217
469
107
243
97
919
369
360
454
408
440
407
565
385
115
833
56
126657.5
203
80
770
639
307
739
665
101
470
130
274
796
644
778
478
414
217
445
151
299
895
576
937
267
203
431
152
873
605
622
401
331
447
962
833
106
287
695
618
684
465
528
13
874
794
611
359
206
705
151
424
505
131
453
376
69
718
927
731
246
383
350
634
81
390
949
715
875
996
662
371
315
243
334
39
552
446
500
288
625
649
105
227
478
926
594
894
771
228
650
225
476
887
134
429
474
93
314
24
72
940
315
861
791
340
555
134
302
947
292
319
325
965
361
382
889
450
28
902
510
135
718
897
489
892
772
113
674
353
878
58
595
96
624
210
707
5
664
890
329
521
476
817
413
631
377
228
344
161
349
957
923
643
957
592
668
420
364
548
606
320
180
597
484
619
22
528
741
626
793
221
446
551
573
74
274
168
14
364
344
439
830
739
815
639
708
140
423
471
21
817
658
544
9
486
852
928
288
500
545
539
927
286
732
50
42
363
874
382
826
673
804
199
12
379
580
755
880
745
59
908
822
112
924
388
7
598
230
134
155
248
118
446
92
325
498
253
609
902
18
181
554
410
641
288
790
97
77
38
425
225
195
939
434
474
921
71
965
603
659
787
304
598
320
536
85
365
177
660
738
50
647
518
251
99
818
33
149
21
279
65
497
691
301
665
370
65
752
947
293
23
128
353
463
648
58
864
309
442
67
193
340
923
767
671
357
936
175
923
980
862
905
55
845
400
807
535
207
122
336
894
216
503
261
314
229
561
630
429
820
647
698
347
671
828
90
330
645
634
186
835
12
203
217
961
203
921
394
503
801
512
620
893
923
2
233
960
700
377
823
823
65
971
621
214
873
543
658
934
997
151
443
469
740
831
682
544
153
608
262
354
259
170
79
810
399
606
246
862
416
471
581
770
665
920
436
129
157
795
975
251
785
403
213
106
343
702
419
352
398
362
338
312
209
386
982
756
675
275
714
512
208
197
535
306
753
771
345
148
666
592
394
766
400
410
888
554
615
374
757
256
375
727
634
749
942
251
887
349
29
596
303
901
756
441
82
675
817
380
264
134
880
178
436
88
285
346
581
514
966
317
390
562
428
845
413
939
928
765
819
113
459
899
944
355
818
826
696
329
335
542
178
969
794
370
38
740
907
401
476
692
216
406
23
421
205
766
611
5
569
189
216
958
750
422
461
526
515
538
721
171
564
956
907
707
430
473
765
119
527
3
585
525
651
783
446
645
90
887
836
548
176
740
835
733
193
573
195
950
384
819
753
657
876
751
836
465
83
674
50
983
679
863
515
145
521
480
719
431
619
729
376
287
185
212
818
22
433
298
479
248
738
765
709
389
913
684
525
163
838
248
99
124
843
166
908
972
97
173
735
384
790
610
647
283
18
503
674
980
844
570
731
999
28
327
724
974
748
637
973
672
593
919
523
527
828
4
317
604
686
54
531
52
718
424
78
48
883
686
482
579
805
405
806
327
188
325
838
927
589
591
112
742
461
555
424
739
245
480
807
84
766
1
986
757
157
638
513
988
371
822
505
159
500
651
840
76
179
635
578
266
798
716
706
840
935
25
271
527
550
546
387
24
185
660
344
397
625
600
747
50
62
786
310
936
137
806
999
179
524
566
350
768
22
760
946
339
29
830
662
109
808
138
315
876
697
682
270
601
57
48
814
694
211
484
204
655
621
121
254
154
401
642
682
547
593
515
478
909
985
663
124
322
500
598
440
696
99
107
720
995
19
874
674
22
969
929
195
331
284
708
252
942
582
137
107
383
52
974
977
423
13
245
909
888
311
69
253
125
839
964
772
627
207
867
430
592
694
315
732
696
307
485
184
626
468
765
214
984
651
595
66
186
159
741
420
539
967
779
772
894
66
936
271
644
451
182
884
723
444
7
360
643
370
386
749
425
326
561
471
235
241
764
320
635
977
210
677
856
379
794
34
323
532
786
558
278
734
848
661
145
182
846
153
456
948
460
785
249
523
771
7
919
360
644
227
697
692
292
918
86
248
302
794
852
170
511
901
786
524
130
372
749
317
169
575
994
780
871
357
806
988
965
468
45
512
422
748
801
538
299
730
622
981
541
262
361
358
927
481
329
229
284
56
827
213
923
238
94
20
722
812
101
717
201
856
286
458
568
814
121
100
457
550
454
665
712
601
433
139
690
570
640
79
651
646
701
540
783
330
139
604
323
785
178
305
420
918
118
799
696
59
259
284
324
171
45
216
969
416
669
884
967
976
592
654
459
571
143
106
637
334
179
289
942
872
583
588
318
630
127511.0
244
832
676
478
245
964
81
180
221
729
949
991
778
551
913
935
5
640
879
154
40
980
936
102
976
997
256
860
69
777
770
386
691
503
982
44
27
743
676
77
521
669
812
79
546
922
446
745
571
145
565
878
161
517
196
763
438
904
261
190
502
159
308
21
131
803
421
600
626
269
390
965
847
737
946
203
472
110
136
525
334
263
578
706
974
290
820
376
523
96
783
790
865
62
957
7
17
117
555
892
168
343
86
409
343
789
424
627
725
888
48
830
587
78
269
278
375
313
919
664
882
904
649
536
448
790
180
595
948
366
785
281
547
60
278
930
528
422
560
902
991
197
780
517
299
411
306
386
959
862
760
837
791
768
582
73
899
18
125
665
627
530
307
128
326
21
974
794
112
318
901
190
205
832
30
376
853
769
966
457
372
476
712
649
970
217
423
730
712
745
330
823
552
264
581
303
346
326
702
631
353
373
873
555
483
55
760
284
505
370
349
242
282
499
823
482
416
286
828
359
414
268
727
707
145
581
795
916
743
176
800
963
706
442
825
289
531
540
648
490
965
123
956
375
823
269
187
179
566
245
368
117
490
792
509
912
223
49
6
473
764
526
934
1000
29
737
772
529
506
129
75
771
408
589
604
309
946
540
523
221
399
948
942
574
690
284
380
796
556
243
896
285
821
783
814
960
628
484
211
340
847
17
529
715
700
60
103
879
914
139
779
779
410
778
810
436
981
245
376
900
566
620
208
495
205
80
509
793
774
549
528
182
183
376
632
548
211
816
143
20
890
249
918
321
289
474
229
774
189
227
573
239
356
650
553
216
142
139
439
503
986
48
848
371
206
96
52
95
364
647
138
2
761
172
461
507
123
633
393
738
855
217
195
729
501
468
815
744
900
571
115
368
372
625
952
938
544
587
701
760
528
54
271
9
294
198
920
50
299
149
87
19
118
851
637
311
301
873
405
570
896
201
316
791
647
333
373
18
892
448
334
466
779
995
656
633
469
816
116
795
94
290
524
14
93
259
416
739
347
249
304
118
421
696
846
599
238
894
66
618
21
293
610
567
553
875
256
318
493
135
925
805
249
945
84
198
382
217
273
661
173
198
991
284
203
175
813
757
691
664
321
196
534
970
784
227
563
211
706
157
605
283
170
319
681
994
843
17
306
150
152
725
972
549
847
179
523
32
619
44
357
775
910
458
989
581
875
123
265
422
790
253
52
610
506
394
616
525
24
482
500
870
877
590
659
934
226
75
379
618
723
371
474
992
584
675
411
558
5
765
984
94
17
914
62
688
743
450
220
393
555
105
788
70
249
809
219
342
305
972
831
417
570
855
204
183
505
977
36
547
405
361
268
153
366
35
331
644
738
265
179
339
672
965
362
313
767
63
162
791
265
849
378
192
830
537
762
126
523
21
922
117
737
204
971
136
389
524
946
268
416
482
491
803
364
677
248
508
429
748
146
700
973
653
914
294
16
738
691
403
396
643
324
738
665
480
391
352
670
312
510
168
813
76
173
750
565
117
377
400
232
157
548
702
981
568
749
200
904
220
840
510
688
946
835
196
260
664
585
568
185
982
509
859
925
66
180
60
805
144
79
678
596
42
900
402
977
429
651
164
259
701
845
786
825
841
26
864
672
562
946
26
315
211
785
82
930
885
101
395
711
923
211
68
192
26
165
742
393
889
342
273
965
23
731
428
115
110
403
228
725
202
677
337
492
255
422
884
491
51
293
306
876
315
530
894
714
919
132
932
234
934
571
924
652
1000
834
54
244
795
123
657
518
620
874
876
616
853
39
804
193
340
114
688
464
940
473
682
7
445
294
224
118
71
926
627
101
439
441
700
345
483
789
791
144
306
920
399
833
216
372
726
661
955
58
502
938
451
918
469
896
662
260
131
180
147
26
284
422
481
737
11
325
80
487
650
840
348
443
483
784
796
976
180
198
347
735
551
477
311
556
751
134
783
834
475
814
456
353
878
935
354
514
684
256
520
923
547
51
13
211
594
721
817
212
395
895
536
562
606
471
524
118
791
969
121
503
186
725
519
202
505
861
417
880
540
502
349
40
875
653
811
566
537
335
577
167
479
454
669
425
371
43
760
21
123
378
113
164
917
269
600
410
655
718
408
890
753
16
613
910
442
589
141
112
400
854
425
680
8
599
502
442
600
896
887
67
515
945
240
98
999
24
918
741
391
519
464
153
455
558
725
29
958
429
82
714
625
5
940
485
124
99
867
334
404
824
326
180
541
632
141
302
528
763
537
657
946
610
952
125318.0
691
910
783
511
397
489
654
572
348
141
999
841
944
78
650
381
720
411
911
493
180
634
28
586
194
895
137
411
42
250
160
848
515
720
737
447
350
950
299
78
517
839
154
94
14
362
885
29
942
561
521
40
648
818
933
867
112
985
150
253
641
263
673
204
459
342
907
979
577
936
587
158
244
163
419
149
419
959
245
290
297
552
895
7
753
395
541
712
17
954
182
556
970
186
374
766
924
524
582
320
734
190
828
46
331
244
165
737
775
717
711
456
543
643
296
610
463
140
597
851
835
115
415
427
132
167
999
323
678
88
544
107
149
868
880
494
964
931
837
839
539
614
115
176
449
231
454
713
782
986
857
270
291
386
62
10
916
103
737
238
317
691
888
805
555
164
925
393
267
859
219
932
820
877
806
11
142
863
541
292
707
961
165
264
378
437
474
176
387
165
507
344
233
470
535
657
89
180
851
182
521
802
267
763
712
101
678
100
49
367
31
329
762
31
745
879
910
489
842
834
657
70
511
697
305
50
673
582
686
262
834
222
147
39
968
854
237
887
409
919
604
183
870
140
74
141
625
337
253
458
762
870
390
108
954
36
493
447
515
689
149
159
641
842
761
828
61
161
434
193
863
783
944
95
172
224
753
680
186
820
474
263
873
636
293
810
15
932
360
23
169
499
876
878
144
914
814
982
136
407
804
541
773
325
997
52
353
778
19
425
585
161
765
2
895
330
55
688
36
841
958
201
178
558
467
812
328
50
616
102
933
210
78
571
320
639
946
402
521
890
636
861
272
903
411
991
164
583
928
816
522
898
812
728
74
975
749
777
239
879
111
917
1
342
997
766
503
860
483
874
916
238
309
597
591
96
565
161
26
285
522
75
54
733
983
667
666
972
296
854
822
885
757
125
856
132
377
409
274
1
451
272
410
624
115
800
474
750
68
364
16
320
64
987
707
745
208
5
41
521
300
967
999
751
476
408
106
982
655
592
795
589
674
90
976
554
314
952
221
715
402
655
824
712
297
192
413
286
969
424
763
769
1000
740
583
369
621
27
84
885
914
756
571
729
376
279
264
897
828
921
322
428
125
357
680
1
305
382
546
338
989
188
498
144
293
818
42
865
662
971
213
355
893
847
158
834
249
953
37
587
909
958
302
621
700
458
675
663
201
891
648
825
724
263
46
39
302
21
237
114
442
201
49
121
415
772
556
664
953
896
543
789
434
523
15
179
897
501
628
122
165
616
446
976
637
413
303
190
906
811
871
634
371
266
962
161
617
681
188
797
182
272
49
341
520
920
406
130
360
293
714
531
863
802
584
778
850
104
255
423
831
26
435
918
191
843
428
665
717
962
608
666
357
982
516
438
919
791
144
206
68
152
309
59
95
437
241
757
998
733
408
505
474
854
168
432
379
310
310
83
697
279
688
187
761
707
293
460
949
275
468
181
493
722
529
275
691
507
140
998
728
86
484
183
265
125
902
104
972
268
825
704
356
78
507
704
20
890
463
830
537
790
943
754
95
314
982
88
810
332
467
215
292
725
206
211
95
527
529
383
995
400
548
71
429
356
232
224
601
179
627
255
217
258
315
862
441
33
124
108
971
978
45
511
81
484
890
204
839
923
25
70
500
989
929
569
344
988
749
566
546
677
71
918
259
271
209
342
44
554
865
801
19
703
438
199
953
717
997
505
692
810
687
829
617
275
603
831
358
837
964
397
848
622
770
445
272
122
348
870
356
294
329
399
772
960
57
665
801
820
116
153
554
979
415
99
333
721
576
564
975
459
229
456
256
875
525
153
72
572
291
373
769
955
148
111
176
978
284
739
707
214
990
6
439
597
540
955
873
758
439
590
718
660
316
952
479
416
277
752
937
213
201
942
225
189
2
488
448
460
570
637
219
738
528
611
427
384
746
517
542
895
627
259
675
160
699
938
157
778
718
139
606
188
151
671
20
779
858
929
355
496
803
920
861
172
536
599
346
252
556
988
155
934
594
529
767
638
265
242
449
374
468
298
185
779
913
617
745
627
233
552
160
72
139
662
102
707
409
277
324
790
817
677
777
703
772
313
513
382
866
153
463
886
277
326
138
150
549
263
820
480
262
856
457
296
609
196
917
603
298
776
799
488
22
564
116
530
414
869
501
440
44
340
852
155
561
603
526
561
785
107
914
289
189
583
522
930
498
218
836
879
264
180
597
590
295
240
445
116
106
235
898
519
108
605
589
994
258
239
987
848
518
887
804
771
524
970
916
515
778
882
923
130
333
423
865
657
270
676
119883.5
650
116
646
406
682
935
457
782
543
457
403
869
862
146
326
286
260
445
764
281
65
69
886
244
473
439
145
135
814
623
51
333
444
566
851
668
604
496
188
112
177
208
697
454
378
957
164
655
326
157
297
147
177
358
379
409
235
34
455
348
705
307
615
101
981
335
62
588
398
835
406
647
520
338
133
332
891
222
224
670
984
269
654
48
761
609
195
982
307
435
319
848
533
373
385
376
752
930
852
671
113
113
851
925
561
655
430
88
160
626
819
108
231
445
109
57
194
917
543
304
206
386
263
222
914
146
650
268
370
227
390
940
83
683
154
74
383
146
169
352
220
367
634
973
294
561
779
172
172
288
397
15
920
814
400
397
488
826
302
768
663
641
365
577
96
309
523
786
267
38
760
222
58
673
703
925
517
251
99
682
660
554
257
206
272
582
795
578
279
460
286
946
538
873
255
421
314
204
521
98
107
275
394
663
596
432
356
849
255
807
527
35
110
153
446
795
749
145
157
787
209
739
60
631
245
327
604
951
69
674
521
446
9
46
192
356
268
876
572
935
775
690
252
469
337
304
667
350
35
782
198
627
77
326
191
515
523
348
886
922
30
54
7
285
400
405
294
997
293
709
565
919
932
492
997
143
327
567
43
789
133
861
842
481
232
495
331
706
967
165
292
942
619
426
787
657
399
399
95
445
821
960
320
127
962
382
573
524
709
23
82
585
511
639
763
923
561
648
674
732
407
625
301
999
864
744
658
184
739
936
231
157
71
406
747
182
960
693
766
312
467
987
149
103
783
149
652
254
522
913
27
448
783
386
945
518
829
831
569
338
705
683
832
32
397
769
665
478
833
178
324
1000
19
364
151
729
291
416
233
951
413
486
762
15
811
453
701
203
775
723
230
44
721
915
659
129
137
304
595
112
359
758
931
648
118
146
832
157
937
13
259
389
279
363
38
653
907
643
825
886
672
293
92
728
30
464
916
543
398
309
83
411
329
192
102
49
874
244
274
645
482
990
469
635
39
219
878
726
351
833
304
337
69
843
521
732
109
36
792
768
727
462
718
808
144
782
855
448
98
391
96
440
9
702
66
764
488
523
322
283
364
961
718
477
649
837
109
325
746
728
519
280
350
121
753
555
561
68
154
100
288
60
579
517
107
385
887
555
898
897
822
931
957
72
712
141
227
457
699
314
445
357
515
295
837
134
57
889
824
186
796
850
420
307
438
161
648
270
587
455
663
940
197
712
79
347
120
630
102
362
11
337
115
915
250
660
338
189
162
234
666
945
912
124
606
538
943
977
25
243
414
283
292
53
449
295
885
741
134
905
14
496
158
669
320
578
902
80
988
936
61
948
186
412
12
690
773
235
475
626
902
790
178
300
639
280
985
24
839
736
963
821
877
66
545
191
979
577
672
522
870
148
890
864
517
905
122
341
62
165
644
290
710
186
946
669
44
964
208
382
566
352
359
550
311
138
868
512
333
938
418
439
734
663
492
7
845
254
285
448
228
727
484
4
570
552
818
318
986
948
255
22
356
890
635
863
890
992
916
337
394
65
401
227
267
707
552
270
204
325
293
386
482
979
59
613
829
837
124
506
723
771
980
746
257
644
756
861
59
362
60
384
429
436
424
482
486
799
452
463
170
818
925
969
498
561
780
338
878
316
204
24
217
409
944
834
373
993
848
792
850
439
991
993
587
995
569
522
316
734
572
144
293
34
233
403
458
272
821
277
964
885
826
607
467
372
352
857
971
797
704
922
310
867
908
972
799
500
230
743
812
867
55
323
644
581
760
75
539
138
788
751
932
256
372
992
208
2
595
668
606
173
981
441
373
134
122
344
606
987
950
651
776
892
613
183
402
924
417
831
916
56
541
593
870
807
221
70
396
671
194
915
79
956
882
10
752
305
594
296
448
163
562
801
681
33
58
805
478
4
502
489
362
147
751
876
84
32
469
889
705
81
910
192
473
406
312
697
557
412
81
161
796
628
608
420
53
657
921
535
272
485
11
481
849
704
374
375
24
811
238
511
413
256
837
962
256
933
224
963
518
547
267
134
553
1
86
12
106
115
761
928
216
281
545
243
283
862
809
447
509
923
946
383
216
925
302
406
928
320
928
41
380
413
303
253
594
869
111
544
621
650
582
506
196
333
62
928
263
788
303
833
658
847
899
543
839
636
544
860
864
668
482
295
168
384
436
669
653
157
700
483
72
160
993
493
33
163
540
101
625
493
516
794
314
970
696
716
290
429
164
302
683
340
595
852
142
883
53
656
123904.5
988
725
448
62
8
391
373
288
416
234
282
14
217
103
187
504
316
991
20
294
106
909
702
819
211
199
11
959
693
759
295
33
274
294
791
22
398
108
676
986
438
369
635
776
350
535
916
37
673
870
14
703
419
218
957
518
115
685
374
577
224
13
453
354
325
571
763
433
545
242
541
6
953
35
443
731
675
514
473
400
506
224
861
64
111
199
929
257
538
584
140
707
564
693
482
682
463
10
645
922
207
657
18
756
760
458
337
960
148
709
782
205
629
593
74
35
526
141
538
787
91
995
310
341
810
827
819
525
806
476
99
101
492
283
250
27
749
285
956
417
94
108
47
748
284
764
572
791
411
956
950
392
266
665
877
376
374
989
112
543
753
517
139
844
105
90
144
604
251
692
294
642
33
213
654
437
946
291
88
569
932
851
857
739
735
967
843
614
468
956
760
467
793
620
342
480
69
515
932
155
309
19
574
392
192
518
88
11
894
542
261
948
118
620
976
17
932
954
682
425
123
658
366
225
281
839
503
77
936
73
662
381
373
365
609
543
829
937
723
672
169
798
918
958
83
667
751
146
938
830
731
966
701
555
126
461
640
270
74
466
797
473
669
769
257
909
583
483
620
875
233
296
487
680
714
135
605
816
132
673
343
529
373
919
698
873
77
307
140
505
921
790
54
558
842
255
384
657
883
470
644
533
321
600
559
703
777
860
135
996
710
171
480
109
965
548
433
908
615
227
190
944
141
366
233
786
134
300
584
628
28
787
881
806
852
927
983
727
373
35
4
827
883
910
878
694
450
124
915
734
688
462
805
244
93
755
511
367
88
230
352
95
985
355
662
26
26
765
285
849
240
775
481
661
242
5
676
953
914
426
640
457
304
572
676
479
774
123
496
979
587
231
205
13
314
253
417
103
104
167
377
460
990
331
457
442
906
48
766
186
38
202
434
543
743
858
566
36
797
7
299
672
194
438
420
746
87
127
812
878
377
33
694
788
339
946
451
458
98
145
40
520
493
846
408
495
61
729
112
583
17
343
900
518
380
137
472
270
719
668
89
486
49
201
45
658
90
726
491
890
641
958
394
141
90
422
960
646
647
640
989
843
664
3
217
319
689
708
895
270
208
111
193
396
765
54
936
466
935
835
299
309
131
678
179
380
419
372
382
919
665
419
168
752
904
854
846
257
275
632
984
35
932
505
270
131
227
729
961
490
480
862
854
894
504
538
475
240
795
581
628
550
747
551
927
121
656
721
922
405
205
283
892
595
624
16
406
830
276
107
425
744
43
614
487
465
691
415
255
185
759
345
165
788
417
346
470
700
846
838
384
786
640
710
350
405
480
429
364
334
327
843
355
946
590
631
374
589
424
707
461
638
924
594
353
905
200
578
42
548
546
363
279
484
172
491
666
759
654
856
65
878
580
64
107
444
685
203
747
104
418
875
250
308
214
564
861
475
102
700
751
641
495
247
809
114
36
181
714
506
689
437
932
543
305
262
366
329
194
446
201
430
151
578
66
20
230
344
939
41
420
253
771
466
47
591
394
734
397
879
295
871
463
248
32
150
750
851
864
354
783
82
890
344
431
12
696
941
35
673
823
284
249
463
55
559
607
631
738
22
202
868
187
113
258
565
739
214
497
189
255
199
738
245
991
422
867
822
533
91
704
478
285
917
963
453
358
854
711
41
740
205
412
452
169
171
701
281
296
704
205
111
811
441
538
444
764
632
492
256
385
460
683
410
483
505
966
196
115
379
540
456
338
933
394
163
851
152
732
6
260
583
22
943
893
442
754
3
771
845
547
787
369
89
121
884
510
247
701
319
437
997
756
374
768
208
224
441
131
628
380
313
523
898
596
155
577
887
456
986
738
757
921
433
968
478
534
870
608
149
135
355
525
799
187
964
745
317
772
406
519
987
124
476
746
539
457
513
165
893
112
748
324
490
42
315
674
819
686
634
10
133
918
592
712
691
817
829
273
381
153
333
129
322
638
776
706
342
95
153
807
890
291
732
737
589
712
351
964
684
65
160
986
369
288
23
342
901
953
437
76
735
958
147
806
448
687
612
453
960
329
824
561
492
949
329
961
524
126
61
463
838
774
116
559
333
170
901
119
535
486
534
918
147
166
798
185
810
867
495
856
406
856
792
538
390
496
129
529
154
858
494
712
101
922
63
356
88
676
518
975
336
305
228
308
893
350
99
207
269
317
439
746
746
232
326
307
228
771
274
972
359
743
740
355
143
346
726
874
245
346
827
571
134
958
214
375
860
235
985
127645.0
929
909
852
87
283
296
386
313
76
536
753
483
116
314
666
172
154
635
581
726
930
850
974
894
279
650
162
172
223
982
623
65
863
147
787
556
748
115
825
80
981
991
971
882
764
311
615
723
765
100
730
619
389
521
558
486
668
950
24
516
483
75
458
577
406
582
953
745
104
280
937
227
90
943
611
986
726
990
993
663
277
816
504
770
299
473
329
490
75
536
7
557
662
238
362
616
740
593
449
756
237
245
40
794
654
875
784
11
578
409
112
101
865
567
710
195
467
877
392
529
212
739
282
794
795
205
598
646
157
299
379
665
807
785
148
842
147
874
404
532
66
8
727
818
950
563
930
752
686
552
340
652
226
74
531
435
925
225
920
404
918
522
818
280
112
84
72
508
746
626
29
625
650
939
724
647
392
408
840
922
750
27
848
8
524
269
751
929
583
351
575
478
75
860
426
6
496
191
570
748
558
880
997
982
299
772
929
202
186
67
107
228
818
543
712
215
484
610
620
270
849
731
189
608
419
547
93
732
809
894
220
845
374
248
896
637
926
66
819
101
9
660
638
609
216
385
546
288
604
40
898
143
455
591
464
486
720
109
689
946
198
979
16
869
627
104
146
754
791
131
625
526
351
41
277
606
183
422
85
594
193
521
827
76
457
424
732
301
794
584
429
819
707
34
747
689
986
240
296
678
188
211
450
711
34
214
5
632
233
829
593
295
43
79
625
966
156
853
844
387
310
41
473
642
388
295
587
936
914
833
430
603
90
579
574
460
831
704
520
102
607
61
855
560
402
97
116
921
812
714
944
771
358
772
27
169
861
474
623
844
37
100
133
196
497
841
314
190
340
866
450
92
391
950
734
504
624
472
601
256
393
406
872
156
754
65
870
874
413
438
108
869
671
317
689
543
91
966
32
544
730
877
620
133
280
887
784
913
972
603
879
20
881
766
432
242
224
618
252
65
203
321
492
762
806
82
16
231
79
943
585
883
817
583
85
404
53
851
585
607
969
232
474
860
405
550
565
466
668
611
190
779
379
332
129
788
669
202
588
611
592
121
777
217
825
509
893
936
814
554
671
2
851
671
531
130
426
861
973
660
513
448
765
10
86
549
685
909
319
375
807
155
867
940
510
562
832
47
332
136
849
798
73
841
521
275
662
407
236
156
193
585
537
713
916
386
32
162
972
721
332
905
459
702
50
891
610
205
47
705
183
288
851
200
94
333
102
465
112
565
71
148
612
522
186
658
302
760
930
792
846
128
903
647
435
359
885
930
552
577
757
797
882
463
355
107
135
954
204
844
833
329
586
715
938
405
720
606
15
928
981
668
723
728
864
995
721
235
2
690
755
324
716
245
386
68
482
954
219
506
820
490
588
991
360
422
288
535
161
183
791
819
602
594
57
737
589
231
137
241
984
56
778
80
688
777
483
806
160
865
944
135
40
998
394
11
262
712
368
537
263
742
589
564
82
136
209
881
698
205
656
804
511
344
779
269
205
285
847
252
646
49
301
852
285
583
303
589
333
721
334
126
832
584
909
235
27
836
772
422
548
231
703
263
699
115
67
37
515
861
388
264
107
193
483
1000
10
127
278
178
452
174
211
919
991
796
96
93
332
780
312
896
520
19
216
836
298
965
823
222
202
611
909
365
884
287
863
705
311
729
751
377
375
958
474
531
385
909
789
277
58
191
310
922
29
377
558
70
953
28
595
389
138
888
357
165
928
251
447
877
973
325
415
68
515
286
253
354
574
918
279
182
94
767
563
395
367
208
2
13
935
935
251
899
411
87
13
202
277
454
70
100
511
962
555
649
606
253
830
447
942
922
602
22
201
978
324
637
571
493
959
624
979
616
106
850
623
973
311
563
985
729
223
919
442
575
387
695
223
241
567
101
553
713
856
699
695
176
804
894
702
219
389
792
309
503
915
988
73
329
152
541
68
269
503
350
821
752
396
495
493
499
646
656
285
460
674
299
34
134
824
599
189
577
518
574
146
284
904
589
415
276
138
71
151
417
676
188
762
72
131
139
693
538
9
388
694
367
108
258
729
535
373
520
801
238
77
187
915
657
717
740
919
354
973
423
464
36
210
793
58
626
844
885
727
815
823
546
778
50
922
113
958
338
892
846
228
592
961
831
911
283
775
435
349
944
701
410
251
627
141
886
772
801
116
20
461
740
431
696
818
900
282
698
999
683
828
827
738
90
758
613
89
471
771
993
673
270
593
678
979
845
420
102
432
425
516
876
758
65
371
196
612
633
142
793
727
186
670
31
