500
6
123627.5
698
412
855
237
833
201
412
147
406
557
708
894
468
42
479
829
282
343
850
464
962
732
376
473
156
696
284
635
231
389
539
837
133
315
247
764
382
423
261
740
67
506
885
43
785
428
711
910
310
367
286
907
983
720
381
915
601
469
603
221
835
354
406
639
93
406
422
544
192
285
387
983
590
464
726
248
410
587
941
549
610
209
232
401
732
807
919
166
265
42
529
926
517
537
199
228
539
466
304
449
480
940
104
497
925
568
633
287
541
832
932
36
878
322
377
542
849
246
79
619
45
652
297
307
409
956
697
697
93
37
470
376
369
766
199
81
201
524
312
404
702
330
393
512
575
118
489
476
205
245
947
266
578
235
726
523
620
280
634
771
306
833
608
133
782
26
228
346
826
376
904
46
687
850
237
775
235
197
411
177
580
86
827
60
392
807
375
586
965
360
776
237
819
565
410
794
471
848
171
152
586
432
217
615
376
627
621
221
679
830
100
292
42
549
720
721
910
580
654
712
253
554
425
339
857
276
897
29
73
591
672
406
93
171
969
812
406
349
1000
937
865
829
526
304
168
562
767
923
878
988
499
64
303
660
475
647
526
226
40
507
459
895
918
15
273
280
771
65
684
94
186
34
571
52
684
850
968
938
660
888
450
113
510
290
902
475
168
433
960
562
833
658
595
187
204
841
50
244
180
817
774
158
974
462
72
233
685
321
924
746
361
31
609
725
718
84
272
646
673
406
559
600
5
32
576
307
666
931
341
472
159
487
683
695
498
740
421
714
485
479
751
78
877
143
268
618
215
604
80
85
953
208
496
357
628
404
763
254
574
799
500
324
231
231
300
452
1
539
293
606
900
208
213
931
749
532
103
454
460
878
863
160
839
359
256
950
340
112
453
951
229
171
50
111
467
923
67
879
334
948
703
536
344
211
581
668
464
428
600
128
506
746
317
861
301
33
710
569
119
777
531
343
203
874
711
93
97
717
370
597
414
833
507
3
864
30
770
184
842
208
508
120
515
978
749
402
251
493
520
32
95
567
28
325
526
350
519
717
602
969
891
733
795
948
434
32
648
999
33
904
281
106
570
222
211
295
691
195
991
983
458
453
441
236
540
868
506
84
470
612
791
911
773
204
117
74
314
995
235
21
411
706
135
660
978
739
967
113
222
199
604
455
612
160
922
170
461
555
846
894
549
102
155
710
72
228
788
334
61
668
488
424
887
207
68
869
757
964
735
952
42
861
438
923
164
917
733
85
272
38
869
653
931
852
152
404
700
810
806
791
68
139
795
134
459
78
227
992
372
228
645
832
663
183
51
880
269
926
598
971
542
439
493
270
990
603
481
827
361
461
907
167
174
399
466
927
301
675
63
386
513
632
826
915
849
271
85
907
461
1000
762
690
294
667
233
882
975
935
581
835
560
12
285
137
162
858
71
989
672
307
737
236
523
845
866
463
175
682
726
828
57
415
170
57
584
384
271
257
942
287
905
387
248
217
802
461
121
901
576
159
365
473
63
217
743
793
439
787
632
372
350
557
266
461
458
443
161
711
842
591
732
648
873
611
58
843
220
773
836
127
466
728
312
370
835
638
615
892
48
516
235
839
344
178
963
346
542
65
594
289
743
2
220
415
990
842
849
140
473
396
183
140
380
948
165
26
978
41
420
237
467
922
449
880
99
956
845
147
244
49
99
343
635
581
790
982
445
486
427
642
482
88
720
554
896
43
483
22
191
964
85
614
814
570
661
409
1
941
673
222
903
297
416
462
19
956
90
781
746
302
727
432
62
714
305
793
653
135
243
446
829
502
154
652
442
187
200
203
679
922
498
963
976
569
632
780
589
779
901
483
288
580
526
659
52
465
266
41
755
352
350
268
219
80
522
792
372
92
130
205
91
207
875
374
470
703
356
63
692
913
247
522
27
753
434
503
362
587
264
348
708
188
912
553
122
175
247
879
295
2
488
174
821
36
80
540
849
764
758
987
490
340
823
238
128
910
275
839
463
74
996
704
608
148
441
470
837
331
766
558
134
167
313
64
969
178
23
643
689
935
413
646
286
25
13
276
869
333
967
853
285
249
674
729
506
831
441
973
792
994
899
629
690
280
867
705
35
613
660
108
774
153
499
278
51
382
130
762
388
537
309
897
795
311
44
683
844
977
359
956
737
261
498
723
569
13
236
252
115
249
303
919
799
239
613
856
363
50
954
125
468
991
662
671
101
800
774
763
53
208
724
712
722
811
349
597
213
130
248
675
16
576
854
354
359
824
189
779
889
969
123957.0
798
435
801
282
757
200
8
64
755
646
618
986
913
116
359
738
436
331
809
420
998
695
213
565
45
778
256
649
177
442
503
804
716
400
656
763
541
475
346
725
903
517
610
125
926
474
753
893
560
454
989
962
75
705
614
907
225
515
717
257
925
400
165
589
608
389
696
540
200
381
822
979
885
531
926
302
767
520
735
533
55
111
120
372
906
785
938
225
470
45
417
909
796
558
212
300
241
538
29
542
903
935
93
420
180
602
992
214
887
921
313
28
353
276
165
505
811
298
775
556
4
721
360
368
112
948
279
629
275
105
887
414
754
838
780
120
88
542
989
377
783
308
628
510
126
186
532
433
868
229
478
279
561
233
483
581
469
262
543
848
177
827
421
162
523
108
507
385
985
420
768
76
264
797
88
833
452
291
246
207
998
66
494
76
745
821
294
639
619
315
550
337
546
566
432
728
667
820
580
113
716
519
246
655
454
698
497
260
885
892
844
378
975
598
369
635
126
492
265
750
304
611
450
346
532
209
259
17
591
684
525
501
207
93
245
855
252
338
499
997
299
730
43
336
542
544
606
837
194
902
360
53
267
665
810
651
260
300
372
453
989
849
131
115
78
223
176
91
161
85
133
20
424
107
661
788
944
856
338
858
471
148
865
224
497
423
362
528
554
552
205
670
967
108
378
794
198
336
576
893
851
152
621
457
69
268
837
308
542
681
817
24
757
662
483
115
539
652
886
322
824
575
476
132
735
270
417
875
155
488
474
390
353
632
85
667
25
689
715
383
264
178
112
230
882
523
652
573
133
28
366
138
133
403
219
320
275
247
99
845
62
316
859
327
161
499
841
549
239
539
907
198
951
894
713
532
149
470
199
854
721
99
601
341
279
988
397
74
134
953
784
175
334
94
681
980
842
931
429
885
633
577
621
207
973
632
571
340
455
211
845
786
180
772
641
113
784
648
556
788
98
294
695
921
954
176
331
798
753
637
86
891
681
64
451
36
216
195
834
173
257
128
558
900
76
446
428
433
548
11
371
584
149
422
595
358
674
718
632
936
459
733
601
960
497
103
312
950
73
810
621
155
89
174
477
339
509
221
886
905
904
431
230
309
137
861
973
40
344
683
83
816
107
117
648
26
950
931
287
102
704
668
141
689
883
694
574
77
254
180
509
484
573
150
27
255
694
457
743
901
846
130
280
661
839
233
280
408
775
754
134
341
461
161
515
810
625
946
336
859
409
843
326
997
877
843
269
25
51
26
472
720
678
906
262
424
163
739
193
762
454
89
820
95
282
105
569
977
835
247
994
923
125
113
341
944
330
925
993
985
710
516
596
370
424
694
548
757
96
534
761
224
369
324
598
976
747
606
594
311
263
630
217
846
497
351
22
838
608
974
905
731
320
610
671
922
42
873
830
921
127
97
609
230
982
845
855
967
234
258
704
274
118
866
890
399
51
638
273
864
696
421
556
98
518
295
760
287
330
370
19
400
102
207
875
412
838
839
982
237
643
474
553
205
931
788
411
748
291
333
543
573
606
441
50
373
444
775
205
672
54
641
925
631
144
898
885
745
550
109
7
669
7
425
462
715
255
977
26
535
886
775
749
177
366
350
345
135
166
381
494
11
147
344
835
756
164
207
879
446
292
102
246
858
738
18
883
23
464
139
169
878
212
942
200
949
823
108
881
132
913
311
281
482
967
924
747
424
728
554
652
115
352
576
676
20
789
24
635
892
489
604
511
589
166
380
773
847
33
168
101
349
924
556
142
929
464
814
241
313
788
427
881
638
369
738
363
182
795
367
268
587
687
621
265
129
304
156
6
984
532
995
944
591
908
834
645
857
253
497
721
563
646
572
565
501
526
28
242
347
392
297
14
44
271
821
339
124
785
123
597
151
620
446
66
724
497
5
647
961
868
444
349
665
16
439
723
552
258
338
693
200
262
482
611
84
669
828
421
25
570
184
143
58
377
629
152
808
413
901
597
301
527
327
732
910
687
896
50
156
97
749
858
65
872
535
250
353
280
571
455
265
195
25
686
78
931
700
576
987
288
657
148
52
947
279
635
272
568
787
43
270
103
684
316
764
331
977
43
914
660
659
606
216
709
691
455
522
591
105
336
228
265
235
766
405
527
783
909
457
647
990
237
379
474
716
950
980
860
881
588
209
553
791
984
95
650
201
317
268
820
854
985
200
419
950
983
122
384
124
229
925
104
702
711
711
44
802
301
239
486
672
878
867
479
498
916
71
560
608
260
535
309
440
122
792
544
780
301
955
133000.0
121
469
729
244
195
298
338
25
187
686
83
901
313
48
127
674
847
262
779
361
18
790
100
503
199
874
345
661
793
361
756
768
475
455
182
668
670
521
906
748
227
568
153
130
548
540
110
984
615
495
427
931
885
693
429
979
915
505
645
161
153
377
588
516
995
415
459
459
965
400
450
916
305
545
656
302
799
493
187
605
986
89
695
403
569
866
961
206
533
107
583
889
972
588
844
377
438
473
923
448
123
927
271
324
518
529
413
264
108
899
955
39
22
328
976
546
59
255
665
649
228
809
441
307
225
855
594
705
699
200
744
449
929
915
645
135
632
557
217
428
258
240
339
573
836
133
246
479
808
133
579
187
934
178
794
650
403
334
500
931
479
727
920
80
217
54
617
326
255
486
312
86
552
842
263
824
345
200
249
251
418
63
766
6
751
783
360
644
430
315
63
283
202
479
864
778
496
810
395
190
888
556
723
656
372
620
441
238
555
970
530
449
730
627
866
716
42
586
839
672
35
632
614
283
74
156
672
19
872
688
196
506
992
112
424
953
532
260
403
974
311
644
70
423
498
537
936
780
694
851
92
70
219
718
545
624
776
305
434
544
89
793
876
105
318
320
527
177
249
109
434
28
744
101
306
885
50
780
899
887
673
159
955
204
747
375
732
596
426
626
182
731
991
68
154
703
211
395
795
963
83
68
903
453
757
314
492
272
833
633
471
68
843
723
61
179
457
560
937
270
404
622
301
127
41
307
922
832
822
434
907
353
478
575
902
616
647
760
603
459
668
241
99
158
967
459
587
529
198
97
15
229
276
340
312
230
945
162
671
770
837
307
939
408
880
401
482
575
632
462
191
151
869
942
211
513
891
444
907
863
890
1
795
384
402
960
819
78
441
901
9
147
348
2
447
957
267
837
218
827
876
631
601
155
501
574
67
266
252
162
848
848
895
782
146
176
380
582
527
704
435
244
833
853
716
235
765
815
260
567
546
849
243
87
70
126
601
245
950
236
126
220
610
856
283
444
221
336
623
35
641
636
919
420
305
353
8
751
131
923
800
730
683
995
173
191
430
893
342
776
914
215
493
201
975
358
79
265
359
947
803
481
301
287
579
793
481
105
366
610
370
827
963
206
221
16
830
893
754
69
723
760
696
593
752
759
805
118
920
195
376
391
108
157
249
330
950
478
345
813
616
193
667
733
786
171
877
339
813
762
544
403
196
248
347
883
579
920
425
809
352
784
874
938
255
804
112
42
667
17
267
656
396
849
750
425
694
776
435
818
280
13
61
102
239
19
38
993
76
325
254
884
44
201
902
898
297
981
852
959
658
477
984
443
830
752
861
665
855
623
651
252
800
423
850
930
205
540
6
370
746
600
957
922
119
415
670
804
933
933
756
729
335
607
697
996
854
800
384
833
427
60
334
187
423
902
265
900
874
356
831
298
142
838
216
480
696
581
89
777
17
362
90
32
215
204
140
193
536
366
5
396
362
125
282
487
747
828
839
282
703
410
48
228
496
719
728
835
736
333
905
594
359
411
680
430
465
773
835
706
296
558
879
639
933
800
326
721
18
106
899
738
864
411
385
683
15
929
687
461
676
868
837
185
296
389
715
160
619
391
977
15
154
370
938
768
8
148
612
506
109
56
285
958
979
59
533
49
539
209
770
901
497
881
651
938
486
205
638
75
750
288
31
450
989
925
756
401
458
518
617
47
116
485
316
50
410
82
587
979
403
584
642
637
366
342
761
870
835
128
894
371
923
619
479
850
332
826
326
253
95
336
372
698
150
811
114
155
672
458
321
515
988
598
735
183
401
157
729
927
435
957
576
562
199
808
432
954
114
553
96
516
983
619
861
449
546
99
998
299
423
335
905
81
209
896
881
190
281
167
985
233
269
518
974
715
941
103
178
881
99
397
713
710
752
342
69
549
739
354
444
214
724
433
987
177
851
875
725
44
443
139
33
70
651
650
824
725
611
885
969
207
452
404
652
816
746
975
314
186
187
819
680
36
782
480
703
257
568
627
437
270
176
4
776
118
932
693
807
991
274
676
979
50
282
331
912
252
757
736
150
283
42
700
576
832
987
989
379
986
875
742
565
209
302
768
905
603
672
66
226
163
690
306
888
481
493
701
990
436
694
964
617
422
755
646
769
979
865
829
74
172
172
704
923
170
855
246
515
345
816
767
201
134
980
991
593
158
938
159
343
882
217
725
190
805
949
797
159
253
407
586
543
914
404
470
810
59
862
692
279
592
380
385
745
856
843
749
184
987
126363.0
928
371
379
316
91
268
592
89
150
703
121
972
507
41
352
665
84
180
849
270
145
749
570
468
652
962
108
589
290
351
504
760
846
473
455
598
120
602
607
714
419
546
895
200
99
555
946
988
777
564
995
843
168
605
867
984
221
501
464
66
115
313
980
447
682
481
888
365
161
410
25
895
690
464
534
269
107
439
803
537
991
48
899
378
866
784
379
289
215
166
446
971
496
554
890
429
161
473
916
540
864
874
342
372
648
604
26
280
512
846
608
43
248
329
5
510
992
177
988
667
471
834
342
223
566
941
56
650
703
269
308
546
406
863
844
71
775
472
673
449
411
173
286
619
585
67
632
487
822
153
548
281
89
163
96
685
118
313
14
932
341
797
368
166
504
60
62
415
610
520
237
55
919
804
416
831
132
252
197
296
700
41
49
77
68
794
381
583
585
404
984
265
174
429
614
744
943
797
765
96
155
569
107
607
679
524
680
321
107
914
590
364
791
679
453
777
801
561
857
633
268
555
677
336
512
197
635
33
497
594
497
501
597
209
318
968
348
286
983
918
411
613
888
439
443
464
417
701
474
767
987
3
806
697
762
682
649
270
582
576
634
801
597
111
145
389
797
77
460
85
520
94
593
85
193
813
835
752
611
894
528
157
949
125
409
466
939
531
148
709
775
716
914
136
703
738
616
478
767
960
783
105
576
515
393
334
690
187
904
558
426
107
442
808
826
99
757
545
534
364
624
646
232
34
983
312
58
796
384
515
667
317
113
595
475
524
132
701
340
439
923
176
138
87
726
382
7
599
541
57
968
239
425
400
806
193
691
64
824
831
158
321
165
410
512
309
119
525
78
458
159
240
114
856
957
596
147
398
443
815
826
13
506
340
877
972
420
152
43
851
64
107
401
86
269
987
945
778
360
805
464
698
776
56
557
661
941
272
756
149
331
922
170
689
576
183
487
573
41
710
882
307
504
781
68
316
782
801
936
576
139
838
676
115
514
182
157
215
84
228
809
159
418
796
612
364
972
395
335
100
90
602
431
352
801
436
847
773
449
995
485
696
590
965
865
126
247
824
797
834
606
149
418
230
528
371
541
176
573
988
480
469
988
195
529
832
985
136
178
700
949
801
249
205
53
55
364
960
825
96
322
718
49
616
938
771
861
37
503
271
143
461
350
137
560
430
687
432
236
855
414
236
796
661
831
79
107
385
93
829
330
339
193
213
158
785
265
861
985
829
908
851
831
920
601
732
719
29
977
8
762
593
808
897
456
372
654
824
733
781
108
8
528
23
803
23
205
963
318
367
741
804
285
278
315
848
233
994
622
973
427
546
219
488
867
726
120
664
495
628
268
232
65
363
20
842
382
621
328
319
138
503
319
928
649
339
723
705
699
944
8
734
761
604
240
995
415
888
107
803
205
75
752
225
248
913
729
982
859
267
926
235
956
914
476
540
771
566
423
872
348
449
16
96
233
250
823
201
318
463
492
355
506
135
214
546
46
753
817
282
666
367
926
239
680
767
768
838
767
361
682
574
740
452
488
401
758
819
127
694
105
528
617
694
474
755
369
635
629
38
489
809
257
424
508
728
331
889
791
504
304
927
421
206
809
377
635
247
397
416
404
28
714
278
978
729
434
93
746
479
453
50
421
872
117
57
549
125
140
177
250
938
690
887
814
865
315
147
804
20
471
346
619
486
53
860
459
355
467
435
197
72
22
482
225
33
424
82
820
915
720
486
723
627
560
412
765
893
736
163
921
385
802
599
477
766
960
752
296
297
205
260
335
721
919
777
458
242
505
374
565
602
957
509
523
231
452
83
271
985
326
880
585
659
825
871
612
937
353
582
231
552
760
646
317
525
134
6
139
346
397
298
955
40
447
922
686
259
937
83
443
299
161
597
882
809
572
73
889
881
316
385
570
690
884
252
303
542
711
330
993
122
537
430
482
116
453
854
562
142
205
182
480
49
729
706
498
814
195
794
902
200
978
317
402
719
484
910
770
153
458
901
276
107
402
563
328
349
599
573
521
339
602
67
121
104
695
685
651
940
957
757
682
76
232
407
795
221
615
641
294
208
98
650
398
770
720
964
631
922
268
793
521
120
177
710
340
508
295
1
15
224
254
376
248
413
896
746
407
428
502
894
506
335
29
644
328
912
572
854
2
202
97
674
879
70
344
241
809
302
583
780
105
205
220
942
431
82
632
140
137
844
304
671
687
859
387
709
750
232
24
496
710
885
659
532
628
157
562
763
535
538
119
481
698
876
991
714
203
894
128182.0
755
324
98
364
161
194
142
180
237
750
595
908
128
55
261
663
600
172
990
364
101
771
615
464
783
976
979
626
383
374
10
748
820
480
756
674
396
533
34
775
668
556
199
150
250
636
572
905
638
469
711
846
160
600
253
922
504
420
827
97
83
282
546
387
664
533
414
278
24
401
354
927
345
559
952
239
675
374
39
492
743
53
468
422
618
686
688
288
709
125
27
889
479
596
29
528
649
489
173
630
286
923
238
274
888
553
917
226
931
933
169
94
218
299
187
502
846
224
488
622
558
828
193
204
581
983
870
640
871
294
884
601
150
944
860
49
318
528
371
488
691
158
932
557
640
120
901
387
66
241
423
207
717
142
819
617
521
365
796
835
330
880
288
238
211
46
694
406
558
487
611
66
411
860
459
751
733
198
561
363
961
93
465
83
428
781
228
619
353
390
866
360
764
473
692
781
50
846
234
63
747
607
265
523
367
434
846
305
196
888
369
407
435
686
961
774
547
568
764
678
820
588
160
398
668
256
211
18
270
668
841
437
455
117
198
876
894
337
554
839
447
612
522
421
385
564
583
790
767
833
731
11
307
764
765
592
275
284
29
488
783
879
565
101
589
397
47
89
754
178
541
6
559
170
126
742
428
786
648
806
713
120
91
182
64
479
290
608
86
780
234
705
968
56
974
828
659
384
749
989
89
35
268
610
38
431
63
227
481
488
498
146
481
744
522
185
656
528
169
280
447
708
988
129
29
273
455
728
403
448
906
266
289
624
263
577
694
770
869
340
715
177
686
169
283
332
746
508
867
56
605
190
624
334
300
255
867
111
99
771
814
339
158
335
531
393
673
575
509
424
983
336
468
770
822
505
879
392
665
892
503
94
126
438
26
931
300
213
490
816
303
50
260
151
95
971
695
684
987
789
854
688
592
147
122
709
91
266
904
186
69
848
893
623
194
212
684
630
902
632
193
283
942
796
997
258
379
804
35
651
241
901
282
172
30
187
316
268
168
246
433
202
575
810
974
367
519
483
81
182
132
629
551
300
588
370
485
771
958
968
591
781
713
869
602
195
8
912
906
821
911
106
326
248
673
449
239
194
761
939
971
566
686
231
32
807
494
44
322
780
926
809
277
159
895
143
876
995
849
22
329
740
971
658
979
688
635
20
359
222
98
391
387
140
378
470
795
483
231
874
695
252
72
682
210
101
206
304
367
823
531
250
792
310
41
871
147
789
693
882
326
754
245
918
26
719
914
83
895
64
348
631
196
818
398
371
643
839
718
709
854
65
179
97
495
79
202
980
844
378
557
850
604
330
795
909
921
988
714
911
961
603
147
409
76
626
586
652
807
575
276
264
768
422
362
816
159
620
757
363
279
456
730
949
247
269
424
786
298
883
782
743
872
541
89
969
108
963
833
841
711
66
589
175
798
919
450
920
859
181
750
181
338
852
297
472
369
547
539
866
68
369
256
144
526
289
229
123
321
457
853
403
952
170
949
460
403
784
809
314
909
338
554
248
150
860
32
930
119
338
396
601
74
360
541
336
145
792
289
751
453
571
935
784
723
686
162
643
578
135
685
731
982
364
17
734
568
900
622
437
692
997
880
262
956
408
647
167
393
418
811
15
242
284
229
697
744
37
688
413
300
51
872
803
252
99
319
104
526
77
837
966
435
971
44
863
128
212
508
50
140
328
862
478
367
871
885
442
925
488
634
154
272
422
911
4
628
166
466
866
623
474
560
662
612
363
951
826
284
96
840
341
649
672
449
849
165
804
624
331
773
213
919
709
629
831
689
221
79
326
301
679
19
475
304
278
255
155
621
962
102
948
859
754
616
861
919
859
546
509
487
476
478
700
587
458
911
23
345
260
387
208
395
130
934
906
289
232
171
173
98
351
61
635
686
782
742
61
407
846
968
355
969
764
693
154
613
503
914
378
527
41
819
519
514
173
998
931
337
60
524
270
350
149
935
682
810
731
437
794
766
116
1
289
8
634
447
872
73
97
60
850
992
179
227
593
181
404
410
578
906
421
100
22
725
33
242
768
324
980
71
793
711
70
554
436
354
215
245
717
810
147
211
602
374
685
693
956
896
973
970
739
679
191
655
752
607
528
899
72
792
205
292
336
576
401
847
768
192
340
704
966
487
412
162
735
164
847
353
768
243
284
563
657
899
53
333
304
68
262
884
849
889
275
762
920
872
160
623
239
389
797
322
607
776
921
853
699
1000
172
807
548
375
810
876
566
872
142
561
688
362
524
927
559
481
792
124
772
317
978
129682.5
38
308
350
269
504
185
546
225
918
694
627
887
839
55
897
733
658
136
636
290
925
847
77
542
381
964
502
528
925
278
341
792
89
397
617
722
893
483
997
709
223
571
897
195
740
561
926
924
468
473
345
846
393
598
46
855
878
452
370
126
51
321
266
296
159
552
663
348
64
364
961
973
372
540
454
149
250
370
321
469
914
104
109
502
637
632
408
360
151
52
162
823
983
543
144
545
907
472
296
680
685
936
376
178
766
480
897
157
658
937
921
135
563
324
726
454
327
132
872
630
588
776
870
237
590
911
451
724
171
197
862
531
456
892
134
96
915
536
734
542
314
257
646
635
815
140
717
375
533
163
7
273
938
103
957
559
90
351
366
760
774
958
788
277
116
28
626
411
907
517
553
32
481
853
991
727
735
291
448
384
768
19
480
116
133
700
38
558
527
487
266
281
473
498
889
809
623
851
336
98
200
679
732
463
639
471
805
326
910
790
363
454
652
629
985
767
733
573
182
692
884
500
277
426
428
286
653
106
940
706
553
409
775
119
963
782
829
339
683
771
839
531
114
499
688
492
207
752
465
907
340
110
540
683
353
587
330
373
143
514
212
906
330
5
811
355
858
127
720
203
289
43
521
70
887
767
277
701
281
828
941
24
662
266
825
442
93
533
454
869
652
606
514
24
994
775
742
474
681
960
226
117
636
552
962
380
834
153
162
549
411
119
711
787
546
100
822
535
726
211
931
762
487
110
985
274
930
695
769
496
470
173
532
704
239
646
55
861
179
433
799
165
429
162
85
238
451
506
88
123
395
209
447
360
223
289
384
161
177
856
518
273
379
315
341
380
574
605
322
373
787
374
565
675
391
475
835
461
712
927
283
97
445
430
280
989
828
154
306
720
977
134
17
119
742
873
892
659
292
731
995
784
640
122
420
626
58
190
920
112
468
898
691
594
657
182
740
537
875
588
363
277
869
863
444
282
282
726
236
582
355
889
175
95
766
247
241
235
125
175
494
272
862
716
523
335
1000
472
951
233
937
663
702
298
770
297
523
726
637
906
890
839
131
800
385
177
142
875
302
826
987
52
298
214
683
399
867
287
14
860
384
666
193
227
200
751
556
51
262
761
710
851
852
92
991
217
38
982
219
111
589
765
95
648
245
675
690
55
187
239
268
363
631
105
427
562
293
453
703
837
793
226
562
650
567
30
774
394
618
848
841
341
875
360
855
792
300
761
825
783
800
818
549
872
722
647
520
183
750
71
844
579
456
787
122
325
517
887
181
659
612
68
730
57
682
119
119
986
256
380
629
929
302
329
298
981
907
918
374
908
760
609
660
390
771
645
408
744
393
536
376
261
160
390
961
867
248
552
195
382
189
555
879
867
823
259
106
799
807
934
730
723
534
509
924
894
218
967
487
864
503
25
614
244
214
902
89
891
215
217
976
142
834
803
371
532
984
532
84
942
958
424
122
117
238
381
491
126
884
467
262
388
584
163
342
469
337
715
234
323
885
343
777
252
497
851
818
925
651
276
520
629
772
450
942
407
815
887
85
727
821
640
861
826
523
654
71
720
318
96
710
831
894
339
297
636
271
944
683
439
770
946
21
200
429
324
948
267
5
423
412
25
316
272
890
642
314
117
971
426
440
25
195
871
267
136
381
123
541
160
555
975
18
903
208
844
878
185
233
66
613
295
696
548
726
802
489
374
620
486
594
84
24
495
167
25
923
94
189
959
460
485
637
612
163
314
772
913
5
177
753
273
652
682
502
935
584
816
967
299
420
174
490
637
899
879
917
253
129
360
712
665
432
543
391
213
154
58
130
901
223
946
788
698
186
828
64
939
891
563
22
488
137
700
299
551
371
81
600
160
797
183
595
156
661
948
694
139
389
247
442
440
53
661
703
871
256
116
132
892
47
417
548
702
285
154
113
591
634
462
344
125
303
513
737
102
46
938
577
128
90
173
501
101
684
659
241
669
81
843
303
91
540
242
907
634
985
899
916
131
225
886
382
82
367
604
386
355
212
653
693
465
579
16
320
15
777
751
777
926
24
850
321
144
193
366
804
271
35
751
935
58
788
547
464
633
965
997
546
964
94
714
333
131
560
759
344
458
213
168
228
108
17
394
185
361
989
808
9
381
860
986
66
484
593
810
953
909
778
780
237
372
371
669
474
43
703
370
256
218
540
927
396
242
753
978
631
203
599
141
456
896
684
702
444
825
505
616
352
256
902
487
681
768
765
651
319
121
280
665
400
478
868
627
859
722
32
827
408
909
