500
20
127977.5
773
609
826
206
460
907
813
435
204
114
174
615
520
637
94
575
553
156
109
601
973
398
8
748
873
30
247
849
493
211
847
536
796
235
986
500
538
668
354
354
623
294
42
553
28
915
844
18
87
664
409
294
957
212
930
537
492
779
184
435
551
703
996
612
955
103
625
741
389
223
357
496
741
184
52
270
495
590
758
234
699
194
922
780
522
566
998
712
827
171
427
808
27
635
818
143
945
18
454
496
968
101
129
214
53
515
208
288
124
812
359
363
545
895
605
249
405
162
533
883
946
834
11
188
683
731
499
467
529
510
999
812
760
490
728
879
362
383
625
440
696
964
784
41
26
763
175
756
762
131
81
202
699
975
135
844
734
456
524
450
161
939
631
520
86
913
345
747
639
252
318
612
232
40
712
513
691
9
181
815
515
995
582
174
343
568
248
947
791
328
985
378
356
329
275
989
310
397
748
585
96
948
538
475
183
769
294
137
261
406
132
714
136
781
473
245
38
186
169
436
482
158
873
947
634
341
966
27
521
409
703
674
54
764
115
489
495
987
166
421
324
262
925
32
802
502
72
696
133
690
284
230
974
734
739
419
275
494
803
197
256
640
613
817
855
980
540
95
5
815
464
474
905
693
713
56
652
959
147
424
494
528
916
617
811
782
83
306
431
905
349
629
492
959
161
715
284
674
829
163
890
438
749
120
145
220
833
500
92
609
482
657
871
472
536
366
707
993
515
238
597
936
556
480
871
365
16
550
542
838
105
222
273
665
969
201
777
18
130
465
194
648
229
473
553
795
639
375
824
853
945
626
521
59
442
789
519
990
58
184
338
304
148
940
611
629
387
231
565
606
443
8
679
592
528
319
685
373
946
883
294
827
485
147
394
336
857
921
286
601
216
987
117
388
181
408
649
209
777
859
875
870
166
538
144
568
901
98
334
227
67
379
354
85
470
778
391
5
898
383
928
541
968
867
715
857
682
853
139
810
394
172
260
355
904
64
534
12
422
274
316
748
761
536
449
883
485
729
928
209
556
441
304
420
363
38
91
314
742
414
980
386
176
726
237
524
504
282
391
333
731
463
632
660
280
63
790
556
144
639
913
552
967
244
847
91
98
606
493
608
946
120
902
866
204
606
644
855
504
21
296
462
698
763
428
150
996
124
54
859
688
836
980
516
11
914
488
753
570
626
684
45
206
773
184
25
772
904
553
821
357
496
206
634
984
931
393
981
754
260
971
818
913
651
399
598
991
973
731
702
561
816
327
660
797
217
752
236
156
324
882
470
730
68
347
432
211
797
555
940
981
50
561
596
776
479
322
517
298
874
126
616
452
239
474
512
260
450
667
371
967
351
104
678
367
657
772
889
882
799
828
733
821
872
68
385
639
910
604
374
39
526
610
255
848
681
7
301
570
723
366
10
880
262
400
646
234
140
96
829
672
495
275
66
623
681
592
245
253
881
230
554
838
676
677
866
343
714
906
828
528
359
143
108
989
214
638
224
144
537
373
99
805
76
772
916
999
297
738
857
905
160
379
350
963
685
431
683
464
439
274
346
189
889
406
231
126
587
498
419
84
905
70
275
494
799
281
254
21
591
896
474
378
302
150
62
44
306
224
417
794
736
799
643
682
745
956
86
320
192
38
890
913
609
115
535
378
155
220
785
944
856
945
662
566
142
897
595
865
478
350
242
780
657
520
31
258
83
18
240
925
588
865
18
828
809
934
942
403
804
237
955
470
755
988
101
802
693
188
690
602
255
703
610
204
265
952
366
976
999
733
368
59
503
735
544
715
318
93
107
249
52
127
257
673
836
299
659
105
824
934
569
636
430
569
995
773
988
746
437
556
530
151
754
152
155
946
490
399
487
963
782
856
77
192
981
276
299
122
21
712
87
779
473
361
627
584
312
219
877
18
514
853
61
866
495
70
358
409
533
581
929
453
322
317
576
504
364
599
923
415
511
838
52
140
716
532
250
939
756
101
181
728
696
771
771
941
878
399
91
201
453
143
883
227
463
646
866
53
650
121
866
347
49
361
986
577
128
42
622
156
901
196
74
513
140
477
505
259
674
565
178
944
958
795
453
391
338
257
977
997
32
968
345
347
794
290
299
929
368
296
774
893
69
172
946
791
987
515
420
547
660
712
858
852
168
751
480
331
1000
977
955
887
502
933
670
369
174
991
842
79
387
959
706
543
790
410
481
122
401
563
443
639
304
549
537
81
10
305
108
186
735
744
304
120
903
158
954
65
333
248
384
364
608
822
65
851
380
865
453
123748.5
677
660
724
278
576
915
684
401
40
75
347
548
661
601
142
667
121
130
297
567
339
307
419
686
838
33
680
804
180
202
969
489
802
201
266
487
152
657
651
357
209
313
998
493
594
842
750
101
559
678
864
242
539
223
214
537
70
842
312
356
753
775
358
569
108
76
832
794
328
145
318
415
160
134
254
231
816
687
764
176
747
250
44
783
202
567
361
748
468
258
373
717
83
542
907
222
944
98
365
454
620
61
434
221
514
507
20
367
954
732
732
432
427
938
538
261
465
204
815
917
895
878
752
274
893
770
965
454
19
435
319
810
811
446
701
897
825
359
811
482
949
870
757
134
551
722
44
778
59
141
62
202
118
884
509
771
890
367
344
463
289
1000
658
553
559
963
166
651
129
251
182
568
617
8
824
418
25
74
967
760
188
921
58
178
263
475
674
914
33
351
831
345
392
288
431
995
533
354
956
512
345
899
981
457
777
862
923
117
800
490
738
627
41
715
33
207
682
190
631
402
515
90
335
954
395
248
886
77
109
369
788
638
302
726
829
580
230
965
900
410
255
361
81
65
821
460
545
599
170
673
149
177
515
741
751
378
630
536
15
219
963
736
733
863
96
918
250
153
286
915
997
471
127
614
188
100
576
938
850
483
862
526
872
618
45
860
464
227
757
957
831
718
126
941
202
686
83
612
438
102
726
377
939
218
880
150
537
514
634
623
117
713
858
509
559
448
182
903
533
187
241
977
832
435
610
299
62
584
862
911
326
172
570
669
643
208
684
100
130
433
64
574
395
479
912
873
876
414
935
941
356
693
866
144
916
793
99
983
766
100
334
363
282
971
356
555
327
219
669
676
914
98
920
572
125
333
452
427
606
823
588
844
993
115
186
429
368
849
885
615
87
972
861
392
358
386
231
281
563
946
422
845
491
578
232
587
671
61
246
167
809
330
29
38
83
804
754
92
462
297
760
494
687
862
980
912
7
916
961
829
513
162
442
285
627
90
193
109
869
291
982
690
632
627
610
817
348
636
213
249
802
467
514
463
59
55
1000
348
36
346
640
464
974
677
240
560
716
279
752
425
424
507
936
676
116
18
522
482
409
727
95
622
183
199
946
98
388
699
456
513
755
188
198
933
780
556
439
787
994
67
574
467
29
690
298
163
398
133
637
819
663
773
871
552
873
985
731
851
708
642
958
102
107
711
873
50
423
823
447
880
115
517
455
695
519
938
247
955
245
207
819
850
600
733
86
633
139
961
740
778
195
805
509
626
155
297
491
316
91
294
585
481
47
129
900
420
743
722
300
982
627
61
183
695
85
446
750
487
679
842
246
543
83
152
630
557
546
525
300
464
805
276
229
703
551
619
212
890
392
707
253
674
930
844
316
297
207
850
938
463
198
528
224
310
217
689
749
350
512
773
738
105
331
281
148
649
497
52
884
878
377
520
132
26
699
780
946
166
485
943
645
489
703
635
316
819
582
716
981
783
742
340
70
169
410
291
690
275
228
523
919
104
20
127
302
896
105
236
341
931
258
177
569
439
730
660
226
697
713
491
578
439
8
908
447
216
657
547
793
483
587
982
325
226
262
803
180
232
277
649
430
408
523
327
534
108
756
256
925
472
162
769
199
570
892
826
721
175
73
181
412
916
104
702
598
438
971
211
586
795
735
953
96
657
722
197
825
638
372
537
715
272
411
602
195
21
64
36
469
149
827
659
965
97
379
799
918
877
505
902
749
953
343
699
861
44
561
742
259
709
516
262
59
546
643
216
791
347
811
907
243
303
51
538
219
596
523
370
158
199
31
114
583
346
761
804
205
609
40
834
210
534
262
349
946
918
691
999
271
349
268
531
213
774
620
152
420
485
553
483
390
857
397
153
611
947
725
334
741
5
957
177
117
567
656
715
857
267
735
880
186
460
756
94
489
577
481
396
262
591
501
953
383
249
866
504
592
323
835
956
663
570
203
107
86
697
349
217
214
812
258
96
762
785
736
755
220
949
192
158
995
475
36
922
854
544
666
866
8
750
129
767
216
33
419
905
767
49
922
561
42
813
644
136
284
128
71
488
530
770
486
232
957
979
977
482
274
283
164
983
397
81
576
280
569
821
853
379
602
361
496
865
965
46
383
892
407
919
767
449
541
696
22
836
581
100
942
570
20
953
247
893
39
549
122
657
682
82
214
857
738
431
593
724
27
854
486
453
692
371
950
384
907
349
553
458
625
108
221
182
225
675
347
348
234
943
578
983
617
406
311
358
414
671
623
69
493
300
541
377
128136.5
586
654
617
375
628
928
376
332
318
158
134
603
288
611
618
656
649
34
792
642
719
377
315
633
199
67
953
825
206
208
663
438
439
240
732
561
726
741
390
347
1
289
99
588
726
854
732
92
636
746
140
209
115
182
754
453
304
788
286
350
221
858
983
537
740
101
804
734
771
139
434
427
436
162
244
259
333
666
576
254
38
335
498
709
904
631
16
787
224
223
317
639
167
527
661
293
366
111
132
416
989
131
336
281
509
502
315
463
191
816
393
498
418
966
304
310
300
123
139
833
215
933
904
261
705
752
23
408
361
497
439
757
92
463
303
813
945
440
981
558
470
869
238
120
911
772
49
837
145
160
110
164
734
797
616
703
307
371
246
411
173
939
442
454
670
899
524
659
256
170
361
651
693
92
91
493
622
150
174
814
641
957
719
131
284
471
714
876
266
361
930
439
736
208
381
935
203
376
649
513
372
819
869
534
755
883
964
86
331
509
697
556
495
795
34
188
753
173
162
501
578
100
846
891
469
250
329
16
53
410
203
625
325
734
242
542
241
977
601
373
506
447
947
3
459
445
544
692
318
714
168
275
641
801
409
392
406
618
860
166
494
829
348
910
745
900
823
237
553
843
237
386
511
710
939
58
233
979
141
500
359
472
519
711
990
811
164
307
973
904
891
785
531
949
97
620
519
568
257
132
408
332
242
280
837
68
205
574
253
630
69
732
459
547
63
483
755
999
736
241
45
974
668
468
684
342
665
596
809
981
333
152
406
595
497
193
848
108
323
426
855
523
803
507
124
957
635
461
883
849
743
678
79
240
439
752
481
893
252
143
748
341
878
884
566
652
715
152
875
581
174
129
610
539
713
332
31
354
42
770
840
908
223
187
799
336
866
749
313
705
713
962
752
390
962
474
343
322
322
982
802
924
809
545
922
608
30
31
840
219
125
334
123
69
990
786
898
3
804
275
878
578
197
892
763
846
866
973
825
866
520
213
926
185
527
66
541
60
320
266
770
692
562
684
523
726
336
637
901
183
107
450
952
529
767
125
49
276
155
374
900
434
634
724
998
549
645
215
130
402
951
523
510
726
18
108
75
476
804
696
782
574
887
152
236
78
110
789
442
524
491
286
867
976
807
619
658
871
528
85
811
512
688
620
62
240
866
171
218
909
857
824
504
614
720
898
213
916
901
733
102
87
657
628
815
130
432
807
564
786
536
478
575
648
204
879
216
870
91
219
392
899
600
798
668
596
700
872
420
731
551
881
453
527
370
205
733
249
950
274
626
507
540
92
807
365
574
774
288
910
259
133
894
703
382
393
960
563
493
804
8
584
137
109
485
527
30
540
442
460
920
270
591
673
583
583
370
820
419
632
403
659
1000
809
623
369
231
772
643
472
645
584
554
347
188
702
636
384
294
721
835
69
738
214
992
674
256
129
445
949
703
429
49
28
558
826
375
167
995
985
344
581
191
678
286
854
837
685
161
805
954
337
477
227
562
291
47
372
567
438
965
102
52
35
357
958
495
207
15
872
42
154
58
515
869
664
593
718
117
579
598
475
834
829
580
142
486
525
760
447
453
931
617
225
694
745
955
160
248
629
332
482
918
285
257
149
275
337
789
543
994
833
818
498
442
727
458
122
754
100
321
894
339
726
537
447
261
143
730
822
866
927
472
716
137
176
293
712
272
555
936
243
537
701
153
73
106
64
23
106
97
744
493
158
814
837
513
863
710
867
490
994
157
652
274
121
669
779
881
652
675
225
315
457
912
313
408
332
635
921
630
346
63
502
212
593
957
346
941
170
799
45
878
437
180
735
688
663
742
881
922
602
642
354
353
961
564
905
332
261
830
577
285
696
683
226
865
547
163
555
821
906
768
100
101
853
481
316
634
33
843
83
1
618
381
671
539
307
819
816
213
506
664
67
460
566
736
325
314
685
644
910
26
191
429
522
551
384
938
966
620
662
48
43
295
617
882
258
108
728
196
76
571
823
905
799
374
866
588
124
46
400
936
861
501
623
209
814
372
768
631
732
634
7
385
886
580
129
944
509
350
724
982
109
533
113
362
509
897
746
12
139
754
983
526
500
962
193
795
992
889
11
257
219
1000
814
446
386
995
418
561
905
843
22
809
982
974
838
51
516
465
701
583
754
848
101
844
483
634
954
801
991
605
613
471
614
1000
23
260
912
47
376
451
738
688
789
336
464
485
434
800
331
644
366
140
482
311
149
267
218
466
632
57
259
296
858
30
964
368
431
562
453
911
657
36
81
815
220
511
389
126275.0
630
752
368
472
600
847
734
372
508
230
764
655
508
515
75
578
104
116
27
542
815
397
283
714
171
150
923
868
840
235
644
491
611
316
825
513
241
685
680
352
584
344
926
549
569
837
895
188
642
844
901
207
85
132
881
427
462
841
385
272
173
895
341
531
953
15
839
807
768
183
247
432
648
236
356
294
628
669
786
182
893
337
171
794
446
617
663
810
644
180
580
643
44
473
465
242
635
152
441
424
89
54
562
353
273
469
466
525
637
864
612
536
17
970
378
318
340
28
575
932
76
949
124
296
190
757
216
331
750
505
895
779
480
532
585
830
769
368
571
503
657
969
211
144
774
727
524
851
987
75
393
146
724
705
892
677
280
289
638
482
282
951
660
464
114
939
70
656
335
102
633
571
736
99
313
558
126
125
411
873
298
950
484
162
301
557
763
864
193
264
411
513
840
123
297
982
264
433
838
432
557
795
600
496
236
917
81
109
796
436
899
537
812
727
387
230
271
129
509
514
697
123
220
952
588
249
961
69
598
325
630
699
228
833
425
607
253
985
661
436
521
433
596
19
285
487
332
744
76
648
646
245
423
828
315
439
802
520
961
218
243
918
675
970
484
855
321
159
4
870
773
340
34
643
803
73
926
926
809
581
63
428
948
700
203
837
293
245
226
988
1
690
513
955
234
645
149
571
295
66
395
286
974
223
511
41
382
513
973
612
738
800
166
599
230
430
338
912
159
173
571
942
405
535
601
392
286
548
376
887
295
220
547
560
665
222
381
148
165
400
859
543
574
589
675
979
148
403
814
840
486
587
560
176
38
795
636
949
931
209
835
403
745
841
537
740
929
184
465
630
531
155
95
595
853
293
930
317
437
827
483
809
124
220
414
310
237
771
392
611
390
943
447
332
11
462
27
322
1000
958
210
893
174
464
479
534
89
60
522
270
464
237
372
145
316
871
356
72
124
334
356
661
135
843
195
836
950
889
628
851
581
280
330
177
401
109
68
134
426
282
791
709
927
619
539
694
370
654
939
96
957
370
937
528
367
189
962
367
892
282
822
514
929
800
244
588
513
289
667
462
94
514
371
817
351
70
285
548
783
696
324
517
528
164
800
112
515
798
582
463
452
331
741
885
40
694
663
857
938
130
917
457
904
689
943
221
801
131
983
920
993
904
955
673
78
896
667
970
1000
666
343
147
306
663
501
37
117
825
999
759
809
523
403
616
820
945
808
836
444
120
600
839
897
789
857
620
903
969
259
731
762
882
98
487
61
187
937
259
679
254
911
447
248
146
604
289
783
676
460
981
263
66
382
660
695
461
836
624
70
863
603
519
500
31
174
546
864
589
455
417
367
329
449
635
994
625
427
784
909
553
884
753
155
736
749
457
262
776
546
383
879
584
890
388
299
769
733
326
957
646
451
12
964
297
439
718
49
80
928
904
348
342
10
104
457
840
209
176
832
925
789
540
850
759
921
758
782
670
228
843
877
354
388
295
218
285
485
441
432
501
681
124
68
122
372
900
842
289
186
861
279
118
833
554
33
623
546
647
293
527
269
516
384
771
757
189
668
538
624
355
454
882
948
299
118
668
2
204
518
550
779
390
503
307
792
115
954
321
113
629
886
858
280
410
388
630
445
105
256
29
485
871
642
799
971
539
132
124
238
899
919
907
131
669
184
233
145
742
480
597
600
247
536
739
276
59
892
75
292
179
635
662
836
59
931
851
892
954
717
829
796
949
340
665
476
93
688
835
337
594
716
231
519
548
985
223
169
330
540
871
651
297
922
491
447
591
958
363
46
236
668
141
628
502
494
797
344
646
40
928
955
580
606
338
644
991
228
866
789
227
671
514
799
734
576
260
44
618
450
478
180
926
112
143
665
927
805
244
505
129
614
73
352
532
147
631
994
374
121
914
455
517
734
14
538
469
213
305
670
658
832
888
390
267
193
478
129
286
193
984
555
575
381
68
306
645
168
272
398
789
487
116
82
789
392
735
356
790
507
108
972
374
591
796
493
632
66
821
596
831
363
810
201
90
273
985
930
224
660
419
288
814
749
125
712
103
141
450
108
835
28
60
931
983
116
443
759
246
90
1000
780
75
92
312
786
788
80
399
46
320
674
918
867
95
54
979
610
793
354
418
399
732
767
686
368
154
878
467
682
895
395
971
147
615
6
619
115
123
122
833
180
325
434
838
642
703
247
543
803
352
605
306
367
388
70
552
56
121
296
131
851
685
266
333
1
771
558
993
974
352
758
454
67
747
571
31
758
144
624
485
126955.5
885
762
848
378
901
888
854
342
557
329
580
592
98
577
530
496
933
68
933
526
841
405
278
767
839
81
490
800
199
273
129
441
504
277
414
508
911
720
483
271
871
376
603
560
677
750
56
124
842
755
667
130
490
49
46
359
276
789
144
313
84
840
420
568
822
85
344
778
879
153
519
366
560
241
250
266
393
619
323
191
722
360
39
876
819
528
310
897
992
100
328
726
173
498
306
231
109
160
633
513
905
128
679
304
203
466
575
430
434
952
855
595
713
896
138
351
60
105
348
882
873
924
302
343
286
811
934
286
586
534
703
831
750
597
388
780
555
410
809
542
909
946
58
57
718
817
329
810
50
15
843
204
592
714
782
773
328
302
654
560
608
923
853
538
236
868
716
697
329
165
312
566
108
40
220
523
327
196
206
845
947
955
408
81
641
522
491
856
265
308
777
604
688
119
574
940
322
460
257
398
623
831
136
591
338
953
357
25
331
468
201
453
967
807
586
145
58
49
62
606
861
219
735
922
894
261
541
65
974
422
394
654
746
880
263
524
970
949
98
480
729
531
221
82
166
428
186
708
471
565
539
193
722
729
51
360
203
523
84
190
694
1000
880
874
721
797
321
182
669
785
69
269
699
586
542
76
871
926
264
498
761
362
789
603
752
806
295
220
257
979
25
781
55
969
559
638
36
669
755
101
543
303
361
307
27
52
230
437
218
565
538
737
788
535
369
476
861
922
233
134
320
868
180
546
439
356
126
591
838
798
967
195
791
583
508
132
258
176
608
446
728
461
716
498
598
899
854
438
121
801
648
633
97
261
748
724
394
850
903
225
290
487
38
744
645
689
672
274
654
574
448
255
848
660
156
291
307
318
544
811
934
739
558
312
126
312
724
792
711
523
731
998
710
371
342
384
26
267
903
935
600
907
873
505
198
493
851
57
780
370
920
264
140
72
998
834
917
153
784
425
588
667
189
836
858
927
269
970
497
834
198
244
322
110
826
125
530
141
793
345
476
794
813
598
366
693
114
715
908
91
384
397
441
573
297
241
327
427
245
356
198
544
623
828
67
609
366
380
202
549
679
519
742
871
952
97
419
621
696
637
30
440
308
90
502
205
353
876
381
430
44
234
906
858
794
783
530
847
762
94
581
489
394
706
992
233
456
46
907
843
327
999
581
579
772
996
225
912
91
673
87
165
652
595
577
90
113
731
533
747
652
505
688
685
364
924
345
777
665
120
623
759
529
719
369
568
700
981
99
648
314
914
938
416
632
134
701
310
830
168
754
455
351
55
130
250
270
707
388
928
787
52
615
693
173
435
714
575
914
948
755
553
996
119
867
575
442
564
153
367
612
322
696
705
985
703
159
864
866
507
17
731
207
783
673
484
710
722
535
411
123
542
929
314
152
867
123
323
562
619
416
90
927
232
875
707
330
108
932
929
863
265
216
156
289
853
280
135
933
884
986
609
627
704
503
721
659
578
746
743
724
445
828
306
652
342
863
362
256
539
368
126
786
69
755
864
186
319
436
770
545
180
240
462
709
710
536
669
120
435
468
547
916
711
690
283
935
570
263
268
229
899
898
327
168
588
897
139
668
501
753
303
246
390
784
22
367
310
84
727
567
850
851
406
5
610
104
95
850
40
483
967
955
822
11
448
661
55
192
902
820
989
196
740
140
329
195
841
848
594
517
147
570
799
371
76
23
139
974
185
597
569
717
104
94
862
510
961
950
770
435
910
126
631
494
74
240
769
591
598
636
324
637
557
925
302
684
384
224
837
142
299
605
414
500
576
349
321
241
281
833
63
514
454
593
891
711
584
258
953
569
603
249
311
519
903
828
846
471
149
591
576
252
769
670
234
146
716
364
515
459
876
51
103
854
898
80
307
337
228
296
69
639
535
957
672
669
276
407
873
456
427
265
105
51
556
578
319
444
625
78
854
339
187
116
427
711
255
897
933
462
580
543
49
222
586
525
271
383
701
276
124
18
705
416
764
350
742
410
99
694
350
27
758
919
631
368
919
58
824
560
798
651
104
604
959
985
211
497
499
486
867
360
200
813
65
887
367
873
859
330
52
853
917
195
415
618
230
65
961
213
83
613
308
971
755
300
345
759
222
696
922
538
17
363
991
504
743
952
437
930
781
285
689
115
204
82
379
233
992
200
897
477
640
945
536
394
29
989
840
971
250
427
841
568
710
313
603
915
357
271
329
159
349
419
554
284
200
189
210
695
635
276
358
535
815
543
932
295
286
263
488
611
797
978
97
615
75
446
400
127364.0
833
820
456
399
508
958
844
290
359
368
623
637
857
603
593
527
101
35
954
475
776
408
848
760
487
114
397
799
492
323
445
485
151
346
169
605
822
775
852
315
69
429
168
524
667
786
720
199
860
824
502
195
460
111
128
405
487
749
243
239
944
787
167
512
453
97
164
781
273
171
438
444
380
254
386
186
597
690
335
250
904
355
907
817
480
449
293
991
358
94
354
756
699
589
195
303
814
154
208
507
36
121
189
283
40
562
127
445
716
901
488
540
322
857
650
391
661
141
566
951
467
853
579
437
783
785
589
268
738
525
392
735
387
521
768
875
466
385
718
512
880
902
987
97
747
800
63
904
264
90
330
186
744
798
111
696
984
285
828
601
897
978
621
587
885
938
920
718
732
73
566
531
929
70
517
566
153
147
47
932
516
999
475
100
287
567
211
807
835
241
177
536
887
48
681
954
724
474
630
332
566
739
680
555
648
936
745
112
706
452
182
483
479
866
914
57
699
22
856
659
112
265
527
996
452
269
285
161
603
458
520
726
121
931
703
479
36
860
535
432
209
542
758
34
196
419
872
796
297
572
696
108
427
733
988
268
478
530
67
164
122
920
950
815
700
880
378
161
135
837
942
219
636
576
182
47
568
844
57
480
339
346
512
532
467
848
447
276
621
964
279
713
813
987
599
733
213
652
48
14
308
359
983
214
836
96
144
495
643
493
216
779
704
614
784
479
181
920
276
147
576
798
113
625
385
269
521
621
1
825
392
118
783
682
332
134
155
94
722
375
709
495
447
552
265
950
385
385
495
847
34
540
346
198
673
795
736
836
970
234
968
430
639
815
84
761
654
346
384
630
835
177
344
584
160
260
402
361
472
810
508
714
502
376
597
239
352
851
422
623
289
982
757
275
241
340
638
171
335
876
243
939
709
556
800
403
179
150
84
336
483
284
655
109
694
888
834
129
496
378
752
586
334
887
887
851
112
896
616
768
94
288
190
164
683
130
11
136
469
411
889
860
667
582
893
766
861
784
389
95
868
376
301
599
268
189
101
527
75
307
898
608
856
737
180
628
688
389
203
524
47
437
210
878
220
191
111
674
415
624
660
385
418
178
691
220
413
963
874
331
535
212
965
891
659
754
185
937
333
13
326
518
500
740
359
189
207
90
343
901
4
974
535
606
600
993
852
930
847
663
645
237
706
546
17
146
41
716
449
802
240
436
738
682
537
985
966
863
433
101
971
761
535
636
349
568
780
904
748
705
501
923
215
496
844
218
186
257
857
144
151
495
906
74
300
195
266
793
236
886
598
61
726
679
939
440
191
481
686
893
572
629
142
116
498
572
191
547
441
423
669
395
776
662
96
679
319
843
119
553
813
717
249
795
636
442
803
631
939
374
404
447
126
339
37
878
428
416
726
547
513
90
514
144
750
728
841
182
396
850
714
318
385
223
53
761
522
132
376
834
818
566
500
761
735
774
794
582
585
723
730
516
678
395
582
431
522
268
232
638
697
34
357
42
531
938
740
342
813
707
9
194
676
406
356
709
399
750
530
403
501
459
416
627
446
351
459
520
625
278
567
935
749
300
643
661
604
205
179
588
243
236
795
377
211
36
374
374
33
657
768
799
290
409
586
667
370
166
987
27
318
978
940
870
384
537
139
58
515
984
867
983
703
686
362
267
213
772
735
582
478
228
671
729
653
149
19
220
620
261
319
656
610
81
556
778
467
972
970
861
210
895
959
578
695
12
51
696
977
608
981
391
440
625
54
287
618
471
593
862
943
334
194
323
250
478
911
319
394
181
511
151
587
511
923
869
504
515
978
886
238
565
701
350
532
912
247
747
988
53
890
586
543
847
618
210
373
762
55
599
66
907
417
31
112
808
871
292
662
223
187
135
162
460
690
639
920
332
579
840
258
339
557
113
511
599
159
357
249
598
736
913
500
136
337
466
986
246
708
875
872
588
208
53
988
639
980
320
93
793
977
42
975
622
654
831
265
798
515
180
156
408
620
736
262
657
912
950
105
847
279
717
712
61
753
862
770
274
315
572
981
954
658
254
158
163
800
372
856
814
526
11
928
992
603
315
200
206
964
963
442
49
818
290
359
708
344
255
671
283
407
912
892
18
932
977
680
713
638
440
130
855
399
660
428
112
311
384
228
944
894
846
409
573
301
587
523
85
785
912
355
165
204
908
798
742
59
543
869
318
745
344
798
267
144
456
108
163
94
221
467
668
173
383
395
727
26
959
691
279
702
427
946
868
258
144
234
28
523
428
124461.0
942
747
720
488
384
891
210
387
403
269
266
567
183
678
84
552
981
63
534
540
929
345
399
698
210
45
984
844
165
335
740
446
417
249
158
688
15
731
750
402
890
488
548
554
766
733
411
103
38
907
264
231
713
160
544
414
813
653
553
211
397
764
857
570
975
146
186
750
806
133
706
361
979
300
538
171
143
686
575
184
596
385
304
726
690
360
449
901
48
80
398
663
23
653
400
214
448
107
776
497
211
176
326
211
302
644
806
429
282
896
460
493
439
900
230
449
322
190
514
887
197
880
474
430
492
870
235
260
194
430
361
675
467
605
25
882
105
343
168
524
554
923
91
93
733
845
144
904
263
13
639
134
142
722
185
622
451
226
435
660
440
992
306
614
424
926
868
694
567
50
487
548
126
94
434
570
245
226
599
852
577
935
206
18
34
602
712
841
548
178
86
595
986
99
903
883
387
492
538
351
285
654
393
605
414
959
773
115
452
423
533
424
197
892
187
1
643
8
876
756
842
233
582
943
902
178
455
217
303
405
224
813
728
990
261
498
289
897
828
491
911
585
424
8
443
447
267
860
840
633
928
97
74
709
819
266
511
543
99
66
29
898
871
870
252
875
19
91
728
897
292
164
63
585
562
123
781
813
289
385
379
335
845
609
139
931
578
226
944
874
610
729
801
966
584
721
963
583
341
47
606
411
164
208
243
49
241
522
104
584
321
680
150
593
57
479
482
832
724
73
172
858
539
554
23
357
488
674
356
914
891
130
467
734
839
73
254
90
297
418
383
484
665
643
597
921
559
395
894
910
844
467
707
111
222
849
220
863
376
140
679
438
620
799
692
779
708
411
92
655
758
86
609
671
80
300
172
331
326
843
314
755
584
334
244
207
404
932
916
699
867
954
605
295
377
268
757
224
882
809
372
857
1
539
570
500
761
228
685
369
218
373
662
189
798
823
354
74
109
284
32
581
66
864
779
830
102
799
383
783
88
214
285
206
503
121
407
121
162
389
701
941
763
567
705
753
78
732
526
40
324
386
245
688
782
182
336
552
941
406
452
568
601
702
379
673
180
483
541
580
327
417
678
926
317
165
883
575
824
631
200
380
78
275
213
306
115
947
843
242
789
160
305
923
422
674
883
919
899
68
23
545
965
724
126
140
152
172
984
889
736
982
899
605
314
985
206
987
582
698
710
272
819
582
193
164
748
662
667
900
827
357
178
768
556
991
566
781
677
78
479
811
187
673
186
495
729
903
979
610
425
973
224
414
7
183
370
197
756
174
840
514
247
153
986
257
680
868
379
788
732
78
490
620
128
353
731
536
637
827
953
553
996
170
52
616
772
613
32
424
962
337
333
755
189
709
861
859
482
508
872
699
681
894
69
542
892
628
1000
396
408
400
5
438
989
829
140
378
155
585
630
2
248
233
381
660
976
175
507
764
51
348
863
281
829
753
688
50
867
767
827
589
408
736
459
745
223
549
898
742
614
522
362
466
349
492
192
280
103
737
422
18
214
46
529
847
446
284
946
625
377
170
646
345
610
677
528
815
996
416
705
521
113
725
811
345
530
603
703
206
989
996
904
319
131
645
691
228
354
611
904
241
760
396
402
107
240
386
882
715
763
826
1
311
228
586
78
189
572
12
375
907
717
926
815
546
779
153
455
911
76
908
307
607
263
309
116
834
125
638
203
173
494
679
38
240
221
177
396
333
606
676
701
14
107
744
555
894
72
858
509
937
620
533
562
50
418
641
724
688
893
459
541
683
814
325
304
521
275
859
805
327
112
412
590
507
275
359
785
196
398
193
740
537
349
895
399
604
426
814
474
601
979
309
931
924
524
812
150
117
886
547
627
909
245
140
641
811
364
610
801
928
637
3
19
885
595
230
716
243
359
168
585
451
491
643
735
429
633
788
894
270
784
107
590
634
813
386
255
573
461
982
741
231
145
526
630
282
128
887
686
526
697
54
327
711
44
289
608
819
571
78
126
543
226
859
400
840
701
150
455
360
754
778
593
662
656
929
987
918
280
662
328
154
412
788
157
355
550
571
344
872
332
320
494
129
990
422
207
715
688
106
933
999
587
267
503
231
429
998
559
136
862
251
777
688
580
325
154
234
579
830
865
35
771
908
773
789
393
384
757
776
745
655
296
27
231
434
253
998
927
766
416
508
296
509
811
6
482
966
407
159
931
936
774
664
677
505
346
417
21
353
657
356
617
466
444
137
762
261
379
625
542
307
324
768
947
946
16
223
880
509
706
848
786
113
907
94
682
385
122947.5
846
789
37
478
795
878
456
396
127
244
312
630
740
717
227
490
198
2
7
595
283
391
449
609
511
43
164
837
13
255
713
496
923
183
162
778
674
694
141
447
223
541
69
621
329
713
589
59
717
821
609
164
596
119
958
373
853
655
708
151
351
737
602
656
491
104
90
797
758
192
19
274
461
269
102
178
513
772
627
244
718
346
75
793
187
383
260
983
577
120
142
569
33
608
510
201
562
24
923
409
537
175
835
272
457
566
740
404
984
922
773
413
184
925
454
463
855
280
110
883
509
893
742
357
316
792
624
215
718
398
711
653
137
546
645
982
60
257
883
430
507
844
737
16
443
930
195
878
604
75
175
90
114
708
160
563
682
204
768
710
757
978
360
659
400
956
581
761
229
39
533
576
272
128
936
613
220
178
171
814
918
838
805
101
256
512
228
827
879
226
277
650
351
64
111
958
367
537
240
446
735
581
43
532
961
861
763
104
952
468
298
442
200
850
344
60
469
79
976
822
828
276
40
924
147
98
145
312
329
314
996
903
970
968
607
505
518
949
998
530
402
628
221
57
449
351
19
838
940
672
338
141
190
622
198
274
107
447
810
23
537
954
882
859
523
818
775
24
898
940
865
70
45
655
75
84
538
820
657
464
659
433
287
672
721
834
971
255
330
862
354
697
593
878
107
776
491
627
137
32
780
451
865
298
181
114
45
444
359
579
439
671
632
550
164
403
262
752
833
4
869
790
539
597
569
415
540
763
398
988
331
71
453
779
667
143
515
35
367
358
913
515
925
724
395
911
40
326
443
984
984
563
145
49
252
806
707
891
318
188
853
534
170
784
70
703
500
372
792
679
373
146
436
752
637
390
958
309
878
780
737
673
21
243
250
148
652
948
234
676
725
918
621
264
416
202
453
130
909
747
149
882
354
639
555
478
806
132
689
272
535
382
257
163
412
860
596
121
679
252
97
540
69
930
519
734
173
863
47
789
517
281
314
136
225
197
669
145
453
408
661
906
860
652
235
671
658
660
747
38
753
425
655
738
324
163
29
581
175
489
901
473
179
699
968
752
678
428
551
542
3
414
121
900
403
151
836
630
498
696
944
414
763
357
996
399
374
977
273
223
288
187
224
838
262
611
509
913
502
98
421
597
750
681
302
93
505
203
295
808
974
984
111
660
494
938
852
978
29
689
266
343
860
638
970
120
927
731
762
845
765
447
160
861
92
943
140
727
879
121
795
911
285
687
756
587
252
918
379
518
145
938
936
361
357
154
226
193
475
207
396
475
535
211
467
332
349
846
971
702
483
162
545
616
790
385
924
581
717
871
975
511
522
118
19
621
656
561
209
331
411
258
672
656
704
745
781
952
504
418
911
738
811
805
943
490
134
659
757
406
195
327
590
447
164
847
107
290
891
500
87
85
877
173
358
713
292
111
155
770
830
381
914
224
797
833
955
135
871
861
709
625
425
774
680
827
533
557
462
830
237
611
431
446
196
460
738
266
379
835
383
6
131
41
477
816
461
191
16
671
58
116
573
303
470
747
360
810
872
447
462
500
31
814
79
417
643
583
607
146
50
923
71
351
859
732
899
292
99
677
386
191
721
399
242
117
340
484
524
615
584
751
244
232
110
530
778
138
274
22
868
948
652
955
411
556
697
122
743
838
814
974
534
605
827
236
73
762
757
581
710
183
791
681
385
317
37
181
269
250
869
584
74
20
10
778
270
810
713
853
865
934
98
464
874
37
16
645
402
747
955
458
644
610
101
303
107
591
322
830
914
422
88
494
830
462
966
396
988
219
390
124
460
615
185
919
578
527
13
811
93
650
716
384
465
860
420
900
910
213
374
608
518
838
171
148
680
880
660
669
105
943
535
77
129
902
795
202
596
237
64
198
198
393
781
557
998
345
840
798
744
271
657
197
996
657
538
354
539
636
513
917
309
135
328
481
964
379
243
884
684
516
67
141
771
772
291
338
785
885
56
174
730
443
417
860
98
769
770
76
207
364
823
718
267
609
850
944
781
959
750
735
289
157
187
757
900
435
877
505
602
816
219
409
204
118
316
352
849
673
884
165
227
919
29
271
834
181
654
985
416
162
443
286
809
779
36
246
770
204
277
802
560
135
711
813
717
716
947
468
367
676
854
577
194
95
420
520
415
967
909
783
424
531
4
459
826
30
922
930
751
59
83
944
585
708
604
499
398
498
142
316
740
319
619
383
836
110
356
223
275
615
468
377
180
727
157
872
251
309
227
428
291
756
119
36
481
169
173
363
129404.0
400
876
553
403
755
789
856
439
449
243
463
612
240
752
181
408
839
84
919
651
98
324
296
527
433
62
865
834
955
295
205
415
745
187
786
876
684
705
170
538
197
546
339
679
450
637
66
150
357
785
595
111
291
53
999
321
243
667
723
183
316
745
515
603
479
90
12
809
928
108
743
355
776
259
117
200
107
740
794
338
155
427
269
819
620
357
356
995
994
46
756
494
584
563
417
227
511
54
944
476
276
262
59
363
605
654
846
341
223
984
935
487
413
999
212
557
860
354
661
903
527
860
513
432
496
817
913
201
920
369
902
567
815
600
479
978
55
178
828
346
169
896
426
10
604
976
254
958
375
53
821
172
468
620
720
538
36
206
357
630
973
987
540
631
584
882
473
760
271
136
850
570
207
168
209
655
41
192
762
854
640
909
222
60
479
522
758
869
617
250
843
686
287
104
594
930
819
572
760
430
789
528
779
598
515
848
783
117
855
433
645
493
446
855
716
157
231
158
194
898
624
226
721
991
206
190
341
321
69
248
270
982
89
923
345
453
995
955
479
584
675
586
133
151
481
413
100
827
212
593
821
183
894
651
200
338
973
471
438
25
895
871
454
805
920
743
478
112
589
874
863
153
521
736
953
54
5
900
190
392
506
490
726
763
11
826
260
192
227
961
136
768
791
976
965
694
365
553
557
18
952
540
734
342
452
213
556
541
310
660
774
717
968
495
78
481
309
707
429
37
716
720
681
643
951
391
845
746
231
904
317
13
148
698
972
128
312
64
548
315
149
493
516
635
299
912
533
358
505
942
93
608
396
101
773
860
479
830
258
201
7
490
572
769
169
759
586
309
498
732
939
123
729
756
846
432
275
343
177
729
280
669
341
194
404
185
754
970
43
714
813
917
938
229
832
293
818
189
973
771
691
791
813
622
893
469
349
83
657
340
655
293
578
236
247
847
934
88
782
285
864
563
789
891
135
639
403
766
406
773
333
189
706
161
927
201
889
118
777
443
145
889
443
736
123
747
803
580
46
100
463
505
48
659
702
216
187
516
422
429
12
520
15
668
961
809
577
475
44
520
139
439
670
833
569
119
70
696
862
745
670
432
775
438
121
474
674
948
438
143
800
142
995
906
494
559
12
967
431
86
712
610
631
743
659
193
510
271
402
724
494
995
870
612
249
995
236
971
120
723
941
342
792
730
77
32
861
821
144
839
799
547
372
959
934
921
436
795
56
190
571
818
41
704
405
546
291
883
425
441
418
867
992
383
195
174
933
110
855
198
547
525
939
158
689
369
412
775
830
694
629
225
627
539
325
383
733
596
318
850
174
412
839
71
616
574
270
636
228
335
983
241
10
716
901
780
338
890
307
423
458
660
878
715
130
475
460
715
212
435
158
400
42
474
76
805
32
362
566
419
461
183
946
96
496
749
779
148
115
825
332
299
70
160
534
880
203
151
703
795
157
539
942
784
951
916
406
617
707
898
841
531
398
433
337
500
457
188
554
757
666
38
463
99
560
900
100
142
541
598
170
215
751
265
319
742
562
733
26
414
648
525
27
760
486
485
360
517
116
48
299
951
63
451
27
737
42
392
634
663
564
252
630
386
554
151
683
385
279
600
915
673
956
304
36
609
653
43
813
43
150
850
811
955
702
570
955
221
837
903
450
895
866
613
471
288
299
811
17
544
591
180
512
741
574
303
962
173
409
316
370
588
220
21
642
858
715
910
163
758
407
993
729
561
627
56
691
611
995
846
843
536
677
615
371
379
288
512
796
746
394
368
476
430
374
366
253
339
712
215
673
154
567
609
531
881
581
597
182
802
239
651
583
333
809
883
426
830
629
182
992
530
751
876
295
244
252
836
771
753
194
846
750
146
155
849
298
277
832
301
76
275
580
324
977
637
469
264
833
799
788
252
113
254
274
637
616
379
217
596
588
881
87
133
893
412
5
401
866
940
301
488
833
147
574
685
891
380
396
936
198
247
566
435
915
898
114
854
45
123
899
359
369
809
645
578
412
908
758
883
326
717
292
72
503
669
948
442
692
413
598
789
472
316
974
181
666
321
173
646
226
202
873
909
535
179
896
186
144
996
245
166
480
290
303
731
836
206
886
146
138
891
443
133
546
897
758
784
744
405
779
685
647
537
730
142
601
445
228
973
757
745
942
585
555
442
360
80
446
958
770
70
930
964
541
691
928
523
245
398
991
285
566
407
833
425
520
143
277
176
876
556
812
406
228
806
899
833
368
252
816
389
506
842
105
75
144
132
584
295
122689.0
552
824
274
359
933
764
162
398
500
309
809
553
410
764
825
391
446
7
632
570
812
226
879
535
548
59
390
772
260
371
571
347
914
138
742
962
587
793
325
479
617
467
25
667
965
729
341
249
2
793
261
75
299
24
624
277
636
571
809
194
162
825
328
528
501
134
356
879
775
119
460
277
151
344
360
290
244
784
366
244
271
366
720
778
336
446
738
914
567
31
429
428
552
635
888
241
890
77
258
523
414
314
410
417
126
705
674
297
480
894
225
421
87
912
276
584
486
352
324
994
716
777
332
379
751
752
768
126
693
332
865
552
862
596
656
942
68
202
617
430
156
815
959
54
913
944
16
990
508
70
323
132
401
527
402
628
601
161
263
613
243
896
48
652
332
917
111
824
169
127
624
628
965
218
557
572
260
106
385
902
224
866
822
147
940
447
763
934
9
247
575
625
615
90
947
924
464
594
249
350
8
486
131
652
149
933
768
58
537
361
142
393
158
879
17
118
332
84
876
989
740
200
121
948
976
111
36
348
278
268
882
888
487
967
258
499
209
933
94
530
629
502
791
96
93
343
590
756
315
630
788
242
118
639
710
393
924
519
891
118
272
821
426
810
161
702
483
124
928
921
913
133
169
752
647
5
464
995
427
382
294
561
765
788
98
818
26
133
856
970
514
731
846
881
858
685
593
592
595
82
972
489
743
341
523
222
28
470
765
700
213
815
244
462
816
450
527
727
899
108
405
667
825
625
905
482
690
780
822
911
428
31
984
782
666
141
974
150
808
397
790
448
824
647
89
854
973
424
311
997
143
536
241
102
839
901
478
848
626
230
231
531
815
808
6
743
996
375
848
806
318
70
601
801
577
385
295
327
302
798
240
677
22
103
980
101
578
942
99
736
846
878
695
318
84
373
219
286
359
815
905
694
335
709
114
494
161
117
527
394
794
201
917
200
138
842
474
182
661
318
576
560
464
866
960
607
533
760
518
743
364
114
271
145
619
182
440
157
18
371
311
932
813
676
394
809
237
532
539
111
943
501
268
697
624
178
555
524
39
460
955
421
731
759
14
816
372
569
223
607
391
392
635
798
646
150
691
717
246
817
147
492
585
338
526
459
319
899
646
166
860
96
268
813
133
634
549
978
760
44
124
615
497
824
818
127
33
205
83
632
262
931
473
614
968
977
456
977
96
695
142
291
732
679
273
130
115
785
950
754
149
533
914
993
131
931
99
874
873
270
782
840
808
803
816
596
739
933
94
441
827
890
73
405
68
159
262
57
768
230
586
602
711
162
124
276
552
740
69
750
566
168
238
548
597
287
86
660
473
782
993
401
804
6
910
535
903
665
157
281
276
179
414
727
32
729
130
967
740
461
276
588
467
764
789
405
280
672
712
458
312
414
300
521
622
710
872
440
776
479
323
270
954
117
827
677
864
233
419
764
258
353
265
102
657
954
784
176
115
831
310
450
435
753
514
991
225
707
325
864
303
535
188
372
211
453
544
152
729
712
226
116
303
83
24
946
408
140
895
521
716
156
512
342
95
657
821
746
183
416
501
455
28
695
751
473
613
543
671
122
158
890
902
380
512
700
15
467
16
599
585
166
825
402
787
141
541
400
478
541
434
734
121
304
94
694
539
142
975
101
226
864
12
962
648
599
288
290
40
897
385
838
320
619
442
345
784
767
64
458
814
156
858
812
495
326
848
187
262
338
412
551
988
115
581
903
327
988
115
814
940
951
471
661
493
49
36
541
982
868
121
608
496
622
27
356
512
508
559
711
325
318
986
363
280
366
339
385
939
274
439
220
552
706
527
862
891
636
301
756
758
579
997
338
60
950
28
826
449
104
574
555
852
783
159
190
146
837
55
831
871
790
954
142
21
757
958
361
824
263
823
219
595
323
465
670
193
218
783
802
601
323
561
174
279
582
683
411
473
693
472
891
423
226
308
423
695
443
532
900
397
474
43
168
546
626
655
406
197
949
200
271
920
430
678
955
399
908
274
111
968
302
455
738
471
602
933
828
209
783
131
738
182
54
721
709
984
468
52
358
771
756
637
415
954
222
283
262
417
739
13
201
698
991
18
143
485
250
399
920
557
212
54
352
14
781
940
204
272
209
510
847
830
167
305
864
558
711
808
363
778
643
954
602
938
141
577
358
768
920
638
661
758
589
478
434
744
5
728
884
429
98
980
938
93
622
218
532
199
461
565
198
181
355
565
354
413
202
10
181
102
637
852
447
368
713
330
910
398
217
924
413
533
941
467
133
491
194
643
333
121225.5
340
875
54
379
49
830
552
366
529
382
224
554
339
692
578
350
200
4
193
580
830
308
719
599
194
125
665
716
213
273
702
259
312
136
853
960
211
858
981
529
533
495
937
615
294
761
584
261
569
722
556
46
145
30
525
263
181
634
546
208
591
873
333
574
203
36
798
946
201
32
196
314
789
292
201
196
812
778
951
153
90
269
53
712
526
357
836
958
30
50
132
357
152
545
773
308
310
95
243
578
606
343
594
335
961
737
738
337
766
941
820
381
164
893
706
666
699
330
168
954
142
863
772
368
150
771
287
147
590
338
827
593
438
573
526
981
57
109
488
521
754
832
26
68
718
932
203
890
401
72
58
78
263
615
588
696
754
137
97
712
122
943
470
727
876
897
562
833
354
205
494
580
858
236
459
629
103
152
919
870
886
942
434
127
552
419
930
909
849
215
242
711
718
129
243
967
404
513
795
436
777
507
419
588
950
881
298
129
703
405
183
421
802
831
782
86
428
45
153
909
308
122
668
971
132
81
359
367
306
169
431
985
838
923
333
506
807
928
605
531
684
419
593
158
458
309
307
659
268
567
40
290
724
651
854
446
462
505
735
74
753
885
723
727
983
640
255
118
102
898
151
177
685
725
668
50
729
927
844
304
929
596
480
817
913
878
678
185
192
900
318
646
246
855
818
649
841
606
78
84
372
449
288
337
854
176
86
458
149
724
124
912
711
374
5
425
900
699
229
107
878
580
833
718
539
419
832
783
330
992
116
84
530
881
466
79
699
152
912
457
536
479
295
627
61
783
649
461
303
999
644
488
921
47
458
996
762
834
490
308
538
525
275
870
229
754
943
362
368
870
632
100
421
817
697
366
885
427
148
872
469
657
369
147
123
145
586
966
203
694
327
941
598
373
922
352
334
248
64
887
332
697
637
691
33
561
767
194
567
369
45
301
305
139
346
851
764
234
617
240
143
552
162
856
251
634
541
806
327
749
612
50
471
78
680
141
759
101
708
306
363
954
532
634
862
717
108
627
635
140
891
470
915
746
756
204
581
424
251
476
180
350
346
677
893
725
546
551
538
598
25
491
688
700
245
233
916
705
296
866
14
486
222
423
274
446
970
820
4
230
647
98
370
896
550
555
137
913
924
91
117
572
100
907
846
99
658
137
161
727
267
975
613
640
419
934
267
884
347
730
672
334
196
627
519
153
988
870
73
692
665
458
305
954
959
974
836
819
790
217
807
885
292
768
427
557
702
997
33
385
39
805
375
375
16
129
136
86
314
239
932
569
50
116
170
300
763
689
508
700
202
182
814
614
915
212
504
658
752
715
422
464
707
27
880
537
94
624
691
268
317
189
113
641
164
629
278
936
613
442
598
633
529
723
659
428
170
633
353
477
330
362
224
438
736
633
97
354
861
430
963
335
570
22
795
744
563
311
79
743
943
278
936
34
226
928
284
81
317
756
915
549
80
836
478
899
947
692
732
832
779
602
1
376
163
421
776
178
761
767
522
135
524
125
142
868
282
175
886
615
640
186
674
413
60
611
77
775
718
390
98
545
181
624
146
374
885
608
14
218
709
798
500
300
388
727
731
560
641
517
263
79
371
502
868
85
650
390
814
559
483
772
687
301
573
610
1000
183
1000
1
78
882
195
965
399
508
306
191
740
939
430
880
563
581
245
275
944
773
375
499
879
115
155
825
758
265
806
162
914
340
730
527
98
154
924
961
776
939
396
716
905
954
84
673
714
147
1000
452
161
936
819
676
127
552
995
391
890
525
61
731
109
296
126
381
167
362
96
479
328
318
517
125
362
664
136
831
224
609
955
767
895
550
794
308
503
975
569
849
639
127
274
564
509
749
668
167
257
889
794
745
394
829
784
102
719
772
69
282
485
305
387
290
260
363
290
639
287
249
11
780
623
317
601
270
907
551
602
475
48
735
887
846
63
301
929
450
453
455
554
954
15
442
518
141
459
681
520
425
446
954
776
197
71
488
180
940
104
920
22
27
924
250
628
677
544
633
278
894
336
767
778
638
292
40
155
764
76
382
402
266
674
799
568
471
286
288
342
360
409
820
521
283
330
997
829
173
999
301
717
913
517
163
200
409
590
822
331
162
750
180
202
802
450
91
814
836
47
627
996
272
911
545
983
663
7
184
141
282
209
856
133
636
664
579
850
512
510
13
947
921
487
88
275
896
31
567
647
476
658
421
675
277
746
394
271
401
240
135
387
189
443
734
525
492
25
718
431
878
101
177
249
348
531
994
657
164
547
183
11
344
124148.5
736
822
723
446
738
849
329
466
317
366
728
466
445
655
443
406
869
49
939
663
161
211
245
679
771
179
321
638
540
199
213
167
958
135
240
895
377
816
544
471
820
575
403
576
331
668
115
293
818
783
166
109
142
80
903
179
213
629
307
123
564
802
692
528
108
46
378
949
826
93
749
357
597
193
112
103
934
807
702
62
743
315
72
643
286
410
348
977
728
120
977
432
875
528
91
324
919
67
145
645
648
243
735
250
440
801
193
305
711
956
560
431
466
857
695
671
675
283
123
952
794
957
209
436
894
691
657
112
345
280
316
631
669
498
459
953
563
190
280
603
553
843
635
6
250
981
619
971
194
46
467
42
630
539
91
628
438
190
75
779
704
955
747
800
146
962
847
907
903
298
19
627
207
305
852
590
423
206
439
807
618
875
615
87
121
330
66
877
662
228
921
659
386
39
264
960
317
440
213
424
632
592
180
675
598
912
348
97
955
434
844
441
331
814
725
103
769
25
129
999
264
124
158
891
488
76
723
274
794
259
598
953
23
893
568
515
824
959
794
536
716
344
68
258
53
301
845
591
347
665
276
267
849
706
146
394
531
577
919
40
108
938
625
707
343
702
534
205
238
973
771
277
697
718
453
89
275
977
845
309
61
632
665
786
828
918
9
192
970
904
35
631
549
867
406
651
339
667
714
117
970
455
248
435
140
104
931
370
863
650
269
977
248
348
562
439
335
797
849
195
246
506
833
638
941
483
650
724
830
927
566
51
87
861
743
79
299
155
54
412
730
458
636
725
912
743
527
370
677
993
558
585
539
137
300
996
919
853
918
318
725
607
401
865
736
718
451
307
629
868
606
33
583
848
968
377
214
516
319
923
466
746
761
221
472
198
551
872
641
717
548
961
658
374
860
371
533
177
877
828
249
738
403
749
971
491
110
143
592
291
567
268
312
157
660
791
364
274
96
336
917
505
639
833
690
598
94
829
80
676
407
118
704
76
560
226
674
192
661
266
679
971
648
726
795
721
773
718
458
173
917
525
196
784
654
243
670
411
59
415
155
257
967
695
417
665
673
455
767
553
870
558
759
747
181
139
148
707
614
783
113
520
486
428
448
492
724
777
313
160
988
30
903
842
449
606
771
930
797
13
340
517
177
816
677
80
407
71
247
681
550
994
785
657
277
907
306
858
586
790
606
328
620
527
58
126
312
954
754
700
274
532
627
921
399
913
178
791
358
310
73
895
682
727
526
486
129
919
36
388
591
856
665
392
919
151
546
112
549
207
156
573
533
115
19
400
170
758
220
625
67
173
979
600
412
259
276
742
120
662
873
562
86
111
632
457
424
555
241
191
248
190
340
665
90
545
236
840
478
400
937
664
858
688
2
390
433
563
787
394
390
410
94
369
357
692
305
334
976
338
373
375
626
74
533
787
555
310
580
769
295
206
830
106
597
907
52
156
879
697
131
487
274
849
167
870
591
656
587
797
317
550
256
296
701
474
102
105
353
679
522
98
961
146
297
914
329
238
249
576
637
284
207
502
527
526
113
692
491
426
845
452
159
620
359
378
933
600
805
188
116
826
720
358
202
703
275
462
724
522
577
127
188
426
824
67
998
490
606
606
324
734
50
398
263
684
691
273
12
33
83
836
507
924
186
580
986
212
488
936
629
918
403
668
160
201
844
747
127
532
931
100
962
915
39
182
967
230
258
240
820
548
255
220
905
866
494
862
695
665
488
985
310
662
891
227
247
497
919
992
575
578
46
628
246
410
282
481
367
634
876
366
722
364
412
416
289
503
113
343
362
133
374
601
730
919
162
558
316
798
221
475
130
223
156
904
463
749
93
102
998
583
499
746
372
161
274
973
114
748
39
730
688
192
801
702
432
238
513
291
215
294
862
311
913
695
898
347
560
709
463
307
168
200
563
609
614
375
307
642
75
808
857
220
474
470
955
475
730
956
745
448
258
170
410
585
253
513
693
905
546
264
419
391
668
918
741
856
747
73
509
336
273
599
560
598
750
890
432
819
545
598
63
91
846
670
448
425
489
193
997
714
762
400
150
374
655
307
142
815
687
203
980
927
691
109
241
219
5
818
62
209
790
409
503
816
350
231
545
261
127
782
223
184
937
806
300
577
163
189
481
498
112
603
318
109
870
272
42
782
827
651
229
624
101
416
562
67
457
896
759
143
944
822
727
575
729
515
254
337
381
245
971
444
72
312
799
215
284
213
552
765
871
401
131
771
798
822
690
148
716
360
522
915
583
151
749
110
316
341
123219.0
382
737
215
473
843
802
749
407
418
273
498
464
460
659
667
369
948
130
304
698
713
286
363
597
911
270
878
714
438
196
262
189
239
223
966
993
583
857
266
432
694
560
520
564
536
663
565
345
977
870
322
104
653
118
190
224
275
663
732
83
66
722
618
619
369
125
317
904
354
62
785
425
440
223
458
153
899
823
962
91
531
346
244
654
630
322
857
969
70
44
509
417
566
573
431
282
253
144
109
738
281
302
824
322
473
895
944
348
506
944
662
397
276
919
466
739
551
230
4
904
615
933
248
497
683
697
116
191
433
237
587
568
747
434
756
987
605
204
809
676
337
797
583
70
20
935
599
881
933
41
914
64
283
627
878
678
770
166
601
813
679
976
9
754
837
876
343
934
649
341
920
569
232
228
502
680
130
224
614
711
996
934
315
42
894
364
620
957
720
174
910
624
371
35
390
995
944
493
433
399
267
668
360
623
170
816
720
183
611
453
507
509
433
877
467
196
511
103
818
962
699
147
632
826
164
76
187
345
388
197
7
975
959
801
700
576
942
898
136
561
257
285
147
341
379
217
662
559
313
599
176
339
426
782
60
420
200
617
641
118
50
935
452
728
633
762
762
138
722
901
918
201
256
691
257
46
602
910
146
244
210
620
591
760
126
846
834
128
109
956
336
656
14
934
252
723
952
574
801
195
106
408
611
419
595
93
797
425
776
707
84
950
712
301
39
341
570
777
583
286
544
536
451
650
287
552
789
765
835
996
598
14
211
881
87
119
2
81
176
368
681
506
278
688
359
775
496
347
591
987
943
592
575
91
369
917
366
763
812
304
432
687
947
798
657
640
969
261
853
892
445
133
620
859
818
330
378
515
68
889
498
774
923
299
350
237
640
971
486
743
764
933
337
333
552
321
395
131
241
743
283
757
896
767
509
545
463
118
970
324
387
305
841
89
128
859
355
345
665
283
671
603
788
817
241
625
225
921
439
684
286
79
30
115
865
323
742
128
328
351
201
968
831
666
151
773
681
658
995
136
784
544
848
764
252
162
755
338
779
419
912
217
780
713
330
571
487
471
204
470
361
551
99
665
84
123
453
693
991
698
700
523
651
506
861
557
454
733
6
136
930
55
264
808
427
526
207
975
551
68
687
576
916
881
639
2
51
17
716
673
606
996
151
655
996
811
835
931
799
726
865
248
793
553
30
103
831
878
491
715
734
536
454
901
928
943
459
756
422
278
669
884
4
701
683
393
259
995
397
467
563
760
53
479
502
132
685
131
330
129
465
519
852
99
204
325
192
858
740
658
70
180
873
545
263
220
794
648
220
737
398
602
27
84
977
431
206
652
370
162
980
104
37
635
326
483
336
936
702
341
221
730
733
781
520
387
111
640
46
394
143
413
118
280
899
604
14
250
33
373
412
403
224
152
342
761
60
210
91
794
991
251
988
30
444
812
333
113
892
679
225
518
276
922
238
912
139
748
258
775
475
640
686
263
901
522
292
29
753
610
499
140
88
129
498
948
832
212
15
506
3
261
337
412
214
522
647
694
742
442
650
486
743
526
130
337
780
600
623
139
749
844
912
314
2
702
672
387
269
586
450
71
19
506
775
33
914
524
50
652
733
795
1000
394
376
668
82
344
850
3
449
815
354
906
628
597
851
212
942
985
860
913
981
579
303
287
998
812
541
454
683
8
74
912
48
259
385
212
201
228
922
639
603
137
799
899
214
866
233
657
754
913
116
610
215
265
131
514
901
914
747
514
191
703
848
457
318
408
881
585
304
377
300
363
757
420
130
602
595
397
728
120
60
660
747
884
237
637
229
767
837
511
155
228
953
999
244
677
223
144
586
583
491
717
738
137
929
901
216
767
583
797
22
174
47
687
77
152
406
322
902
266
260
344
146
703
175
300
781
636
332
397
332
220
134
623
22
386
33
580
353
880
563
142
995
424
507
528
427
958
575
490
360
165
267
656
435
478
134
956
161
258
642
445
806
848
868
949
40
158
428
304
519
606
700
658
204
944
217
743
228
666
673
8
234
731
82
377
96
252
18
702
18
458
492
370
112
382
590
898
231
284
978
859
518
9
412
172
894
873
917
189
124
481
507
831
897
284
187
342
718
775
889
244
136
860
833
552
913
164
990
474
799
506
266
71
574
213
910
720
700
733
286
617
773
444
718
16
408
918
464
235
169
911
860
591
414
471
195
372
788
251
87
415
99
215
434
121
943
244
30
813
167
335
970
696
498
884
883
184
710
349
170
900
322
154
726
185
367
310
128413.5
415
684
135
415
60
816
226
426
150
176
857
365
771
742
383
340
372
41
522
646
892
321
952
635
602
301
289
731
765
211
16
247
700
272
679
904
399
758
307
338
552
592
185
603
684
711
963
255
962
957
366
187
382
187
430
321
220
708
294
45
710
705
688
550
943
93
755
972
720
30
86
433
919
274
688
246
714
776
720
151
231
369
941
730
650
325
676
976
265
61
279
408
491
598
187
322
471
84
187
770
299
388
926
327
518
865
382
326
735
934
400
324
572
938
488
834
206
260
651
894
201
904
476
494
772
608
9
271
433
241
869
484
385
355
875
979
14
146
117
654
48
731
355
83
376
998
277
968
431
74
718
127
573
598
643
632
521
209
906
816
913
929
303
727
875
859
272
971
655
418
475
491
763
211
263
741
630
173
943
657
343
986
930
102
735
426
956
998
770
113
508
693
876
92
168
924
803
531
366
496
645
572
789
617
842
895
218
265
411
355
314
583
784
910
433
100
430
103
521
971
992
202
485
734
127
133
344
379
727
199
768
978
172
862
319
643
125
927
42
483
874
195
738
425
721
117
789
575
569
679
799
291
427
820
507
390
288
613
804
201
366
962
111
664
337
684
49
190
795
845
594
245
131
779
531
127
101
956
894
251
807
594
203
817
291
926
343
218
938
894
415
710
973
849
884
739
101
521
30
163
386
498
459
349
811
121
748
456
708
734
536
870
759
231
111
377
300
837
742
289
628
483
671
659
389
602
460
719
606
957
469
5
104
849
513
183
809
147
607
393
613
406
316
630
623
768
488
318
608
966
724
531
329
170
427
898
250
827
691
247
35
686
268
884
190
656
816
267
389
960
171
66
63
761
286
311
311
467
490
877
720
693
801
341
987
312
894
882
992
704
335
961
562
348
91
408
591
109
393
674
140
781
332
762
305
493
821
144
398
293
595
250
791
125
171
818
885
388
209
292
967
641
763
823
170
525
842
935
88
619
996
165
358
68
669
313
424
183
962
414
573
999
949
653
780
860
107
719
676
160
239
462
668
723
469
236
9
339
748
482
757
144
815
748
294
645
724
430
548
415
430
502
425
635
79
203
408
698
942
628
402
592
361
495
825
463
150
775
682
143
231
130
731
810
275
577
67
952
519
107
636
649
96
893
675
15
726
62
310
749
303
920
411
590
575
836
652
847
851
783
491
148
201
579
802
24
412
849
381
759
447
513
493
856
81
929
447
760
296
370
679
839
235
728
980
376
464
960
302
391
846
784
373
573
645
216
728
82
857
62
68
419
726
184
352
275
10
884
657
624
488
202
619
638
490
143
740
647
212
712
513
601
585
110
113
480
762
714
484
156
217
19
552
698
908
472
335
935
523
388
222
796
813
742
790
436
844
652
991
478
381
365
606
326
874
588
937
266
776
460
430
388
313
227
818
721
669
297
838
808
612
241
542
63
180
786
49
170
916
649
464
456
242
940
911
953
484
715
47
756
662
551
124
252
920
437
272
43
84
521
859
225
383
180
584
866
152
170
32
505
864
171
899
380
963
581
659
761
258
532
625
503
660
497
674
363
424
541
35
228
758
829
585
399
499
650
422
348
213
615
485
56
418
594
754
16
934
452
783
570
446
888
245
387
260
660
178
444
86
70
27
755
824
847
186
564
254
246
41
886
558
825
145
621
773
239
574
772
221
432
929
26
484
982
11
233
651
197
525
141
595
643
835
193
429
825
155
778
613
741
940
957
826
662
296
169
247
580
308
919
385
425
68
627
330
398
242
377
444
512
685
428
604
315
907
414
61
514
105
419
916
137
863
739
592
913
632
735
755
686
1000
453
510
133
6
916
117
749
367
100
946
565
449
784
433
209
225
870
423
731
416
731
90
222
692
777
811
154
228
318
203
242
834
423
66
800
858
348
427
736
848
412
715
151
54
559
185
461
824
618
683
958
618
175
372
480
206
586
509
892
422
433
972
200
621
619
812
403
166
948
814
352
493
414
102
867
972
991
867
190
316
214
201
564
402
650
352
911
980
731
215
750
569
28
51
646
414
477
294
229
663
657
670
394
89
442
828
404
998
807
830
364
187
886
952
28
559
257
517
941
703
263
115
524
901
738
940
213
769
426
196
852
932
282
820
934
491
546
758
250
894
464
300
478
548
5
54
291
491
665
821
743
349
678
658
480
350
14
860
848
71
287
918
879
937
678
1000
378
333
449
424
273
324
356
550
223
473
208
756
166
423
762
750
291
653
699
576
827
219
250
248
398
116
862
694
220
50
189
675
315
128437.5
604
690
700
407
403
716
334
461
426
255
33
456
50
767
570
420
604
7
625
746
855
355
683
602
55
379
572
703
856
186
624
295
404
296
869
947
114
680
677
403
622
565
249
692
725
663
114
295
940
958
234
267
830
264
681
244
676
629
260
62
614
650
896
600
742
71
893
874
276
82
942
519
729
284
997
329
560
691
699
136
950
375
883
715
215
229
557
891
528
18
664
310
470
530
557
354
743
45
929
852
344
359
464
317
345
868
146
403
435
881
435
259
133
920
982
793
86
228
904
863
669
961
897
400
374
690
378
286
239
158
690
516
49
387
304
948
735
74
7
555
418
826
971
140
646
946
383
934
729
70
459
213
5
582
996
583
801
190
844
912
433
900
319
768
250
956
380
986
618
509
108
412
1
200
330
656
99
107
336
691
848
990
725
68
505
434
446
949
866
168
236
736
471
141
134
878
122
549
502
493
219
653
70
632
295
947
751
214
705
298
698
556
624
854
681
175
864
180
388
950
440
122
983
642
60
217
121
392
339
280
874
932
47
853
793
570
913
949
508
399
551
165
255
517
920
120
821
567
344
761
738
275
58
729
70
379
555
639
781
109
634
920
89
612
270
654
531
213
77
923
852
255
720
695
531
172
590
977
410
338
444
558
670
754
509
850
711
310
540
890
686
649
267
753
524
774
735
469
197
83
560
514
743
407
634
144
945
525
777
708
351
888
787
281
844
341
596
773
165
303
72
418
518
630
889
695
10
758
197
888
34
42
822
945
533
278
356
78
376
317
641
347
731
592
618
671
578
240
270
875
726
630
379
139
698
974
548
907
757
187
318
698
507
878
454
716
656
264
54
887
397
6
319
825
649
314
970
469
795
784
885
669
757
391
144
316
209
928
214
712
751
949
460
416
669
430
62
157
565
746
276
808
569
722
247
462
660
91
935
356
849
245
723
27
685
863
440
463
444
297
102
585
870
729
412
619
942
977
479
642
268
227
29
18
726
315
260
251
6
374
587
902
97
659
840
813
645
716
64
159
266
533
967
641
230
171
173
329
695
544
697
158
829
825
179
644
888
381
532
482
252
602
713
593
914
116
538
627
917
570
871
527
417
573
92
458
693
835
515
75
762
165
971
752
63
496
947
999
796
194
394
642
344
992
58
56
19
3
816
659
261
848
81
578
813
856
761
778
272
844
462
180
432
523
836
5
352
943
680
812
845
582
52
841
4
852
778
769
629
431
430
850
623
695
301
429
944
938
287
452
280
702
412
669
351
235
116
72
394
51
504
480
462
242
411
285
295
906
80
670
930
253
709
577
196
240
298
722
213
709
390
521
310
67
611
580
654
808
613
209
795
84
465
711
464
554
706
907
475
309
526
706
991
656
435
503
183
686
358
578
636
399
247
241
157
508
829
232
501
467
717
429
291
161
445
686
584
352
820
844
819
325
830
122
580
855
59
136
373
597
65
441
124
926
903
895
113
751
985
662
973
607
886
274
891
521
940
56
521
609
131
310
291
268
634
890
772
134
628
520
427
123
444
367
874
660
80
719
526
462
285
449
530
568
419
289
588
575
385
197
353
818
975
308
490
638
321
442
252
715
65
80
215
542
543
84
518
428
537
523
932
873
264
372
350
682
786
391
774
71
831
816
505
935
67
518
419
313
977
844
284
923
674
541
19
241
697
810
984
505
186
29
490
940
52
158
833
271
346
175
637
720
430
119
929
814
520
735
501
809
766
877
967
699
419
76
509
488
607
872
537
418
905
707
543
492
857
286
303
509
987
459
37
267
731
478
711
613
524
347
775
180
316
763
468
912
365
826
924
734
115
507
198
119
198
858
900
685
173
70
622
604
635
764
774
286
387
795
885
765
310
643
136
177
990
824
796
103
473
271
839
259
601
459
742
819
660
325
373
782
689
313
3
108
821
599
696
419
112
590
743
881
404
199
398
577
245
545
505
957
44
519
589
249
991
589
641
445
551
983
64
285
83
387
647
879
139
997
654
252
817
152
878
495
88
567
817
879
7
667
125
678
111
45
689
695
181
519
589
165
759
673
844
441
508
416
485
474
840
768
302
381
491
897
49
28
531
266
347
991
769
288
219
608
279
824
555
239
399
467
629
945
495
303
692
954
718
468
551
213
572
553
341
576
104
19
178
203
817
682
852
821
33
602
680
416
632
59
147
842
573
351
758
932
178
770
767
449
212
427
255
261
999
322
409
131
294
115
714
194
857
750
765
391
201
689
802
752
955
186
149
356
489
933
833
137
310
236
653
342
124235.0
739
784
819
445
478
696
744
431
431
284
382
502
225
832
645
400
429
39
582
808
156
313
784
519
316
392
14
776
173
120
857
234
673
309
218
990
822
757
307
341
178
621
670
786
373
602
409
314
797
989
3
339
775
339
463
341
622
673
960
38
212
692
658
623
865
19
132
913
17
120
241
576
241
290
315
255
698
732
404
56
296
326
954
631
642
260
283
866
247
61
983
288
536
626
797
386
881
15
302
762
120
304
889
338
121
930
270
333
166
951
853
293
366
957
567
885
302
299
762
830
828
916
432
399
30
680
966
367
541
215
431
528
142
433
568
849
106
40
360
590
515
890
390
64
46
887
246
951
359
21
24
130
47
558
346
547
713
91
28
915
839
868
424
707
53
876
380
923
317
571
476
345
667
128
742
629
210
181
949
752
411
995
658
77
72
490
992
903
935
119
111
694
801
176
520
931
698
615
880
435
46
712
235
649
874
929
157
224
597
224
820
603
683
887
251
156
142
177
602
988
736
60
118
545
10
215
37
345
472
221
151
956
329
923
801
595
257
854
443
464
518
176
485
461
345
106
321
528
20
819
168
292
239
715
97
373
569
678
624
141
652
993
149
653
846
668
972
264
227
999
122
188
378
692
637
228
343
925
209
426
402
575
525
782
937
775
883
305
180
800
778
665
124
794
492
736
504
395
651
14
874
434
528
441
295
200
684
492
159
621
962
929
273
285
379
343
327
782
574
355
365
359
485
716
931
777
618
690
417
875
626
87
537
870
806
227
247
129
148
299
422
333
293
553
748
619
371
158
838
854
460
626
541
205
872
920
849
1000
160
189
732
601
592
786
711
671
140
174
420
982
509
28
138
857
827
321
164
500
706
766
570
737
156
422
631
300
597
830
311
729
401
852
526
354
586
351
891
133
580
786
324
843
828
674
207
453
273
79
573
283
858
321
717
62
406
880
807
386
698
381
655
675
595
673
746
688
255
932
150
619
496
138
416
8
792
309
206
248
828
310
796
803
582
602
576
764
31
672
628
133
611
626
579
641
160
271
365
307
328
551
814
160
903
799
929
743
910
395
836
498
589
661
312
565
878
154
58
652
531
551
899
459
874
569
313
532
46
903
238
107
956
254
704
826
890
431
81
904
773
186
479
589
822
912
807
46
647
75
180
671
624
779
357
627
638
920
604
802
601
801
610
143
298
597
763
73
53
949
305
905
79
519
873
826
168
934
250
798
829
523
950
900
374
748
814
441
306
856
789
429
677
612
46
677
757
261
320
63
690
6
445
560
698
213
304
194
769
933
238
579
764
268
366
585
909
242
675
700
257
684
174
572
483
129
353
497
322
899
13
183
129
127
180
691
773
604
148
935
662
263
465
636
578
738
384
414
353
682
216
491
363
302
655
321
159
506
147
212
603
507
477
349
442
155
496
712
273
424
771
775
976
297
16
117
474
942
412
172
267
558
377
423
633
911
637
953
562
849
369
700
555
559
86
343
479
465
207
79
655
531
741
212
335
251
572
955
902
127
196
542
697
35
345
329
762
669
799
761
189
394
788
362
193
551
860
340
159
582
197
182
519
773
96
346
962
593
221
481
990
669
574
81
380
550
667
178
725
374
641
594
846
941
197
367
698
768
658
477
655
128
977
916
938
935
711
492
668
366
147
896
809
943
958
526
242
214
815
822
757
491
245
96
988
878
871
111
450
236
171
204
569
636
460
33
228
783
318
706
116
855
997
968
25
626
786
43
772
475
708
813
483
370
449
794
835
553
239
292
746
471
311
476
918
367
451
486
123
551
185
271
645
183
215
800
786
910
559
847
572
833
559
456
522
91
948
949
693
781
655
113
396
516
581
672
563
229
328
880
119
851
802
559
336
198
286
813
300
166
236
305
712
168
759
410
287
768
50
376
563
868
393
322
696
14
66
630
127
490
651
566
736
921
203
106
687
531
847
556
406
939
516
447
692
302
612
646
189
528
334
923
800
369
978
357
662
936
893
939
826
314
286
152
569
415
847
571
899
831
148
765
798
582
333
109
89
626
732
507
270
181
443
732
766
344
639
488
98
434
892
792
925
433
111
987
399
60
892
199
260
989
598
222
398
685
182
765
557
242
171
375
635
917
677
389
729
958
77
390
561
116
789
571
367
626
373
5
623
235
498
637
212
792
188
679
847
496
778
115
910
806
413
329
45
846
677
708
60
420
856
492
786
231
90
240
145
60
736
120
154
269
412
733
101
405
781
727
968
735
1
220
410
377
21
876
47
230
443
182
911
252
127246.0
240
820
315
427
704
667
570
467
611
283
51
449
472
917
653
386
928
46
463
746
315
320
816
541
9
366
831
713
529
155
706
191
201
227
972
959
515
746
576
273
868
711
786
736
151
661
771
347
181
891
571
240
68
310
595
380
402
608
161
119
730
769
233
529
583
30
623
859
96
145
484
642
674
323
878
226
900
786
264
4
9
423
298
653
44
334
608
950
932
117
495
369
746
551
445
372
254
12
943
853
406
317
901
278
229
931
225
315
840
993
584
375
512
996
889
900
856
282
102
889
880
988
257
492
372
750
655
372
410
148
881
602
940
342
521
911
979
70
223
533
16
860
616
125
501
910
569
933
48
64
745
185
303
503
946
586
934
126
552
885
31
920
524
669
763
786
654
847
448
670
801
375
887
55
645
574
494
137
510
775
19
915
24
126
273
539
975
853
178
185
163
701
622
164
382
859
109
643
946
348
330
778
989
740
434
854
305
158
471
234
963
661
496
814
473
124
911
249
153
934
60
93
591
519
161
222
909
285
725
244
217
916
440
865
217
529
424
913
540
453
897
274
831
427
556
127
760
429
501
749
292
254
290
667
810
430
662
659
602
162
196
992
973
741
193
738
804
201
162
946
904
249
622
672
271
298
441
998
175
508
790
606
508
793
196
752
479
374
702
820
882
599
660
889
212
723
674
321
865
47
830
426
352
377
451
103
652
473
791
640
472
901
918
199
583
413
674
734
992
313
266
374
317
734
924
703
485
614
120
946
587
145
908
939
123
190
200
76
149
231
737
377
638
559
585
531
482
237
604
834
356
532
59
131
331
998
278
986
176
130
58
558
437
704
885
602
785
102
849
969
407
71
962
840
425
234
277
580
322
785
24
693
150
382
699
337
531
832
409
706
103
948
889
336
563
362
676
44
548
852
800
886
241
601
162
443
299
47
733
276
92
309
449
137
263
877
387
468
710
296
338
609
919
612
710
736
256
967
415
641
549
213
393
50
96
392
184
247
691
279
602
893
857
652
242
733
162
628
694
226
86
722
242
552
748
270
118
230
889
576
472
104
607
721
741
720
774
423
697
497
367
713
610
640
182
145
870
572
151
634
400
398
280
545
54
530
95
895
810
66
186
343
226
914
238
398
511
942
422
171
223
643
868
839
78
142
549
127
727
762
836
704
252
719
539
916
882
785
416
795
43
228
622
671
279
152
976
961
937
923
285
481
230
869
664
948
429
766
945
445
915
846
120
842
783
458
576
837
971
465
685
621
250
717
929
322
26
119
439
16
159
482
871
168
619
290
57
843
260
582
217
319
668
635
97
191
29
796
568
778
776
537
596
200
476
548
737
965
383
218
716
75
927
770
481
675
355
918
902
174
10
678
981
687
828
470
294
619
306
487
362
279
548
306
93
592
351
140
106
444
86
430
182
211
338
714
860
333
303
747
563
390
6
45
335
938
785
96
803
639
321
472
282
983
597
963
920
844
832
658
954
532
616
248
468
394
480
48
259
513
391
258
627
283
444
886
232
180
217
602
809
5
959
387
600
616
565
746
620
426
899
291
918
608
264
396
618
608
44
90
519
858
653
366
245
595
273
498
408
601
483
158
768
549
953
155
326
278
300
623
850
953
747
399
333
817
57
540
724
127
163
964
468
849
246
528
704
306
731
981
228
975
761
594
777
218
895
826
5
428
385
8
977
797
461
80
512
301
578
193
726
597
985
82
256
860
995
792
694
893
518
970
334
663
623
86
398
459
976
741
243
461
376
708
717
455
837
344
795
427
935
569
558
296
9
461
718
547
36
358
969
100
438
837
350
967
259
840
142
817
219
386
590
23
764
911
452
728
64
157
992
448
580
729
415
204
191
911
353
774
706
510
866
256
962
894
778
162
34
362
703
199
838
336
928
680
876
421
509
928
925
371
257
57
158
601
324
459
835
562
392
960
61
108
654
599
340
628
765
876
285
455
667
328
194
709
401
468
742
975
598
383
140
417
792
985
198
897
156
367
464
168
875
511
24
502
705
834
902
847
852
634
406
104
712
561
258
508
208
242
779
663
349
415
258
529
248
488
366
732
708
530
628
941
336
110
489
282
450
893
887
158
619
725
321
769
381
156
940
307
493
951
933
422
82
966
242
395
111
54
21
586
549
567
785
71
1
325
948
562
650
790
698
707
225
588
653
45
409
792
10
275
758
889
828
664
655
322
661
432
648
272
839
251
603
81
410
53
799
250
273
746
177
318
873
795
295
673
651
249
688
387
31
823
785
295
302
143
288
186
122997.0
397
817
565
466
866
713
933
477
508
319
43
421
879
948
797
406
939
137
273
750
178
271
306
619
822
284
388
686
274
228
701
183
339
159
248
918
153
685
382
333
514
806
177
779
280
710
502
258
301
849
542
310
622
380
721
291
163
675
524
149
380
675
494
608
1
40
524
924
185
56
194
708
261
238
611
174
387
793
210
61
882
355
235
574
520
253
47
906
426
55
716
272
722
625
375
409
521
111
209
784
722
309
443
215
568
987
290
323
117
992
570
365
425
957
825
866
933
382
913
937
160
924
973
468
237
773
563
415
275
220
238
601
570
441
538
862
732
33
66
601
831
907
443
121
14
907
262
973
378
38
295
195
455
548
923
558
705
152
794
978
726
895
946
598
414
839
129
889
139
685
490
301
470
38
133
663
126
145
612
764
711
923
375
51
134
623
406
760
474
155
496
729
104
162
747
811
703
675
340
282
509
727
177
779
458
929
580
89
528
282
456
740
307
827
851
129
420
299
351
890
967
103
209
548
45
309
2
320
921
230
619
900
11
938
954
505
406
868
297
355
526
350
780
427
876
148
337
395
282
704
456
187
122
634
289
391
220
599
998
92
672
949
725
774
916
677
410
129
998
899
286
298
135
651
618
260
182
973
567
534
378
521
876
761
837
737
794
284
978
876
390
644
458
831
993
642
131
348
933
35
294
487
208
289
633
125
155
391
587
608
626
890
357
195
159
437
336
637
270
385
27
325
279
794
450
654
195
617
468
984
918
190
224
879
498
135
201
3
150
191
170
387
872
482
41
468
241
138
254
750
85
584
778
146
729
953
675
929
504
105
372
566
707
634
895
689
848
166
25
997
451
145
595
760
926
214
176
625
161
822
91
707
237
395
879
428
264
804
649
681
659
946
169
247
926
409
368
13
385
783
645
857
223
667
953
482
844
56
815
280
483
287
884
221
256
912
363
511
250
354
352
522
853
671
369
778
600
910
201
577
686
174
680
29
872
348
929
203
696
365
900
924
512
696
385
736
699
608
172
192
936
741
642
555
383
230
106
289
68
565
688
88
684
707
345
672
214
328
549
407
9
788
219
581
122
123
949
581
160
730
921
331
323
615
110
538
905
806
603
89
413
276
6
918
80
442
667
886
318
164
643
626
165
791
720
198
629
199
919
808
455
644
496
630
21
831
496
686
35
722
423
138
128
614
857
231
442
939
218
942
311
473
590
898
132
987
429
671
791
384
583
861
346
916
250
410
731
918
35
428
699
677
559
720
730
409
170
117
648
66
775
556
211
191
933
375
863
930
351
542
598
315
749
656
371
116
747
842
263
850
324
591
606
184
441
604
753
902
669
122
80
75
136
863
779
701
123
945
498
250
109
677
486
782
362
467
369
606
474
572
935
265
456
259
240
682
727
218
537
474
22
400
148
119
907
786
708
314
748
719
492
452
163
128
238
858
790
133
651
701
280
488
888
918
891
987
12
856
754
670
834
574
779
169
995
353
783
48
813
441
672
183
745
205
563
855
366
186
31
642
873
38
117
368
409
560
970
839
934
456
397
304
996
704
196
332
189
698
201
60
870
929
988
299
516
652
865
589
338
517
707
242
778
614
560
239
508
329
531
543
333
892
147
412
767
810
897
459
650
210
389
984
415
831
640
560
442
218
499
940
806
944
116
662
938
246
571
843
992
421
385
20
693
888
63
46
505
351
478
292
789
624
100
156
944
865
484
835
147
850
166
917
729
611
241
173
419
546
620
777
900
369
29
644
817
551
589
383
614
510
260
542
819
196
822
539
53
466
231
419
540
100
557
814
319
885
211
825
996
819
987
389
672
73
834
871
598
741
847
98
394
474
740
788
857
295
127
962
47
682
939
467
117
279
75
961
95
137
911
334
725
152
420
401
463
691
763
389
590
952
781
335
759
69
644
528
858
420
798
653
279
982
518
146
305
615
429
636
130
803
892
393
946
417
844
712
256
379
187
980
338
336
465
353
946
937
455
842
276
401
586
108
376
425
4
547
403
926
148
834
443
632
825
186
410
622
930
567
470
198
785
590
459
359
871
544
954
465
385
709
458
538
320
865
445
18
464
242
665
969
763
83
35
746
58
712
53
110
155
226
381
920
465
349
576
994
704
336
219
15
568
629
94
642
724
55
215
391
965
597
240
780
421
617
296
624
97
144
720
739
173
177
286
846
89
566
759
275
847
405
486
348
241
277
567
142
49
25
93
178
961
797
300
237
709
699
948
693
760
163
57
392
314
788
212
312
646
168
476
159
122136.0
430
772
524
381
125
648
920
551
261
366
976
388
747
981
723
325
373
48
489
794
959
330
487
592
771
316
755
654
195
258
231
191
975
224
751
833
241
783
756
329
291
879
177
728
49
645
150
283
157
906
903
285
533
401
582
235
245
714
425
131
322
773
320
702
3
67
273
997
484
48
791
787
40
149
211
177
918
752
922
23
455
377
356
480
695
337
542
899
325
68
422
210
836
648
503
350
697
173
312
739
97
258
733
292
477
903
867
302
399
995
758
302
274
983
369
928
481
404
368
961
42
954
698
385
186
729
376
381
206
168
304
594
531
396
11
861
345
51
339
605
316
818
506
39
841
811
682
891
423
68
203
219
127
601
770
650
194
127
289
933
175
795
373
691
861
929
573
912
363
740
851
333
327
59
374
676
912
153
271
690
926
901
163
145
22
709
615
826
430
127
878
633
714
184
715
753
803
624
760
315
26
795
85
780
10
860
199
33
165
366
603
807
405
835
271
189
140
282
746
840
70
155
720
480
72
277
628
402
979
272
685
826
786
869
682
444
109
936
158
426
607
368
378
428
11
204
264
438
718
758
391
212
961
561
923
367
59
575
619
57
960
881
946
766
984
769
562
86
945
802
15
259
301
605
293
169
656
933
48
603
905
470
8
703
424
718
511
381
335
850
908
673
726
792
451
655
398
379
199
17
242
479
579
380
914
147
145
316
314
698
427
890
438
237
443
495
782
645
194
286
697
318
560
865
518
678
223
606
327
975
997
179
540
846
234
113
944
15
159
242
257
372
949
407
714
458
2
188
808
718
773
579
577
242
25
945
612
985
467
41
472
503
73
689
142
710
246
111
922
908
945
61
674
741
111
232
577
584
547
870
119
617
235
449
553
428
384
835
231
738
389
956
468
258
346
493
277
99
111
734
342
763
689
615
814
462
925
144
978
311
191
259
522
149
141
832
848
463
236
407
98
533
993
631
642
731
208
853
781
530
606
90
167
92
480
378
708
114
528
406
358
943
929
675
663
767
936
699
556
230
699
832
709
507
220
223
623
284
33
659
947
158
871
759
810
764
434
266
331
407
754
711
694
525
496
53
857
612
285
645
929
255
764
540
706
523
613
819
330
181
81
369
928
855
183
513
475
886
432
101
471
584
143
717
683
286
73
233
154
792
353
585
400
609
820
870
956
694
477
716
340
94
436
558
61
248
331
898
452
964
329
395
960
927
410
972
646
751
211
292
149
886
64
885
359
328
41
898
648
480
441
729
797
642
515
375
919
100
460
76
32
497
761
190
617
337
693
876
368
636
327
362
244
723
490
134
195
807
843
877
329
591
945
96
587
677
422
992
138
126
700
30
482
781
555
730
768
995
881
177
70
744
565
750
297
390
705
604
355
552
588
316
444
301
963
633
363
302
317
423
339
414
361
57
109
702
675
227
792
650
730
547
99
97
754
796
321
132
418
682
627
494
602
878
407
893
835
925
563
700
558
509
607
257
791
362
944
55
687
521
533
122
741
257
71
767
728
126
512
597
513
50
584
355
130
510
935
843
330
468
591
352
209
771
286
267
901
647
139
56
66
998
261
260
278
553
420
639
843
465
575
294
88
694
746
218
777
414
178
465
34
915
175
413
256
747
89
424
875
140
740
967
202
828
86
589
2
299
746
857
607
944
911
743
173
196
274
844
294
425
894
42
572
827
836
21
288
267
221
214
794
555
208
204
804
862
587
817
137
856
768
842
825
676
605
134
282
600
634
778
460
410
158
674
824
589
264
465
988
472
685
571
621
197
347
554
837
539
935
413
586
69
124
888
202
916
385
871
50
830
29
371
392
3
167
882
620
821
471
171
302
541
797
864
239
327
556
864
161
631
163
565
955
305
312
874
833
72
903
322
317
109
721
451
774
601
706
372
993
966
181
308
211
89
161
589
855
399
137
603
662
965
35
229
614
662
421
558
61
741
269
383
261
330
164
690
752
393
670
913
486
250
701
369
948
921
196
781
458
488
701
96
27
360
771
471
338
992
720
820
500
650
119
186
470
700
706
533
864
117
896
673
19
424
501
603
499
502
380
609
156
545
344
809
480
67
66
278
41
926
271
52
786
842
252
715
985
109
25
292
907
885
798
310
677
928
547
339
237
82
27
682
442
597
811
87
866
362
545
542
325
870
659
524
897
592
523
75
948
689
817
130
678
900
736
503
869
193
961
454
99
305
254
357
488
146
857
45
851
188
805
768
311
187
297
712
219
699
304
207
584
338
450
715
751
408
57
221
705
173
123794.0
797
804
829
365
510
744
51
505
524
438
420
460
750
931
93
367
131
7
715
776
202
343
901
548
577
254
593
680
9
170
206
240
460
169
305
773
543
830
361
394
643
922
427
791
568
686
355
318
998
868
675
271
662
445
813
199
332
686
152
130
733
799
868
698
666
14
992
969
123
55
163
760
913
201
789
153
644
678
736
13
353
450
202
503
531
291
784
900
692
163
136
122
521
633
339
411
560
272
2
715
72
289
422
376
405
878
565
237
386
914
309
218
316
892
910
998
102
478
443
881
900
920
881
404
980
760
813
472
371
244
409
626
360
428
472
797
414
64
204
566
846
828
134
33
957
714
461
946
242
143
317
285
402
582
703
556
323
101
755
984
40
850
680
607
368
890
10
977
21
813
134
414
811
65
89
698
527
137
90
745
669
951
967
212
864
617
768
924
446
29
345
658
172
170
467
697
821
707
281
256
564
746
357
699
639
857
858
104
323
435
10
765
226
781
362
209
675
211
214
872
644
120
615
529
760
263
125
475
122
187
29
737
944
912
659
484
303
944
698
439
651
384
979
398
942
132
894
364
364
760
480
221
988
467
567
351
895
597
272
95
255
955
80
717
734
699
29
87
103
890
667
344
841
691
936
70
988
855
625
652
976
373
861
619
730
665
417
442
902
922
451
638
145
741
258
671
378
331
237
62
237
579
884
397
56
95
621
266
492
686
585
935
439
168
954
552
340
745
996
304
600
415
28
965
852
732
853
607
454
999
875
110
278
943
600
116
579
18
836
177
375
380
475
356
905
470
201
187
617
713
904
593
8
283
950
965
642
921
267
9
82
502
998
749
59
629
966
37
667
853
213
123
370
697
95
237
693
629
513
774
410
591
184
408
248
357
628
740
112
645
273
912
84
351
702
468
605
116
832
792
604
761
764
656
552
559
883
172
214
259
160
176
877
231
481
931
402
461
364
377
981
475
101
566
293
828
938
882
549
502
115
34
727
139
679
350
581
101
872
488
245
949
509
670
54
690
513
771
521
155
90
752
856
510
195
290
13
326
11
567
574
216
659
815
332
727
253
335
457
502
472
794
559
578
443
72
870
546
589
660
564
274
771
470
390
432
667
891
694
121
894
450
44
761
416
561
765
966
492
152
865
646
73
752
61
205
88
192
257
813
978
485
385
655
436
929
840
594
574
672
339
166
785
540
486
173
214
914
789
997
6
407
107
916
472
872
976
657
20
235
425
909
854
810
875
382
285
871
404
383
210
736
301
587
169
346
392
111
376
138
42
541
358
105
878
436
921
952
938
710
992
406
394
662
27
38
705
828
632
792
403
510
658
138
509
740
644
991
767
129
839
107
307
768
930
668
523
962
428
244
472
707
762
687
638
335
375
629
28
502
756
341
51
268
562
537
308
260
242
375
682
424
555
22
78
706
803
253
941
723
420
468
959
171
678
826
22
194
521
711
363
508
302
795
638
858
953
941
125
657
948
558
389
193
692
456
8
24
35
548
287
182
299
244
871
861
887
112
186
549
592
23
455
444
915
597
626
866
59
566
395
371
863
771
97
219
417
631
575
71
899
993
397
220
794
483
931
685
610
514
796
292
70
660
326
118
146
334
313
386
157
969
431
383
219
823
268
460
602
200
419
995
264
899
414
503
93
360
928
757
478
975
330
679
668
295
314
816
662
424
895
1
378
777
142
121
249
212
90
278
620
552
314
290
5
846
540
752
556
812
22
805
166
627
928
182
935
690
34
799
524
454
63
616
878
545
745
497
402
390
486
585
277
97
315
619
894
555
651
503
831
115
155
952
925
873
641
877
112
758
333
290
328
99
467
914
368
884
837
122
696
464
792
863
716
405
424
802
990
566
597
564
948
278
836
891
398
30
333
402
343
77
727
479
524
586
619
441
101
883
161
357
723
37
42
674
949
489
431
560
79
893
459
250
978
572
210
519
192
648
638
376
785
325
954
670
76
303
860
968
232
230
298
281
481
823
726
820
99
422
213
97
622
444
685
476
578
928
287
803
674
620
68
251
879
749
799
522
749
167
661
735
98
422
659
592
658
446
805
529
669
533
395
744
327
9
886
359
106
826
652
132
713
893
936
682
784
22
129
306
330
938
232
339
336
939
947
423
288
133
324
765
699
555
180
57
99
283
760
630
493
877
827
505
846
508
551
20
923
728
181
178
373
865
232
590
748
98
133
477
663
302
255
394
123
170
192
132
275
119
817
851
832
148
402
794
2
739
683
205
271
243
37
679
297
338
109
268
26
162
