500
6
129104.0
326
739
416
924
736
570
824
760
965
661
657
300
884
544
501
230
582
53
486
806
691
681
849
935
821
798
976
563
341
515
537
967
165
555
349
664
982
701
79
713
955
61
644
792
3
493
23
566
878
353
684
216
408
980
561
908
885
460
623
502
51
183
457
522
268
589
630
150
968
943
408
626
456
999
19
819
647
286
470
688
789
550
155
615
808
583
251
806
380
908
247
420
1000
342
352
864
617
953
537
407
269
410
988
107
714
769
199
2
500
477
632
725
135
828
14
386
532
788
809
341
599
65
845
306
855
63
281
47
652
400
68
200
173
803
604
518
20
360
256
227
433
929
583
348
502
109
625
1000
359
154
320
523
772
227
504
115
350
225
990
568
125
498
14
950
793
841
592
281
479
744
304
8
901
488
569
81
787
259
832
244
176
449
142
160
832
636
381
898
651
992
681
250
650
841
899
170
935
787
451
414
836
339
481
64
253
488
535
335
138
179
452
978
219
647
763
842
310
847
992
8
555
505
807
715
162
581
929
457
422
323
863
56
146
169
107
305
914
66
801
448
581
485
777
277
849
347
783
968
647
151
298
336
346
115
999
7
668
116
55
819
815
825
798
722
905
310
677
354
415
845
666
665
236
728
547
488
132
993
508
28
888
390
155
946
12
974
857
879
851
395
35
856
85
19
733
462
92
392
119
338
20
250
287
698
242
773
835
528
541
879
110
182
853
570
983
74
670
311
750
673
456
885
118
397
718
638
122
456
954
272
865
427
40
201
670
761
260
998
807
314
441
578
701
659
647
992
275
165
707
220
421
178
132
669
329
744
578
455
460
36
926
130
929
858
444
842
413
391
248
249
532
788
435
277
480
586
849
726
970
924
299
585
683
120
240
508
666
845
338
933
286
488
946
342
330
299
670
683
552
980
599
173
237
700
354
870
655
6
869
779
198
246
263
313
306
698
976
268
831
691
730
566
238
739
573
806
948
521
147
698
138
349
431
467
768
933
321
795
824
938
281
389
371
887
416
363
749
871
8
446
116
290
247
27
858
947
941
189
746
165
118
910
358
596
921
909
961
303
592
604
603
971
835
650
182
777
615
341
477
959
952
897
444
970
409
601
717
303
512
30
537
179
447
559
147
687
194
195
487
284
281
338
820
808
707
955
795
450
123
442
872
827
409
665
386
976
86
23
38
787
271
697
493
188
103
805
809
6
706
932
632
228
836
433
1
53
83
165
255
78
559
296
688
922
608
957
115
86
913
603
348
664
745
196
27
981
104
400
721
875
249
384
535
324
622
424
201
882
448
462
78
204
708
620
288
531
806
627
769
954
555
398
294
421
963
82
544
810
157
635
607
845
824
25
919
275
13
775
236
354
572
149
402
983
733
726
518
996
369
515
527
947
704
872
242
420
896
127
497
489
304
153
375
781
301
475
998
98
960
446
2
130
934
880
253
283
386
882
276
541
581
321
810
694
241
559
338
216
606
436
443
968
390
153
913
299
816
131
576
555
761
457
556
206
970
879
629
42
93
767
965
216
977
801
761
912
349
584
452
692
451
851
312
153
554
255
636
940
55
689
766
330
895
746
653
935
7
545
96
199
500
758
707
787
893
437
669
674
594
909
733
683
554
783
983
230
85
374
12
6
653
519
995
77
587
376
707
679
194
630
957
142
122
131
304
730
893
317
716
437
43
753
961
650
403
764
785
805
800
411
658
967
50
979
583
517
956
511
123
585
22
765
477
490
23
241
690
715
876
496
288
70
103
669
259
865
648
195
390
336
405
975
297
223
841
428
769
951
971
347
226
397
319
470
651
428
505
924
358
356
366
43
917
759
496
745
553
363
124
703
90
282
315
57
276
707
729
45
473
912
515
819
37
186
414
619
869
727
440
284
808
959
117
553
985
273
46
382
210
111
880
867
675
226
799
882
640
160
724
358
807
112
153
683
657
659
952
568
397
534
922
506
692
165
101
632
905
637
60
283
106
584
792
988
377
893
340
237
563
690
801
848
147
522
610
740
586
209
853
582
511
893
590
656
695
502
900
208
297
300
618
294
749
197
608
394
958
146
198
478
13
482
763
544
798
315
89
7
829
478
416
852
35
877
307
703
14
56
853
850
447
710
151
918
544
143
602
289
89
845
617
504
645
298
456
514
223
171
500
976
936
58
649
364
146
518
13
568
509
474
849
905
512
787
741
908
324
593
471
263
265
459
477
99
281
346
690
570
923
772
355
833
820
917
155
861
176
594
844
90
844
721
115
144
958
602
44
722
481
110
124947.0
217
332
158
35
722
411
308
319
278
257
722
713
403
439
584
692
184
858
171
124
871
352
488
70
982
215
683
461
818
565
157
112
289
405
916
411
243
243
606
334
512
896
743
251
875
472
93
519
480
723
857
729
606
86
40
153
854
599
476
577
454
915
573
555
673
481
635
859
899
48
731
455
68
25
491
202
903
702
744
344
511
414
332
360
131
327
505
271
535
92
327
517
1
719
199
144
168
106
701
493
752
566
898
842
836
161
188
902
578
477
637
201
222
249
256
545
529
216
102
618
409
867
732
655
941
924
880
945
693
543
631
830
951
167
963
550
132
723
797
690
127
118
533
689
684
829
108
39
726
908
137
428
567
711
580
877
314
766
887
335
113
495
129
117
105
74
929
722
320
281
858
930
24
438
759
907
410
768
3
848
710
480
810
886
213
343
498
55
253
99
901
751
595
94
609
769
928
299
275
598
112
626
440
916
34
458
310
605
632
790
632
25
66
304
212
137
710
196
237
935
56
536
294
373
169
401
654
501
442
665
747
979
654
779
772
710
859
966
35
540
576
550
776
690
92
627
981
86
732
840
383
667
668
982
870
966
917
917
892
150
270
107
728
286
406
713
24
611
871
130
855
349
695
312
391
600
229
28
758
947
519
574
982
80
589
103
24
209
565
590
619
51
551
883
488
440
14
697
571
707
274
744
382
216
895
227
406
517
758
169
936
834
974
516
399
878
679
770
224
261
766
39
990
516
903
329
719
604
669
791
169
518
158
803
668
181
612
2
619
695
179
493
181
344
475
15
291
852
419
712
972
880
317
300
854
188
101
535
79
992
869
897
397
230
136
178
156
583
896
772
754
221
331
639
39
360
870
179
559
94
140
514
851
860
577
397
805
114
50
105
203
432
237
628
470
729
533
230
838
107
903
815
828
351
790
189
997
920
45
166
19
678
203
663
317
401
472
670
699
218
807
342
27
187
481
181
928
488
506
361
314
673
271
547
598
134
323
296
253
31
94
649
660
154
597
542
484
46
112
642
151
674
638
948
851
11
467
763
767
823
107
57
727
448
812
54
438
763
772
425
52
127
647
338
804
266
718
599
11
139
939
36
618
45
72
487
707
793
720
943
321
851
429
468
592
286
814
803
240
735
829
649
452
220
430
115
692
508
692
586
773
95
808
331
89
119
931
963
142
116
281
260
38
721
784
226
876
991
886
37
448
753
992
635
645
950
452
788
626
902
401
711
994
83
495
43
327
848
67
491
671
399
286
868
261
11
280
610
550
93
551
549
99
690
911
624
656
167
384
573
754
699
648
352
459
528
781
389
563
18
526
543
385
628
979
882
686
266
29
401
95
103
505
981
766
764
755
187
160
568
807
769
726
15
323
362
801
83
3
568
383
129
405
184
345
605
61
909
722
570
887
866
586
182
713
493
161
856
385
569
706
789
452
112
133
733
287
165
892
461
670
629
986
265
103
378
143
760
979
481
23
63
827
755
530
721
80
801
149
380
560
443
254
846
444
209
78
943
826
186
305
773
495
120
32
50
572
406
650
229
182
104
997
762
443
682
80
74
372
352
78
728
15
210
179
105
858
530
404
797
424
202
145
195
188
650
486
288
29
23
862
314
136
208
911
679
679
610
816
908
658
498
246
831
411
586
612
270
615
408
404
796
34
802
732
230
116
619
117
487
217
151
4
300
677
266
313
260
783
584
366
90
560
41
832
566
594
500
85
479
69
227
340
450
550
754
21
241
10
416
704
833
846
242
261
55
183
828
107
647
749
92
933
773
326
503
892
35
354
714
487
667
919
552
715
640
720
7
189
703
232
970
90
264
896
297
677
724
379
339
120
619
886
961
97
292
434
996
96
77
64
246
471
717
792
316
921
202
614
715
748
85
907
504
755
827
218
602
739
946
857
133
625
758
960
33
237
875
77
701
987
882
251
246
953
350
188
391
531
486
129
439
762
839
719
302
877
295
343
790
676
510
584
6
78
9
910
719
820
302
243
248
635
557
871
314
850
788
702
444
65
90
372
414
749
561
493
720
231
795
598
671
875
880
813
563
446
825
507
615
708
463
583
419
125
756
27
989
253
507
489
165
753
110
160
285
234
920
300
81
139
375
827
115
509
824
699
716
939
185
312
443
998
754
572
523
646
833
126
69
546
945
434
537
931
394
967
357
324
557
949
69
312
215
126
99
99
475
603
676
551
496
328
927
663
640
820
467
627
260
411
182
34
81
2
218
23
366
386
965
691
237
821
835
373
371
249
340
493
863
126220.0
298
678
670
956
810
564
124
718
548
827
761
224
256
634
23
298
897
109
918
951
833
702
882
931
99
866
25
598
982
455
495
863
38
642
147
581
728
734
411
710
338
169
140
773
558
531
906
384
583
268
179
260
594
994
292
784
966
341
760
466
377
137
772
531
272
520
814
52
630
990
182
497
995
952
354
837
443
337
975
595
514
511
652
566
604
681
140
812
775
813
712
400
387
193
22
903
724
936
548
496
486
463
244
136
220
922
251
45
695
517
306
890
603
677
202
461
14
720
219
470
468
175
500
353
401
80
257
3
44
452
709
141
323
842
114
471
904
215
618
215
118
795
802
331
411
160
889
891
721
59
759
586
427
231
89
185
845
134
882
634
488
428
914
941
326
857
91
366
845
799
607
12
971
598
777
151
859
226
108
166
832
460
189
90
194
722
550
884
374
930
985
219
132
812
437
169
322
704
270
344
193
437
281
180
977
601
31
484
373
245
868
907
902
725
543
949
155
896
79
22
65
552
432
661
768
519
706
594
423
407
255
70
678
318
6
382
208
65
578
426
760
357
984
213
846
288
639
924
280
139
503
396
1
96
842
67
569
21
410
787
72
926
650
617
487
348
190
447
620
871
667
718
835
736
517
383
62
991
325
3
2
453
103
935
779
948
88
804
858
336
116
961
630
25
780
522
479
366
606
351
970
199
808
839
669
765
625
403
675
807
795
217
777
433
442
102
652
195
329
739
464
926
999
421
734
628
989
368
615
226
549
546
574
121
565
842
434
963
689
206
106
439
48
734
613
906
262
155
136
378
835
134
35
607
882
870
595
563
213
65
190
171
924
744
203
784
240
505
122
173
838
745
56
328
143
682
250
801
364
813
357
499
546
97
345
682
151
898
984
835
583
613
982
303
960
212
879
792
225
874
626
266
203
571
40
886
499
140
371
872
943
411
240
351
599
602
5
374
448
801
813
611
385
783
820
812
307
441
283
720
621
389
676
447
658
840
403
713
458
878
194
326
850
908
721
378
57
878
657
418
528
286
345
25
487
955
491
144
491
78
103
853
220
628
460
954
753
221
847
581
486
949
85
635
944
803
520
305
905
769
524
998
408
872
480
601
151
288
957
13
721
147
838
568
806
731
894
156
82
318
685
290
24
734
891
905
949
427
499
369
536
896
424
662
405
946
805
39
633
795
911
664
458
339
814
718
716
56
935
952
710
236
741
349
372
79
546
288
35
170
464
275
30
848
294
960
59
182
230
537
130
503
660
65
319
916
981
451
793
967
373
438
892
225
664
466
247
766
371
488
926
321
847
707
728
403
246
702
788
931
416
373
306
406
588
34
528
760
465
669
536
850
405
5
613
143
725
780
123
460
819
243
510
951
936
554
838
901
334
381
956
897
66
743
462
336
623
167
197
378
206
34
871
737
129
458
165
61
259
511
733
215
61
809
126
350
78
755
634
550
461
468
551
674
107
574
110
311
330
568
324
880
447
243
233
315
399
242
851
634
829
586
451
124
790
883
670
30
521
778
901
188
646
948
866
963
736
623
391
857
827
847
740
181
606
218
535
973
756
664
791
371
247
795
834
886
29
552
29
176
347
811
492
757
142
359
562
746
559
962
849
658
884
776
447
221
263
339
504
147
258
423
170
221
4
345
72
742
445
670
639
138
641
297
860
755
381
320
205
414
699
929
328
635
153
681
484
678
628
470
292
914
462
997
63
423
596
529
968
533
524
684
874
507
597
342
254
814
792
671
972
234
847
714
946
920
954
96
489
445
493
881
299
204
975
490
217
927
347
186
78
319
362
396
58
323
796
936
76
361
254
98
331
778
293
740
128
341
717
734
214
401
79
11
602
706
143
75
210
940
834
787
694
261
413
663
498
785
589
323
152
917
393
485
811
207
755
457
572
37
577
862
842
323
872
903
936
36
282
383
14
143
530
836
60
568
484
558
124
580
301
484
660
181
314
675
731
731
735
219
152
569
955
926
370
918
856
301
27
765
334
821
668
481
195
621
800
117
705
560
831
824
561
543
702
488
932
250
823
140
187
253
625
212
978
441
280
139
533
394
568
441
839
577
877
177
201
89
533
556
388
857
1
814
947
789
136
65
743
901
240
718
152
876
68
193
142
371
456
734
947
641
16
229
482
422
325
80
426
863
607
57
839
393
999
634
278
700
935
443
415
861
610
848
899
987
7
522
372
270
34
510
472
166
154
332
728
556
997
819
641
788
927
968
607
698
935
567
670
14
751
716
827
178
832
709
165
586
410
163
126173.0
964
367
194
92
936
342
58
248
738
214
747
764
813
297
245
729
789
847
513
50
601
377
528
139
795
128
524
435
413
490
451
180
502
265
222
365
387
175
953
365
996
924
534
142
823
468
128
668
90
735
158
801
154
69
559
165
642
615
140
562
645
913
468
512
92
541
623
983
974
92
802
465
549
112
477
186
609
709
298
322
454
405
754
343
750
287
62
288
73
93
593
591
89
721
786
84
774
38
555
460
525
469
509
826
116
31
57
872
442
385
154
45
865
292
693
543
441
317
32
531
142
883
247
734
864
995
236
954
355
601
255
879
491
234
186
443
960
773
542
825
418
249
588
613
264
812
970
47
924
861
289
474
965
797
812
857
195
874
108
299
420
653
855
69
738
235
481
569
776
104
842
973
163
366
468
816
391
696
352
788
179
546
440
979
781
190
721
162
349
106
762
702
65
136
317
806
863
376
304
710
263
573
784
875
112
304
739
482
570
689
142
35
616
290
441
42
373
92
245
922
528
404
23
247
98
514
495
459
738
642
272
958
889
652
178
707
863
872
713
572
577
699
681
702
508
761
287
50
914
784
302
608
477
958
939
986
209
893
42
199
740
47
39
318
558
596
461
606
298
223
827
355
248
272
131
666
71
102
416
911
559
587
935
153
991
52
420
198
234
750
866
85
588
968
663
544
216
643
98
717
973
729
292
127
721
136
254
534
1000
106
580
713
53
523
514
934
99
728
579
351
707
35
161
488
645
289
759
677
569
728
788
377
921
918
888
139
467
99
277
725
766
505
390
326
94
51
929
855
278
666
417
859
250
415
67
109
652
473
59
927
778
778
444
327
25
298
556
476
910
879
593
170
483
600
430
304
14
194
644
151
409
436
365
934
666
339
666
187
380
199
852
329
431
764
766
776
315
173
750
61
772
698
980
448
500
211
59
905
560
58
598
598
979
579
815
324
55
707
430
139
989
416
475
155
442
131
577
544
688
306
638
588
351
486
268
216
119
373
827
190
352
683
418
140
78
542
405
193
866
680
728
684
730
1000
72
73
273
933
538
871
402
108
603
395
185
104
991
735
803
511
290
13
548
410
618
238
253
681
727
219
123
1
377
155
354
431
185
761
950
980
197
756
472
391
977
255
514
918
924
741
510
679
737
351
494
10
242
615
427
626
864
134
263
254
645
12
688
992
666
111
81
306
990
610
990
370
125
912
765
132
434
831
302
642
200
973
924
682
798
738
111
734
11
132
900
128
910
839
429
519
152
538
420
924
794
68
188
497
701
52
563
619
278
789
795
527
763
255
81
456
41
754
916
367
271
562
245
264
345
52
572
646
202
516
408
968
139
201
730
363
211
58
43
906
199
839
379
198
345
501
507
680
867
95
688
506
542
108
586
580
333
3
1
351
204
594
145
845
630
587
329
866
756
296
39
495
90
880
747
443
979
845
398
266
268
719
769
166
682
476
413
528
569
333
582
407
852
685
828
463
298
52
169
790
301
785
510
775
850
271
554
384
463
808
985
205
424
916
102
127
476
902
186
44
789
58
528
453
207
213
140
90
742
905
978
690
959
68
642
353
557
633
87
203
453
184
867
358
690
769
569
273
280
193
614
597
72
258
319
29
787
331
166
178
220
720
65
645
428
859
227
672
94
864
359
728
788
289
250
351
902
783
529
762
445
275
219
668
777
613
633
143
996
398
438
367
308
307
270
627
46
4
167
19
697
656
839
410
57
456
241
241
273
537
495
728
142
152
521
234
531
803
965
206
433
158
229
867
494
651
644
107
744
811
136
413
264
154
498
790
992
612
672
704
843
615
844
95
812
691
801
852
40
265
201
263
848
692
833
220
111
520
333
972
931
261
18
880
33
21
323
151
774
794
825
295
431
154
970
716
244
56
522
512
734
857
648
595
734
926
936
126
359
659
394
74
676
965
141
560
728
845
856
236
75
496
868
430
370
370
377
419
329
739
279
390
551
279
982
871
212
352
981
30
448
69
654
780
44
262
282
203
291
419
673
375
955
799
670
508
341
223
593
526
939
474
880
834
533
786
988
701
885
778
998
549
328
795
600
674
193
529
309
400
633
920
727
828
985
475
542
134
793
191
859
183
463
939
638
23
413
325
214
92
17
793
207
684
414
212
932
380
793
701
60
520
781
924
439
182
326
972
331
598
407
366
907
208
915
458
882
231
705
129
517
96
920
551
43
793
893
413
586
912
583
622
883
441
534
236
450
253
113
36
665
375
85
377
555
957
375
274
510
884
223
249
966
486
594
909
125898.5
800
651
496
943
147
750
378
664
384
815
755
286
581
802
577
316
114
178
385
940
970
612
119
860
203
789
28
612
868
559
822
864
179
792
733
568
331
892
754
594
924
119
548
895
427
531
819
352
522
180
48
289
599
923
852
817
190
458
672
418
982
36
508
417
156
452
305
83
126
871
406
510
706
983
929
760
194
226
44
612
840
625
887
757
916
644
692
697
42
822
659
334
159
193
768
990
676
872
804
458
547
625
623
105
664
997
25
131
856
519
754
969
454
795
221
394
365
589
11
412
804
21
365
337
116
81
494
37
427
452
595
172
898
795
268
650
327
273
192
134
596
823
265
352
154
213
896
915
377
236
709
442
60
169
160
198
984
173
885
792
822
291
31
870
119
796
444
440
820
816
717
18
508
559
579
132
357
370
379
256
531
508
846
70
25
742
517
810
218
840
864
268
848
918
742
263
214
665
832
349
924
406
550
197
925
637
843
434
26
295
641
915
73
629
622
968
821
985
644
114
414
508
104
783
827
429
537
446
83
340
503
36
420
363
862
245
530
129
122
515
634
306
725
215
616
264
352
855
907
291
846
297
816
71
395
52
877
183
634
868
576
857
536
624
968
463
405
346
283
695
94
596
19
811
256
314
611
799
59
45
200
401
948
939
917
919
316
840
846
306
396
962
375
75
703
513
272
318
555
322
329
237
177
946
160
955
495
553
244
837
482
270
113
394
11
160
445
353
84
567
848
981
833
466
528
615
314
337
726
295
345
599
510
120
366
910
502
934
788
205
540
557
890
706
845
984
738
63
873
404
622
226
213
683
501
808
725
482
19
92
677
314
703
635
549
617
489
503
535
52
503
861
152
321
422
661
701
827
161
926
259
547
876
119
507
605
742
762
588
718
242
603
351
176
471
134
255
797
997
929
543
259
296
606
125
816
530
83
690
969
204
331
42
453
404
765
838
301
670
948
13
485
741
827
421
969
52
524
91
743
43
330
876
603
424
874
153
689
718
817
548
385
762
815
380
479
98
890
940
340
208
225
183
66
477
905
696
136
652
208
452
922
756
524
88
852
424
319
828
521
768
960
670
593
562
812
86
353
88
758
220
900
181
795
784
520
808
224
1000
106
857
298
145
568
469
806
317
64
898
304
149
296
571
574
238
973
814
342
897
437
755
882
408
829
109
889
653
90
976
853
496
630
81
358
289
539
502
13
360
924
647
84
830
269
653
83
388
394
779
191
204
313
415
950
627
838
881
140
566
383
797
455
209
24
545
901
92
457
350
980
63
374
214
223
846
398
651
827
34
553
330
226
135
642
335
356
87
727
538
886
878
347
299
412
917
68
727
843
99
551
296
921
766
135
977
173
607
845
929
450
976
377
341
906
117
509
437
942
743
441
664
934
824
737
268
480
116
212
671
352
673
62
874
740
591
595
359
192
729
629
552
141
480
656
587
349
601
852
619
473
722
504
25
653
576
625
892
362
154
522
881
970
360
228
712
166
872
213
826
818
277
716
275
147
426
875
413
165
784
857
563
95
146
874
323
961
78
627
337
878
125
871
70
89
754
253
820
855
401
622
253
467
352
726
136
888
884
729
994
192
546
697
669
826
874
394
935
700
634
990
823
646
668
724
752
366
497
372
632
115
241
386
169
145
568
191
716
647
420
663
214
223
175
264
347
718
749
396
427
434
482
949
761
626
247
719
560
621
406
313
131
957
999
904
522
335
624
563
834
490
576
827
253
547
128
354
647
855
295
750
706
152
91
757
573
878
473
217
811
307
356
827
84
186
958
499
301
891
784
242
162
442
128
210
860
448
484
904
850
338
566
98
388
745
155
659
311
343
632
692
694
578
359
15
418
703
160
184
157
946
823
850
454
215
808
664
187
768
195
298
522
924
728
554
162
152
943
339
749
61
922
796
509
304
148
840
976
113
65
512
260
58
903
670
177
425
817
550
880
539
57
561
390
346
726
514
467
705
144
29
47
720
643
982
59
986
798
137
311
672
980
736
54
622
261
696
760
277
398
488
697
764
877
465
459
506
495
123
392
279
393
326
597
230
818
497
947
117
893
234
355
390
735
512
467
73
535
154
202
601
975
903
436
825
269
721
394
135
219
903
218
644
981
881
138
302
327
320
405
709
712
533
329
364
328
580
429
160
103
792
483
3
175
362
275
556
996
845
414
556
388
771
928
900
451
936
494
474
744
159
357
635
223
135
265
436
943
603
977
671
106
716
971
902
833
584
939
542
604
22
335
755
791
67
216
693
81
426
914
182
131539.0
447
280
481
150
415
214
832
385
829
103
210
642
413
113
709
674
962
784
73
2
744
307
862
118
720
270
88
340
667
395
494
42
725
255
635
407
565
198
134
410
402
913
50
186
69
370
227
671
879
866
355
638
411
156
276
214
877
510
775
563
621
878
163
524
989
620
771
892
867
224
370
417
371
45
73
278
410
857
461
325
583
314
428
242
918
334
252
265
805
272
539
685
899
902
91
12
984
76
129
583
898
282
284
935
202
80
706
857
538
538
671
70
587
171
559
629
442
383
503
625
809
889
204
613
597
923
928
921
208
496
236
918
310
241
528
273
823
770
989
954
956
138
926
550
295
737
639
26
755
806
337
553
365
869
146
731
135
739
511
195
797
711
922
41
20
114
540
557
685
252
139
970
218
386
331
965
178
707
441
832
848
512
681
942
229
226
836
198
249
257
610
808
444
67
72
781
250
299
100
632
634
657
443
831
313
463
335
599
880
691
570
103
676
448
305
67
834
19
688
932
516
395
126
139
737
494
630
506
112
576
199
896
506
725
806
723
665
810
91
535
694
613
350
748
962
722
995
116
808
634
939
643
792
892
921
858
828
753
494
56
979
49
440
307
168
626
651
637
978
313
768
441
466
154
565
710
553
131
79
967
334
546
570
20
417
99
402
213
484
596
874
21
598
867
936
485
576
637
199
604
22
781
405
106
358
87
25
369
101
151
939
635
882
683
197
775
673
624
710
355
325
97
840
439
628
414
700
702
390
678
244
444
403
857
407
158
866
4
57
852
711
431
974
223
418
27
240
951
188
636
358
725
471
281
560
290
844
487
480
994
17
589
396
324
357
322
724
469
531
879
149
227
683
779
964
329
409
240
196
132
834
535
303
861
319
454
643
154
255
320
711
361
152
895
220
857
476
288
751
127
715
714
960
474
838
188
359
826
287
73
921
723
717
453
228
135
862
612
125
95
806
548
811
105
717
115
76
413
883
264
14
577
113
333
751
181
360
407
662
272
817
595
592
243
547
514
937
99
559
702
354
780
318
929
880
56
538
852
413
707
756
10
235
530
671
66
962
657
208
547
636
111
233
435
550
281
707
688
464
227
961
191
64
204
348
550
689
705
284
901
664
771
785
498
308
290
124
844
824
603
791
738
137
386
5
45
60
715
530
630
191
103
636
125
905
47
366
997
719
161
151
458
438
634
229
490
8
955
290
88
828
887
52
745
462
818
259
604
848
739
342
746
697
114
991
129
471
844
244
522
492
614
868
984
870
73
411
586
443
111
908
610
630
726
19
622
712
156
280
446
981
847
796
451
117
658
346
218
890
164
19
611
702
664
35
976
976
100
951
382
297
52
573
915
736
787
802
204
656
545
621
565
753
146
57
562
223
109
529
492
909
46
122
204
163
438
517
786
603
662
940
898
197
207
825
379
736
808
878
271
227
801
197
346
986
565
909
236
700
527
336
462
853
294
685
405
575
622
943
550
967
21
865
812
367
901
580
868
515
158
916
184
779
883
529
204
272
856
493
181
633
880
20
45
914
11
374
382
902
193
257
226
959
952
229
715
38
54
241
387
981
611
324
248
144
100
465
233
903
754
279
245
585
196
972
636
934
400
819
106
846
353
873
325
418
681
264
699
65
833
703
709
322
832
472
749
885
344
21
335
246
871
116
698
252
357
776
507
507
490
113
119
315
444
222
229
541
348
450
718
820
13
272
66
167
721
926
460
832
609
634
207
219
417
242
689
137
150
600
171
325
836
9
216
771
204
68
733
852
768
258
94
876
754
563
551
922
26
891
750
835
476
553
851
673
500
343
47
985
566
988
923
817
251
596
295
775
735
111
259
627
420
712
975
884
342
410
897
655
89
538
119
54
823
76
372
837
179
30
706
803
142
341
515
122
791
503
628
453
977
243
202
271
693
953
146
741
932
723
574
903
900
369
371
785
549
986
375
858
526
956
476
730
614
130
445
848
281
435
884
926
189
497
87
204
110
114
828
902
330
116
197
442
437
327
394
885
724
768
472
216
205
585
557
182
489
531
845
953
674
973
588
568
683
573
491
451
821
560
721
995
552
236
424
663
828
266
896
763
479
482
134
733
226
60
284
546
875
345
113
403
294
998
27
495
605
150
741
784
196
446
507
337
671
520
491
111
794
970
298
9
956
97
619
327
452
87
133
883
382
463
282
559
159
410
90
292
454
355
936
928
387
969
965
287
500
369
468
555
250
549
355
783
188
17
464
448
383
396
946
411
223
980
891
175
332
941
642
617
746
