500
8
124488.5
869
948
608
560
874
326
334
564
316
791
201
667
386
874
514
762
906
344
823
299
834
746
346
222
933
666
939
126
466
139
120
306
285
145
109
123
483
36
674
832
280
183
199
818
384
315
825
922
328
1
522
374
920
806
754
837
239
188
683
639
972
97
497
596
306
246
901
631
650
656
368
313
489
68
855
979
50
45
619
510
452
943
773
315
98
765
976
718
881
869
244
253
234
339
875
980
862
828
263
972
250
462
993
573
443
578
809
387
199
129
10
407
893
741
663
323
868
5
323
362
942
243
187
170
117
971
856
713
262
987
622
849
829
761
15
462
29
648
502
515
409
537
565
623
541
414
911
696
940
159
692
788
99
456
459
274
358
938
391
132
885
866
202
452
416
289
992
510
347
957
959
890
699
738
26
694
347
661
844
456
239
732
802
168
338
548
560
407
665
743
712
811
646
398
139
214
809
862
886
31
202
308
209
207
660
59
692
991
886
955
156
702
2
178
947
288
570
402
762
36
504
195
398
179
132
734
448
466
757
289
716
50
794
401
551
71
809
260
51
693
422
53
985
530
253
851
547
764
948
940
609
909
78
744
534
731
675
157
916
704
81
823
452
391
368
804
119
54
624
608
966
408
991
418
526
14
815
315
53
46
908
540
446
175
360
629
451
669
129
340
69
257
228
325
170
552
781
66
109
789
415
821
361
715
848
945
599
936
980
108
741
826
164
880
729
886
523
123
388
88
667
1
500
526
621
502
941
735
423
938
668
976
467
882
658
444
524
625
900
31
119
738
643
59
330
61
251
164
707
196
534
263
481
939
860
275
126
244
385
419
932
83
801
855
627
920
261
424
652
258
894
60
696
453
999
285
509
233
221
481
798
697
853
544
429
190
563
680
782
47
64
197
19
414
15
21
718
745
834
403
593
485
823
623
291
265
23
895
305
322
558
593
220
625
42
64
73
904
45
686
653
73
556
960
850
288
183
510
829
382
249
950
552
126
16
960
44
146
149
608
943
42
714
261
707
949
622
595
51
573
895
444
503
764
687
169
652
635
121
534
511
281
409
170
577
894
295
176
457
277
451
547
320
562
668
70
925
55
314
228
876
645
409
784
315
125
751
828
841
788
63
647
507
386
90
875
403
955
525
383
217
99
114
153
895
935
927
831
235
292
767
841
116
192
368
52
694
175
661
114
168
978
274
125
670
558
842
674
883
325
63
81
408
5
311
888
981
316
719
391
570
273
500
544
507
689
598
424
498
892
28
208
718
708
359
24
143
119
87
573
629
375
425
303
897
652
14
733
96
642
439
611
237
187
777
782
571
542
697
927
241
59
415
991
757
93
710
350
814
272
351
46
95
497
692
448
764
886
760
22
74
390
98
962
624
271
604
902
320
704
57
706
744
536
699
175
787
579
383
123
137
659
472
716
107
722
955
641
274
591
154
323
560
566
109
614
602
570
246
23
886
661
755
340
638
634
760
628
636
954
357
773
290
924
639
962
580
315
890
438
499
810
71
856
21
359
494
721
201
702
565
611
512
271
477
400
468
994
595
770
839
84
637
934
347
252
865
432
261
610
678
614
996
626
234
448
667
724
190
370
44
976
416
419
846
45
762
622
288
175
931
629
392
12
185
424
715
434
964
212
749
330
688
594
22
232
823
320
690
416
344
598
916
327
313
769
31
737
30
456
158
90
91
1
360
173
964
435
465
87
562
241
663
287
260
975
167
636
880
614
372
647
270
761
451
352
11
656
838
208
536
192
240
287
659
808
251
789
583
535
3
735
830
501
599
114
759
430
596
963
350
948
915
995
656
995
99
654
713
346
571
329
70
594
727
590
942
902
333
103
537
736
158
794
265
247
154
851
501
20
18
456
432
188
785
444
500
39
348
728
704
135
269
132
361
905
753
329
577
345
667
169
267
256
347
997
511
797
732
565
68
571
989
729
616
517
183
46
687
274
558
546
349
524
497
12
622
5
630
264
26
508
805
874
153
920
78
959
15
818
779
405
801
601
831
654
209
605
247
474
31
94
884
652
424
381
16
202
714
620
660
704
294
888
510
824
835
153
579
533
761
394
371
939
175
375
596
308
184
173
144
588
339
967
743
656
849
983
746
452
116
689
269
566
464
256
532
510
622
378
132
503
101
518
25
293
778
15
62
278
393
614
212
544
811
89
965
974
337
438
163
63
602
308
369
518
76
88
141
382
424
921
708
513
100
820
810
927
76
801
485
479
805
930
773
754
383
290
397
918
584
553
677
487
561
186
610
184
737
699
123186.5
468
99
599
480
953
767
358
502
614
152
813
419
772
169
491
150
540
723
497
753
535
261
813
709
757
242
497
890
865
912
993
698
55
942
436
815
126
899
683
159
761
834
268
190
310
638
472
92
996
964
668
552
144
214
309
70
668
793
159
377
324
965
757
461
50
773
903
385
515
275
459
680
967
964
65
10
911
954
318
406
900
25
714
783
92
149
758
313
543
194
481
670
894
683
586
54
830
184
695
97
654
453
18
392
786
397
869
554
361
773
991
680
855
338
640
613
260
955
467
562
644
850
450
930
358
2
69
322
529
91
332
158
11
221
173
457
726
442
415
527
312
377
734
358
98
674
231
279
549
913
347
173
652
586
850
654
465
156
525
828
891
101
496
566
747
782
337
549
910
133
209
206
623
220
581
360
73
334
14
522
736
341
701
740
138
382
538
545
106
181
333
145
316
577
860
728
919
74
396
921
651
670
424
714
513
856
514
90
863
1
84
321
844
783
487
702
998
680
323
871
610
819
572
820
789
189
58
452
487
742
794
965
678
575
515
875
882
706
43
376
205
927
636
563
353
117
480
270
616
51
952
38
674
180
497
287
310
800
250
300
808
210
875
642
851
280
634
943
224
344
119
680
287
490
543
931
790
617
480
874
455
515
127
760
685
292
999
351
566
707
220
766
180
603
584
457
97
974
465
203
936
181
551
325
84
141
477
10
663
854
798
142
421
93
738
68
211
815
370
865
693
964
490
518
946
475
830
170
47
137
332
62
7
43
461
579
79
420
299
953
139
249
144
939
854
971
30
921
126
751
729
772
1000
105
538
644
20
788
674
572
482
860
780
137
307
47
767
558
424
789
559
842
627
610
326
630
622
781
902
537
254
376
297
382
452
847
523
221
375
947
797
809
297
641
991
947
215
204
749
526
39
427
694
335
694
700
571
122
724
606
249
338
158
455
122
890
929
136
112
244
816
840
719
27
557
666
691
406
640
536
956
8
549
916
771
56
448
886
341
448
479
901
725
759
271
4
301
321
958
523
97
622
587
298
510
753
638
445
24
491
405
710
371
783
746
162
770
868
756
797
629
539
528
450
71
876
600
853
62
831
321
285
265
123
276
810
278
78
295
274
185
275
360
535
903
162
310
89
456
528
441
907
800
924
591
42
543
172
549
697
433
223
481
856
972
893
550
893
737
840
485
48
674
892
276
480
497
247
504
705
132
900
343
934
379
81
156
676
887
614
371
801
381
392
996
351
607
497
872
147
641
883
135
201
904
983
404
802
406
360
834
623
827
705
118
439
541
235
632
388
799
481
31
729
215
257
599
378
441
168
438
991
384
56
342
850
602
712
113
631
562
925
307
526
219
479
218
60
357
918
464
669
61
98
840
673
126
133
358
330
645
273
924
507
128
833
251
415
543
920
184
390
450
371
907
349
755
414
72
431
252
599
380
407
418
389
338
481
73
981
468
295
340
598
419
397
586
416
591
82
713
223
198
5
981
34
158
780
128
617
859
257
246
238
443
636
440
278
39
203
217
296
58
629
296
660
972
1
914
299
292
926
301
58
968
800
353
481
121
410
605
332
96
330
581
588
694
215
622
584
790
118
881
622
276
874
732
281
171
843
636
396
29
914
676
534
12
508
609
832
466
656
171
344
474
674
765
729
937
541
737
487
340
707
898
217
327
348
606
540
715
971
725
953
834
728
869
472
151
964
829
841
991
719
671
50
722
344
799
476
622
329
898
193
643
712
321
274
395
866
915
900
454
753
129
165
38
141
582
559
163
351
478
465
455
899
64
563
572
115
624
76
794
25
335
87
521
413
232
621
806
701
387
339
501
396
691
179
238
799
137
336
709
124
764
776
25
229
817
971
570
606
538
816
106
645
330
977
810
212
225
851
49
800
51
153
470
582
435
573
787
752
642
649
496
29
663
264
586
482
700
385
564
281
629
435
986
929
110
701
551
406
789
426
364
894
292
996
167
831
52
424
165
31
426
122
670
123
430
166
563
675
884
380
917
306
578
465
23
523
375
874
362
348
302
522
374
711
332
418
49
217
530
113
635
118
3
842
476
481
903
531
438
155
48
565
920
650
407
788
870
464
418
100
301
290
876
37
89
637
46
391
326
388
543
781
320
449
814
631
1
580
811
565
305
705
734
953
637
634
125
439
409
419
33
838
171
117
643
518
448
887
605
633
479
424
684
833
588
579
790
10
276
534
203
233
360
141
24
174
232
444
929
118
756
199
50
781
29
86
11
365
418
600
856
753
862
738
628
233
125505.5
792
924
894
527
278
141
948
408
551
924
378
502
945
834
618
859
493
346
219
152
972
693
514
294
741
800
641
205
929
70
931
362
531
5
326
271
495
109
391
745
487
149
529
718
853
441
239
922
364
93
950
537
344
785
133
967
885
222
284
603
504
74
865
508
297
146
996
583
3
762
424
344
261
96
209
974
40
68
938
638
899
906
336
189
887
809
121
697
640
759
972
300
238
228
790
853
805
769
304
811
217
533
379
543
999
531
814
349
788
232
705
355
817
713
56
457
938
55
281
369
346
214
940
5
484
903
523
706
431
877
79
898
245
746
510
534
722
566
780
450
110
669
766
670
574
267
827
770
454
38
661
779
810
494
77
436
797
745
779
159
95
822
189
370
725
212
495
446
556
877
117
696
957
789
626
675
573
724
448
419
87
568
966
296
956
630
958
478
224
907
963
756
867
485
11
242
39
991
62
128
776
324
47
282
23
62
634
922
841
991
888
654
67
254
788
363
433
284
716
49
41
188
425
176
548
803
612
449
864
234
123
119
91
517
690
124
115
292
404
688
29
52
207
387
34
851
422
653
745
964
718
895
280
797
434
733
811
138
394
737
237
765
479
453
237
740
435
126
472
616
100
258
535
580
819
57
792
322
480
75
204
459
3
324
280
728
716
707
540
274
700
200
453
356
672
476
942
59
464
743
671
876
574
772
20
894
816
983
455
59
53
847
389
960
756
852
442
132
4
111
358
98
940
560
492
518
727
742
671
891
916
942
72
886
2
449
120
659
156
31
823
796
689
34
520
87
969
56
142
277
254
215
216
835
795
443
127
255
596
428
390
136
138
806
142
878
246
352
127
202
712
118
280
478
358
307
541
180
992
434
78
613
671
585
773
82
850
757
587
67
897
221
985
377
209
42
279
824
61
552
164
626
450
718
117
223
698
883
991
325
871
623
413
623
924
88
54
953
666
731
8
156
797
946
766
356
593
694
863
499
684
984
263
61
184
973
514
176
573
596
250
158
822
294
294
902
218
696
907
407
888
466
706
648
988
158
690
531
247
491
963
359
755
162
49
859
326
189
126
134
368
538
888
515
256
77
403
230
345
164
740
754
570
858
510
217
210
971
103
636
380
753
354
410
260
900
37
836
549
444
429
147
744
89
585
994
3
804
307
337
188
806
378
229
233
56
38
126
380
208
739
867
748
136
983
605
605
735
427
315
903
188
300
58
478
959
790
400
346
452
570
211
722
518
391
726
226
524
571
845
757
214
888
808
154
28
640
203
846
608
71
292
167
324
628
549
193
703
140
606
324
555
923
282
178
828
464
717
1
913
672
108
638
855
274
98
475
295
988
364
12
55
387
452
190
471
552
886
247
98
351
263
105
959
421
229
522
809
715
593
716
744
691
465
803
218
115
569
906
41
488
631
49
639
476
593
531
530
545
626
325
393
809
655
385
616
737
447
721
113
903
784
437
462
850
547
318
583
428
852
145
755
71
961
846
879
118
259
641
361
213
785
299
845
881
357
494
794
666
776
319
643
601
389
388
314
352
901
405
765
167
173
136
962
770
191
772
611
129
579
686
572
115
748
718
359
978
806
249
470
653
899
13
464
204
212
174
818
437
172
201
551
700
82
236
531
716
417
389
189
975
416
23
558
810
294
705
252
483
508
549
613
930
248
614
854
817
557
447
435
298
129
833
56
157
173
172
436
118
8
472
108
990
302
209
881
377
614
923
437
515
602
46
873
467
261
848
657
621
149
865
126
89
294
683
862
655
921
910
503
855
745
502
486
221
166
22
511
781
902
574
912
931
985
863
863
638
632
650
425
329
363
107
641
6
615
818
852
781
283
661
698
211
936
824
211
540
729
714
87
180
348
147
105
613
352
785
25
347
696
680
119
716
207
372
753
410
323
873
514
999
270
958
369
701
933
683
762
811
528
796
561
933
658
836
493
934
113
309
292
59
573
361
601
742
114
161
65
600
169
572
530
730
963
963
904
690
972
420
804
440
368
868
566
91
731
283
559
758
507
868
33
592
697
230
473
749
329
404
540
536
812
223
852
551
824
291
198
740
437
206
557
31
870
109
358
721
261
481
134
209
607
994
924
205
612
790
959
385
359
471
564
90
562
69
194
420
645
488
311
642
454
486
460
738
363
480
102
724
308
655
583
512
537
561
145
15
891
412
479
465
163
533
467
353
578
406
127
432
445
272
962
986
383
713
747
204
894
29
812
318
634
850
961
66
828
813
177
781
986
285
651
184
451
513
224
693
197
822
830
120412.5
528
81
163
455
631
863
374
645
688
107
435
460
419
144
320
132
579
698
836
795
148
265
254
721
768
263
220
759
969
951
883
567
808
969
415
672
66
925
562
351
812
819
539
197
699
499
227
17
622
816
813
493
305
213
174
49
724
793
141
491
28
917
679
579
276
910
468
396
567
174
960
687
23
894
159
99
565
848
484
338
179
23
602
837
884
227
71
360
184
190
889
635
24
768
403
121
134
166
379
242
61
437
535
375
540
460
122
565
369
843
712
669
351
331
477
618
588
902
929
646
236
820
414
984
913
48
211
283
138
173
583
71
861
256
193
450
80
355
97
481
13
335
328
235
183
707
418
228
471
959
147
270
898
549
41
598
819
276
209
894
493
204
808
583
555
794
531
520
7
91
880
388
670
297
53
267
360
214
993
596
48
478
447
605
555
459
703
436
3
33
371
236
281
543
986
742
518
104
949
937
709
707
431
778
272
899
733
105
769
42
359
426
85
774
609
574
58
714
166
920
159
875
217
760
148
206
261
544
778
767
507
818
342
472
927
844
182
787
507
305
779
946
992
713
215
79
900
447
535
101
618
13
933
172
105
197
620
766
149
316
7
251
22
478
219
344
883
806
825
395
980
706
377
378
225
953
258
586
997
909
720
444
374
641
146
185
638
304
107
714
887
891
746
715
524
516
755
861
99
208
475
98
570
152
821
26
547
89
132
855
149
63
159
65
972
103
574
883
150
856
579
806
198
356
617
528
939
249
388
106
263
2
889
20
814
535
887
393
482
894
578
112
107
898
546
999
65
949
409
798
827
717
597
221
732
632
519
669
938
506
507
869
908
235
98
170
187
713
358
849
583
968
570
526
772
618
174
916
886
526
38
312
454
482
7
960
587
310
781
886
602
860
382
653
835
985
925
141
291
499
70
387
404
315
214
818
309
177
630
693
82
406
402
384
320
895
658
114
684
208
60
776
381
50
200
604
116
357
619
598
57
64
482
846
327
96
311
857
447
461
709
803
979
714
907
56
606
235
45
683
640
569
911
386
570
874
58
521
417
586
339
725
651
858
762
56
11
711
548
767
434
363
481
569
211
844
951
691
311
893
89
302
119
78
293
716
128
22
323
388
910
249
1
654
148
134
364
116
416
578
597
860
920
969
610
27
839
129
120
620
542
279
411
765
449
942
712
951
911
847
941
77
365
832
49
440
580
169
704
585
125
859
199
986
943
140
484
572
515
528
465
754
188
578
186
291
380
567
530
107
391
795
365
226
937
889
947
771
724
396
845
614
810
754
409
428
516
300
262
315
571
539
333
699
360
123
837
317
520
75
270
972
154
202
656
866
814
691
590
561
950
899
747
644
615
447
775
66
885
907
88
706
983
96
992
734
226
226
793
443
265
241
223
553
255
872
759
486
842
961
258
337
673
404
178
420
582
452
387
359
152
666
220
274
251
421
193
548
403
916
763
300
638
486
229
450
32
422
998
233
333
192
828
88
735
89
821
670
497
548
928
291
443
160
416
635
707
235
16
138
823
334
316
559
346
724
623
123
821
254
922
808
866
110
54
808
895
463
215
418
42
443
104
285
478
720
72
103
523
447
868
181
659
485
271
860
29
183
499
778
437
408
566
845
680
507
519
488
89
834
494
624
693
542
395
726
593
754
591
444
335
324
138
768
959
182
430
469
863
497
608
915
961
981
474
898
226
518
972
987
651
955
455
679
20
111
16
316
26
617
542
388
614
92
729
703
16
362
502
913
793
878
447
731
364
83
918
174
83
516
644
190
10
466
632
753
632
530
124
139
246
36
34
8
840
217
916
318
119
573
956
600
296
370
683
330
350
238
868
745
833
227
375
16
553
861
765
299
471
837
893
678
211
821
826
603
460
938
489
245
563
798
402
696
20
331
461
603
127
539
610
720
248
625
180
105
855
175
785
550
694
441
36
413
438
549
96
906
429
717
527
337
104
493
485
801
878
885
544
882
692
540
236
6
526
29
723
10
463
277
501
616
567
479
32
174
98
519
863
434
313
999
802
235
1
503
524
681
5
512
861
209
450
211
818
215
571
757
37
508
754
447
129
141
434
717
532
797
568
958
876
378
385
19
620
412
703
122
224
584
76
458
656
438
90
853
141
257
721
599
925
576
721
495
6
709
221
897
152
627
389
509
521
479
834
808
683
19
619
530
806
833
381
552
129
408
627
851
269
563
245
138
455
538
925
329
856
130
973
221
343
388
281
106
248
156
584
881
997
43
430
315
827
573
548
685
674
745
621
155
120182.5
182
978
242
537
358
144
436
423
399
975
239
561
864
937
845
905
415
287
141
262
729
815
811
270
767
757
854
229
189
88
296
437
674
27
65
323
357
129
603
590
367
258
64
886
55
443
646
913
942
236
81
495
350
867
590
906
180
194
748
458
355
33
551
519
332
7
809
698
602
750
802
410
923
161
403
877
28
144
334
684
996
909
107
219
54
673
513
587
394
791
575
373
299
231
208
928
935
916
560
846
566
622
970
545
782
548
217
534
42
150
265
363
94
753
141
444
174
154
278
290
780
185
528
85
460
939
564
769
479
742
840
997
927
687
973
464
613
690
449
544
242
641
212
753
490
236
803
728
367
35
487
643
951
361
27
468
821
751
318
24
855
794
505
319
377
159
229
416
618
897
18
616
373
652
354
788
580
828
154
474
792
564
615
365
602
464
934
592
473
991
490
765
288
460
740
275
107
891
476
84
437
275
862
261
223
162
364
979
228
908
748
488
37
300
524
481
642
211
73
33
753
175
345
228
494
775
650
425
281
326
407
182
648
448
153
114
702
159
508
717
13
74
731
238
92
950
657
459
446
997
829
919
128
829
383
836
164
236
310
601
803
678
787
431
174
566
801
203
365
583
568
350
535
565
161
74
882
455
570
93
471
604
503
386
5
835
755
682
297
214
230
14
906
325
466
571
376
190
488
751
287
916
705
783
120
937
219
950
632
67
894
877
889
922
226
981
794
182
990
142
432
266
712
620
491
473
536
820
145
942
418
988
805
982
982
446
163
525
105
182
948
903
73
72
503
95
55
87
938
126
209
285
738
814
32
400
119
288
831
440
87
34
188
840
966
734
690
344
681
63
496
98
34
383
506
334
605
93
198
468
586
653
760
584
815
83
953
726
606
209
469
223
581
382
687
35
536
770
198
459
408
615
141
641
108
237
653
751
718
253
525
655
13
561
574
121
577
894
116
808
748
177
788
924
75
496
587
649
829
403
71
916
148
104
748
896
945
237
134
486
802
259
67
200
912
898
267
796
94
263
400
419
577
699
668
216
362
410
467
480
540
350
203
199
290
901
484
313
48
194
477
724
995
376
816
179
60
358
594
122
345
712
271
946
942
222
192
887
811
523
34
716
382
416
790
809
709
875
670
517
976
206
715
12
10
915
579
782
398
429
75
811
670
142
97
32
851
47
637
110
894
941
262
248
750
582
982
808
373
448
278
155
69
54
644
792
29
428
611
430
136
152
775
394
308
658
331
510
403
844
476
131
399
832
652
116
48
327
670
585
3
286
889
330
82
552
717
708
786
773
305
367
520
368
160
808
266
657
898
936
955
87
377
723
204
90
292
241
686
404
277
187
343
323
265
536
190
950
29
20
216
249
974
822
308
214
391
710
121
644
865
835
378
372
715
126
454
458
421
1
301
745
53
545
776
648
397
534
851
651
618
324
49
806
576
645
846
519
844
125
688
769
353
568
443
570
627
559
128
742
55
859
58
885
808
895
294
394
397
531
653
679
244
927
612
358
181
773
259
780
676
755
107
341
127
349
462
932
301
780
156
182
536
808
550
94
48
603
926
645
409
603
891
702
419
226
67
951
410
464
940
791
6
555
626
49
799
736
704
155
704
545
673
197
740
564
603
581
405
123
669
434
169
465
401
274
881
150
52
505
596
658
634
232
656
796
742
486
793
413
67
102
526
92
831
144
575
495
971
82
471
17
245
415
457
943
846
584
407
437
697
607
986
902
166
289
530
555
573
59
331
169
983
274
325
855
159
727
295
461
398
726
650
566
866
182
14
490
919
884
764
869
665
936
57
686
78
613
3
436
176
426
623
713
970
624
422
792
60
333
474
871
278
958
908
198
798
625
779
198
741
319
839
197
377
391
247
27
550
683
152
174
174
301
261
710
13
359
332
517
145
201
646
288
424
920
277
759
999
483
468
525
380
609
890
472
301
40
852
188
924
606
267
424
466
170
358
80
45
185
238
505
590
929
993
998
437
952
426
797
824
479
336
483
748
874
442
503
526
471
706
81
907
804
413
515
138
348
530
453
681
710
990
704
607
713
894
255
568
462
827
589
360
926
292
338
660
206
688
132
826
669
386
998
605
561
127
784
404
429
12
465
598
649
924
138
150
647
617
413
543
504
958
592
883
244
670
16
761
334
63
530
555
501
42
277
532
937
118
440
580
202
919
441
588
575
401
231
537
473
324
914
378
470
788
617
45
788
311
834
182
635
896
833
434
770
238
213
679
857
304
654
72
354
357
291
543
279
57
762
120390.0
156
23
772
372
134
921
518
630
554
57
643
384
257
156
893
97
287
686
668
675
726
285
629
814
143
332
227
729
543
984
353
495
126
1000
151
763
517
911
141
321
193
759
632
127
738
501
485
29
203
798
135
577
996
80
348
88
244
757
947
492
94
924
633
463
730
962
416
308
94
154
15
657
323
922
741
109
658
763
475
357
544
183
343
837
125
402
49
477
598
220
428
652
306
815
968
113
704
130
234
92
565
408
578
370
812
479
180
470
781
805
242
621
859
192
658
487
521
746
576
810
577
758
715
933
391
87
71
255
963
290
324
86
159
375
844
453
91
268
193
439
575
286
356
254
819
726
667
202
943
867
262
394
846
606
370
543
50
205
214
963
604
144
95
603
551
803
352
536
451
76
775
388
27
355
638
205
239
209
731
598
903
517
673
564
935
541
397
357
850
105
366
194
245
632
802
686
463
134
869
912
543
820
181
655
244
905
164
94
774
164
585
486
434
686
408
444
3
743
797
868
403
869
60
709
861
269
904
607
654
582
115
827
99
550
68
963
165
752
826
227
688
901
990
736
805
14
326
562
233
41
773
177
939
102
796
92
251
797
215
469
824
325
468
603
440
432
843
877
487
392
732
714
861
476
769
922
976
478
806
983
349
401
168
564
161
133
847
255
211
688
653
955
567
600
2
488
40
892
485
292
962
46
125
255
620
92
364
104
23
967
82
36
50
30
925
96
230
840
596
787
750
828
317
325
793
539
336
226
117
67
105
33
190
14
727
584
906
571
650
784
367
15
103
937
801
858
37
976
187
787
241
799
25
206
990
545
644
663
395
465
491
996
515
81
742
270
273
742
596
900
55
804
589
692
562
733
508
910
241
462
927
393
434
445
32
930
35
281
566
743
686
728
262
672
769
866
733
303
658
535
694
468
509
282
829
670
917
208
588
650
111
369
535
474
82
780
618
105
698
183
947
922
803
141
133
464
595
267
674
596
430
26
783
870
658
40
669
773
733
573
272
800
966
890
322
61
186
230
578
799
452
619
472
318
281
719
377
541
607
479
45
642
632
781
233
111
272
750
761
745
72
222
545
532
875
906
52
542
506
925
221
386
473
3
199
690
773
168
294
523
805
251
425
623
751
258
978
49
892
500
313
706
551
962
556
167
420
287
755
554
17
218
949
855
884
887
228
982
164
893
74
81
539
669
717
483
120
212
331
584
85
911
736
919
424
253
23
569
219
473
679
784
286
515
501
388
855
454
111
67
346
898
643
213
322
832
803
595
776
356
585
796
176
703
446
420
126
263
560
205
29
665
778
623
694
267
783
423
984
162
387
935
293
243
855
846
722
664
754
668
758
848
703
692
400
396
527
74
692
978
125
692
799
128
192
732
744
349
60
363
251
140
109
680
20
850
198
446
658
974
441
161
108
417
410
342
584
400
53
385
147
725
289
105
528
279
87
569
649
831
705
275
741
452
901
522
971
400
647
284
387
76
428
106
969
100
205
616
710
540
202
336
279
94
217
552
974
251
233
136
835
288
847
653
555
614
19
90
987
178
299
856
979
240
473
910
298
392
942
352
78
327
170
367
738
873
68
66
205
527
189
141
80
436
215
898
50
316
283
772
816
406
890
862
657
484
85
449
635
860
720
577
944
441
965
715
129
877
816
555
209
329
350
718
905
171
13
426
241
660
846
900
362
990
856
942
845
520
300
867
639
950
204
646
744
24
118
502
728
509
599
488
864
78
816
664
494
528
144
905
302
860
75
812
39
62
196
227
534
634
949
199
978
534
46
818
654
529
190
57
342
91
784
61
830
263
855
359
487
615
114
487
729
265
589
418
344
253
180
731
805
63
181
56
46
756
885
305
735
756
854
757
547
761
634
704
73
956
983
403
564
841
242
721
688
313
725
613
937
402
449
838
702
625
100
78
491
254
512
439
638
400
816
320
363
450
418
934
905
753
241
468
444
605
961
798
431
898
428
876
696
594
755
23
608
15
435
1
147
275
380
589
347
501
294
144
240
454
930
451
979
983
248
206
631
471
219
568
30
521
343
206
108
210
156
282
653
782
331
452
760
405
10
30
395
601
390
756
329
774
824
244
36
27
494
537
674
241
96
611
608
525
276
416
643
940
321
386
293
514
592
516
729
497
837
762
261
900
150
603
387
568
995
562
119
800
574
93
966
461
762
745
201
588
5
515
547
757
334
535
165
22
116
526
913
434
311
218
134
241
126
446
43
112
652
272
318
845
591
92
459
290
530
671
813
669
748
737
111
181
125600.5
210
911
526
677
313
29
260
304
849
970
245
642
426
813
906
917
258
388
411
260
60
776
451
229
153
584
381
186
358
1
165
504
21
12
739
307
135
185
709
655
874
327
96
845
306
431
239
887
325
141
45
347
414
846
125
979
96
222
331
604
769
59
302
494
892
119
193
747
336
916
859
368
207
45
475
928
810
324
19
602
638
801
573
210
794
614
587
532
794
749
609
361
616
169
941
821
513
792
334
818
208
651
625
620
790
428
849
603
552
135
1000
429
990
875
484
434
942
210
161
185
304
291
786
78
692
887
943
844
927
745
492
1000
123
538
175
643
346
742
118
634
768
787
75
795
768
373
941
732
923
196
462
704
794
306
745
361
609
747
610
59
165
934
804
475
327
186
523
530
825
853
210
698
988
666
535
713
509
816
134
304
1000
435
495
425
203
481
768
578
943
815
745
870
776
384
774
295
867
854
290
185
687
121
406
298
722
44
692
858
377
906
361
540
503
233
990
464
40
182
217
53
118
134
320
206
885
779
574
318
937
515
965
74
401
383
148
119
889
204
131
705
437
139
334
266
208
968
978
437
287
967
524
740
123
818
862
961
303
169
65
624
35
606
941
412
813
516
733
114
322
603
707
268
695
525
548
158
760
461
840
16
845
526
431
401
666
802
298
692
986
398
590
64
394
406
804
571
797
29
164
675
269
919
924
654
382
997
602
975
15
86
826
891
993
930
992
894
327
250
888
186
530
222
868
751
272
501
894
853
172
862
774
919
117
990
788
335
123
382
805
315
683
935
91
21
812
220
239
112
915
301
106
114
606
731
389
523
949
252
944
530
767
86
945
864
483
755
527
241
82
112
991
139
459
327
298
260
564
110
472
637
472
620
786
593
229
162
623
683
473
245
389
361
203
417
362
218
748
627
320
404
470
528
269
718
531
317
60
722
322
338
387
658
96
557
896
208
511
993
658
750
404
168
50
863
766
562
889
663
284
392
557
881
259
169
150
876
155
292
261
479
206
200
469
123
553
901
255
791
540
126
95
455
532
597
432
344
229
379
841
580
159
384
539
304
931
980
903
190
302
335
721
791
550
534
734
46
188
415
578
16
160
700
676
911
63
295
44
839
962
386
471
832
72
441
825
725
205
877
424
444
274
281
554
92
235
825
702
656
434
428
405
808
874
173
999
15
547
82
185
85
992
853
231
289
348
450
58
751
173
417
308
130
5
104
220
738
164
418
550
618
745
207
757
454
276
609
601
617
546
874
515
109
219
771
324
188
77
352
431
603
447
190
137
336
86
572
687
768
763
886
261
414
900
421
274
734
15
600
972
784
788
112
489
725
503
201
441
273
712
405
760
91
901
275
360
578
613
951
738
74
476
380
697
785
332
169
1
646
133
556
230
798
811
414
857
92
935
545
874
31
953
804
981
516
380
620
79
570
216
581
589
324
696
822
320
638
35
516
645
217
626
654
335
509
672
457
71
501
92
687
932
886
898
834
577
909
763
378
422
405
307
688
450
970
495
360
173
836
872
886
784
725
716
269
120
449
735
877
854
766
177
240
678
710
240
6
140
519
591
673
518
672
747
538
474
208
55
882
661
432
130
796
686
569
332
100
924
599
836
167
92
551
506
217
16
507
392
512
442
170
765
352
272
571
327
247
752
199
126
432
303
747
788
355
203
884
519
562
770
409
343
54
250
70
771
151
272
469
426
178
302
56
360
276
201
995
436
465
548
420
191
502
944
904
315
358
735
505
622
66
812
138
747
96
189
890
220
761
707
456
536
782
521
519
397
240
374
417
721
850
709
825
643
844
279
801
15
610
414
382
964
568
401
658
682
601
105
745
196
221
733
906
60
861
588
300
72
709
360
304
765
182
963
263
471
221
668
61
894
610
145
63
166
347
771
668
865
479
454
648
478
224
203
384
764
924
230
814
119
646
850
532
612
764
404
456
801
117
843
295
742
437
345
320
873
227
308
72
296
101
85
444
95
900
188
969
51
985
903
694
954
321
787
481
219
940
750
485
889
617
681
32
236
816
815
475
278
450
975
381
222
733
306
753
51
660
540
126
702
560
208
622
797
903
185
411
707
341
329
279
433
811
870
918
883
508
615
746
215
473
617
446
196
487
566
34
867
693
41
552
589
527
938
463
721
209
28
97
904
452
623
475
324
362
259
218
324
874
242
570
641
271
968
382
534
490
823
155
929
395
741
898
315
445
618
501
768
879
109
731
67
479
530
976
765
809
606
225
480
875
21
732
160
353
322
244
695
191
772
759
124214.0
681
168
654
350
253
998
237
620
720
51
582
284
458
136
367
35
137
529
548
833
810
134
61
728
280
337
607
804
123
962
556
457
958
973
772
763
928
782
849
344
203
607
793
124
746
550
576
95
713
872
175
601
407
233
337
70
371
748
285
473
956
985
874
554
413
845
968
348
536
100
592
654
600
977
221
43
83
721
939
441
556
126
205
866
106
472
187
561
426
186
308
699
389
839
567
172
987
191
380
165
999
297
160
331
720
653
158
329
591
817
304
599
118
214
12
593
489
862
147
792
258
618
17
903
319
28
617
233
302
342
155
26
588
386
745
433
208
281
626
334
475
168
196
172
401
596
288
350
283
762
519
307
354
749
949
611
44
309
599
942
730
83
837
613
483
822
599
439
336
213
189
302
606
419
764
325
490
155
220
654
317
510
999
598
37
469
156
365
697
217
737
209
313
648
220
753
639
175
684
780
748
954
614
777
962
907
518
81
218
105
207
450
620
819
748
483
214
889
498
981
524
901
562
800
102
249
357
611
167
449
129
898
559
691
931
918
947
854
19
218
49
909
583
733
67
9
692
509
102
32
808
274
115
119
199
104
681
892
864
316
453
444
695
552
875
524
401
881
461
429
501
681
720
421
854
887
291
447
672
943
951
465
462
639
279
161
355
301
960
537
14
882
508
589
116
344
722
892
262
255
287
96
478
364
862
82
952
113
612
1000
606
151
115
35
103
199
304
830
130
806
245
873
300
325
724
505
21
140
846
205
9
75
927
9
51
741
183
573
431
629
624
72
995
972
338
847
105
928
833
600
546
950
209
228
43
527
205
775
717
374
867
923
985
166
107
301
279
828
233
801
875
828
92
582
320
835
868
796
73
330
14
305
263
398
454
850
157
278
350
825
113
586
253
634
718
705
668
453
8
544
579
523
114
347
120
638
393
345
77
705
442
342
282
354
253
817
479
49
991
155
141
800
689
122
441
460
470
436
164
596
290
212
742
760
609
30
811
627
243
455
719
897
256
826
66
3
197
184
378
862
916
590
173
383
554
565
934
611
955
439
568
650
63
684
762
73
64
820
245
639
42
141
591
467
593
967
628
650
385
921
164
346
57
25
108
659
540
78
880
684
517
223
789
466
867
349
751
115
977
588
610
661
224
865
907
145
858
418
630
472
887
127
758
783
376
927
401
913
944
983
512
86
30
772
956
610
298
267
313
605
908
919
741
858
209
264
384
641
803
353
874
821
561
574
80
298
732
459
973
209
266
937
581
235
667
768
821
674
605
358
158
833
326
680
737
439
911
195
514
60
553
540
996
484
793
241
52
357
737
215
15
956
42
315
954
833
257
747
226
590
140
991
995
697
751
467
907
89
593
944
733
582
216
222
735
747
120
445
382
462
450
182
933
561
929
822
115
365
971
939
737
228
250
573
906
439
605
421
842
501
753
762
124
192
519
419
975
438
287
750
820
407
208
455
526
619
946
587
126
254
359
95
84
155
66
10
660
586
960
587
722
322
788
76
98
589
467
143
778
148
755
292
146
729
94
556
763
97
356
181
699
834
454
300
225
916
679
447
557
300
96
232
793
458
766
852
475
75
64
513
71
187
124
331
526
916
857
489
60
854
878
541
942
700
973
480
83
476
204
885
833
705
178
338
885
665
991
828
48
665
864
262
604
597
919
141
927
494
533
653
6
889
320
998
104
804
59
511
19
789
515
872
70
641
605
44
979
528
790
663
249
470
837
161
916
555
932
555
885
840
938
945
300
898
439
147
782
291
495
461
642
133
164
505
957
782
895
601
428
80
420
147
988
215
828
116
771
388
685
566
816
379
10
285
123
492
901
202
382
749
63
187
107
202
242
768
814
308
402
605
715
833
562
778
649
834
312
921
934
429
536
958
727
582
48
259
324
501
428
269
608
681
700
642
18
172
178
220
852
254
514
545
848
235
224
613
804
845
748
737
696
541
801
670
302
674
877
829
705
997
52
484
488
51
626
24
974
34
495
364
576
660
129
440
312
55
862
446
820
305
517
898
32
230
78
561
675
539
315
553
274
291
756
299
392
260
499
876
462
454
329
474
15
150
805
560
91
754
810
685
962
237
46
177
325
425
682
251
611
593
680
616
116
473
946
908
751
230
332
514
556
447
347
503
343
735
872
940
560
475
669
503
409
613
394
870
216
220
149
500
697
734
182
553
153
465
881
908
811
672
939
84
559
638
160
599
861
205
678
185
56
564
178
48
978
218
843
739
837
127
348
343
427
600
2
817
456
909
769
320
