500
4
126875.5
536
841
519
67
548
734
220
11
609
861
205
306
103
836
67
126
228
862
659
659
124
378
394
474
155
357
969
610
11
699
674
589
48
262
837
563
768
495
647
55
552
622
4
938
429
198
317
336
782
46
660
592
745
356
75
305
68
655
527
344
656
488
572
615
226
498
795
920
907
854
350
618
195
678
464
734
167
402
115
28
404
557
309
5
863
318
710
993
358
826
7
983
930
529
484
117
447
155
3
633
419
559
588
979
852
645
623
610
555
251
52
496
810
916
510
367
531
65
794
416
372
141
491
434
485
452
214
434
83
182
43
931
213
868
831
973
893
363
494
632
296
27
327
459
812
321
419
92
939
625
580
828
966
315
210
240
681
973
357
944
992
356
964
59
705
163
324
847
174
375
269
53
25
991
883
279
875
748
99
543
941
250
491
92
713
441
430
36
522
48
77
264
545
323
505
412
102
622
192
833
279
819
425
570
250
346
96
916
266
845
480
495
542
960
258
486
923
945
551
362
475
79
941
278
230
690
172
469
339
385
544
216
320
546
995
139
775
649
278
659
694
888
509
907
645
902
994
597
974
833
558
642
53
64
982
968
800
776
618
571
68
134
310
32
654
246
717
242
761
992
815
841
431
818
773
282
226
815
734
175
350
604
619
344
677
988
477
452
876
967
274
54
309
639
13
818
46
403
922
500
563
909
977
262
452
707
581
919
580
651
927
680
627
411
967
568
572
381
378
95
467
149
159
177
926
334
35
595
97
803
818
166
254
511
295
556
165
410
320
819
198
677
968
72
532
286
470
165
853
49
579
736
884
111
471
477
209
830
755
837
491
294
362
116
710
453
1
929
369
926
828
795
755
717
466
67
672
769
946
271
650
247
890
542
554
347
852
539
607
550
254
523
929
790
946
791
657
445
534
490
289
636
166
914
753
142
876
506
652
513
597
846
875
703
257
839
220
731
904
741
849
797
456
263
903
793
929
941
464
677
737
147
902
933
695
197
305
758
204
91
399
390
261
795
995
841
436
276
288
507
673
428
978
799
969
375
379
176
473
230
991
184
413
239
696
859
859
267
564
9
965
902
129
973
469
819
961
485
80
469
28
122
339
861
519
465
773
764
114
199
473
90
80
709
409
961
951
846
476
680
344
620
455
211
236
722
718
1
530
499
877
244
197
145
979
951
93
814
923
451
96
187
477
403
415
703
949
423
29
713
638
406
279
39
318
123
207
306
934
320
943
409
674
925
947
398
648
85
842
888
974
955
177
95
743
367
767
824
514
563
442
421
965
710
844
191
311
108
131
296
954
775
464
149
30
355
991
231
984
152
749
953
664
214
478
153
647
885
88
587
681
815
139
161
992
509
139
604
930
558
201
860
736
86
22
822
556
915
991
645
254
695
242
144
196
299
5
102
187
780
831
304
840
775
883
706
100
678
6
756
9
376
676
388
749
669
40
59
968
871
986
325
780
125
968
683
984
637
329
666
275
44
561
328
474
81
729
144
235
477
712
920
730
342
203
958
692
940
43
841
973
364
600
808
125
726
844
494
86
46
382
510
408
238
130
953
36
394
142
260
450
381
525
965
981
117
114
715
592
793
535
733
891
99
251
318
826
206
861
300
317
610
186
230
456
263
94
490
86
798
584
692
503
343
800
755
487
613
113
55
171
118
538
235
100
449
167
102
785
661
947
189
459
481
973
219
68
744
200
353
160
625
215
403
184
239
694
419
151
107
976
885
453
861
650
471
363
11
701
56
15
201
237
636
339
265
287
282
368
502
269
324
243
340
573
321
46
86
207
362
430
456
300
423
171
918
140
12
603
956
625
568
335
105
41
891
809
105
255
7
854
175
898
433
993
400
320
428
353
426
543
649
594
906
518
131
125
709
875
537
432
461
594
469
37
272
60
819
433
267
801
617
181
42
381
870
59
844
191
724
836
485
327
305
826
22
402
574
589
820
434
999
988
117
171
462
179
763
356
611
981
897
172
528
906
380
836
146
110
41
429
554
863
634
512
870
572
974
544
238
249
871
494
640
914
962
373
367
528
559
467
361
452
211
931
409
788
821
287
846
602
262
412
848
91
514
552
175
775
839
180
226
199
977
356
410
429
341
867
793
94
990
539
471
808
341
175
533
371
746
278
537
547
726
283
587
635
910
45
818
143
188
916
922
980
787
527
592
518
452
651
207
318
321
135
678
631
311
556
348
627
119
938
438
877
538
899
266
547
73
552
780
516
918
953
578
597
169
656
62
613
97
820
688
750
158
366
261
851
348
124875.0
397
749
155
53
686
812
130
102
619
813
375
347
54
923
803
102
135
766
621
660
116
355
385
535
752
375
513
588
83
712
891
619
62
342
786
653
534
401
634
61
318
640
100
959
427
251
170
277
111
131
105
517
242
336
918
210
108
732
30
340
588
448
512
557
140
426
727
897
984
784
462
612
929
741
650
710
1000
337
727
121
97
574
528
83
891
330
587
944
984
793
866
979
90
584
273
58
387
203
97
611
141
567
838
985
205
622
29
543
131
272
511
403
687
879
938
385
817
17
371
451
623
222
268
502
27
390
134
387
732
110
666
887
579
949
785
949
551
358
890
655
650
26
341
375
651
315
983
96
186
560
832
901
578
409
591
260
596
1000
846
966
254
338
465
119
989
146
340
777
586
334
929
108
844
960
196
202
350
708
98
616
572
269
524
146
819
356
457
117
188
112
829
174
548
366
623
313
645
550
739
879
937
799
828
474
517
419
754
928
717
806
106
442
934
903
417
487
197
864
510
337
270
105
929
213
469
648
123
499
989
468
576
295
543
500
397
62
500
654
48
563
184
917
459
915
717
954
452
568
415
843
374
598
114
68
675
985
577
861
206
488
791
206
596
47
152
224
472
287
134
981
605
766
251
890
526
378
589
894
889
252
65
515
545
407
362
928
771
486
412
887
4
61
829
600
791
748
516
374
408
584
63
888
222
188
887
769
581
835
522
714
921
697
329
351
433
610
114
349
74
44
811
159
883
132
842
309
541
577
320
737
260
166
299
437
519
613
705
349
685
802
925
747
677
92
312
278
501
185
806
132
859
667
187
70
895
556
109
912
499
923
411
260
590
100
513
366
955
915
972
933
61
789
854
682
957
56
117
765
941
243
458
205
717
610
686
380
575
484
38
574
479
478
698
722
351
704
884
497
215
394
274
606
182
939
320
232
765
596
514
460
624
750
307
782
476
901
952
817
961
823
379
737
131
356
448
844
111
996
466
757
170
113
164
931
136
165
106
758
650
183
419
425
900
860
420
759
446
253
219
545
908
483
241
808
779
280
605
183
700
281
969
197
315
196
174
875
965
261
423
37
754
904
502
879
733
865
369
502
368
498
759
51
721
830
281
390
850
751
25
286
983
68
792
740
736
915
632
796
949
707
896
665
938
289
22
762
949
55
835
410
176
185
426
147
687
885
202
857
19
379
97
206
398
321
722
648
399
417
345
779
829
424
220
64
461
76
159
286
566
263
536
492
241
887
404
479
466
58
860
888
434
981
174
32
491
324
76
748
7
550
392
433
255
804
416
154
636
186
324
224
206
852
443
68
864
319
752
245
886
226
27
995
732
182
182
236
603
878
382
653
257
728
988
126
324
439
327
550
778
515
901
761
603
55
711
821
896
904
869
642
474
611
577
165
522
382
630
93
570
688
475
211
587
855
674
768
764
735
210
850
929
298
117
473
808
590
650
49
50
881
666
357
59
182
840
719
671
607
232
735
599
72
118
282
113
7
812
81
575
512
344
832
513
421
410
963
738
987
348
789
689
372
213
868
518
788
210
449
104
45
84
526
507
153
678
953
857
474
76
279
33
449
427
920
213
201
950
698
248
810
286
782
256
188
322
361
298
294
134
239
575
515
317
168
431
342
380
579
938
815
389
646
580
322
711
761
577
527
62
146
954
145
618
142
215
444
247
97
698
710
653
116
677
552
795
256
104
645
140
294
705
642
512
384
784
141
474
319
145
136
126
877
698
767
79
537
936
97
474
39
803
296
914
594
67
267
677
373
136
422
834
405
817
336
10
353
201
136
934
307
932
518
328
460
818
861
814
27
684
878
556
507
291
169
373
858
656
163
778
86
392
184
642
470
907
424
833
387
594
359
154
701
903
952
594
201
868
747
706
490
607
453
508
455
8
369
927
903
659
335
75
626
888
74
777
903
201
908
537
723
415
534
383
290
244
81
209
645
40
904
774
999
243
18
111
396
108
723
972
543
199
841
19
601
93
404
741
245
516
122
449
597
260
581
585
812
115
874
17
262
215
927
609
548
829
923
904
395
560
459
920
428
401
216
123
466
253
827
40
861
989
267
8
874
328
512
495
164
533
887
624
271
619
964
886
448
847
270
462
877
418
921
374
552
175
258
661
626
233
795
29
551
54
796
617
492
268
924
315
804
316
274
557
910
329
755
283
610
503
552
895
117
375
394
89
660
977
313
217
335
841
87
183
369
970
607
870
364
429
100
202
847
545
931
526
489
870
234
588
98
877
17
983
686
477
214
634
303
649
432
124582.5
458
783
479
122
733
850
304
16
860
777
855
343
27
915
563
74
839
669
321
751
665
416
553
590
194
325
871
681
173
621
481
629
750
247
703
662
752
302
438
117
671
688
683
934
430
262
174
189
908
162
3
508
778
395
472
126
343
830
501
402
152
511
756
653
667
415
145
899
612
712
764
690
78
808
649
737
80
275
144
24
202
512
152
151
396
424
731
886
437
800
880
903
998
660
960
54
182
127
955
607
439
488
968
890
866
647
180
598
728
353
420
395
121
802
460
458
618
109
59
419
38
157
79
422
158
490
85
358
599
182
507
911
832
973
135
888
335
444
660
629
696
2
676
433
255
339
640
154
417
466
301
878
968
327
907
256
373
996
991
963
658
262
845
142
629
195
402
684
54
385
326
124
952
970
303
248
353
780
452
538
552
275
534
91
7
328
485
75
131
17
397
116
722
438
921
342
648
513
715
783
913
752
776
550
787
392
199
947
299
739
532
362
438
867
638
527
196
882
426
320
511
45
116
239
674
611
91
577
602
516
737
284
533
559
94
28
967
660
822
606
352
983
750
946
185
992
548
520
271
819
163
624
804
80
303
999
568
951
125
574
284
208
314
78
5
214
810
238
747
919
420
707
373
978
656
319
686
984
559
328
721
438
72
436
381
841
146
561
17
908
396
38
651
675
431
797
645
443
775
534
464
914
290
155
454
679
650
861
569
676
248
793
910
291
599
530
451
426
355
12
305
218
699
150
92
387
289
677
816
736
137
265
86
367
776
517
600
311
543
898
660
709
9
186
413
267
490
168
791
38
528
717
150
82
312
655
75
962
188
931
319
220
827
187
330
319
629
929
932
929
904
724
74
674
171
128
188
785
734
329
561
284
17
699
977
471
750
452
173
524
456
466
791
799
848
605
83
499
983
301
960
556
360
978
739
237
186
606
329
430
867
721
56
707
500
909
620
747
490
877
900
797
244
337
376
855
45
914
938
707
848
30
290
973
411
68
575
769
460
178
744
385
869
927
354
729
549
328
805
596
202
470
105
905
315
210
458
161
110
348
576
217
968
228
291
879
857
331
802
49
63
969
688
849
129
918
790
437
790
594
901
24
551
758
723
367
65
805
694
188
236
39
336
830
985
883
732
895
212
704
414
756
656
224
783
772
857
61
348
315
255
255
636
75
358
858
157
784
820
455
422
183
374
376
566
714
503
371
825
777
109
464
628
2
371
130
638
286
316
354
983
501
853
798
522
544
213
1
850
963
741
906
677
56
186
365
537
682
658
572
315
448
527
840
765
68
270
228
428
256
345
773
867
5
749
307
308
269
886
324
326
954
728
121
311
153
640
810
404
716
760
827
527
168
971
514
981
565
792
440
559
820
72
133
236
854
976
891
209
699
148
584
433
117
15
332
614
127
772
685
700
174
902
802
942
672
944
780
704
896
907
232
136
450
583
662
543
68
910
942
258
439
586
100
18
737
137
617
754
748
417
76
12
320
528
80
186
26
835
506
899
735
502
432
955
938
513
959
241
696
86
455
596
778
829
851
35
449
644
86
142
506
403
249
942
911
952
462
21
270
430
469
894
895
609
154
497
777
378
866
7
700
159
262
817
385
545
369
936
255
102
436
616
149
697
311
483
583
309
853
729
690
848
232
410
685
316
451
910
180
733
76
380
96
686
448
70
137
421
669
168
87
903
497
623
156
512
686
681
333
723
709
645
399
120
188
149
280
48
85
70
849
949
675
76
598
722
61
145
87
923
291
433
625
642
221
161
282
874
394
631
338
776
276
100
446
750
80
945
295
805
469
684
497
616
789
178
32
522
956
703
458
580
215
315
950
937
224
627
145
990
135
753
470
978
369
436
409
96
414
460
709
741
947
486
179
349
785
259
525
293
393
778
480
160
439
702
983
820
297
93
585
166
114
882
909
346
844
929
793
361
504
2
204
468
170
718
579
33
836
144
904
299
49
731
412
719
648
618
584
165
871
190
520
491
488
441
234
606
66
49
635
229
484
447
903
672
867
673
248
125
994
393
501
562
877
316
428
755
472
553
342
74
264
34
459
219
875
319
815
184
274
528
956
751
510
904
178
654
920
466
287
357
949
565
426
35
280
611
924
823
988
61
576
496
221
759
685
244
828
10
589
57
863
323
450
272
835
760
852
904
206
33
983
346
718
692
557
432
575
893
124
250
377
214
738
641
402
880
289
716
61
82
431
99
623
674
375
27
195
812
925
142
907
486
505
794
320
928
161
2
89
417
592
12
252
467
316
751
442
126503.5
948
732
302
111
893
874
920
29
702
733
658
267
766
841
643
84
742
663
760
745
537
356
405
553
51
360
156
672
844
688
182
668
783
325
613
728
59
359
927
212
926
731
605
892
293
179
744
139
537
74
159
514
207
309
569
212
514
752
353
319
955
578
590
644
404
387
890
923
806
684
216
738
163
723
554
814
429
224
617
19
941
418
915
158
450
370
844
875
753
716
948
932
515
744
199
28
418
92
481
548
419
402
496
823
208
653
760
521
824
305
927
394
434
766
728
492
324
177
519
396
709
80
913
353
993
542
367
277
497
106
789
921
22
974
955
865
460
474
98
573
175
35
160
487
543
348
708
162
188
531
7
922
437
357
844
212
549
999
170
890
903
275
317
213
896
260
153
599
443
324
654
142
5
880
907
332
70
732
643
583
726
298
839
129
703
397
512
165
413
23
862
60
277
349
66
294
435
473
862
818
557
709
633
549
490
358
845
896
676
715
199
317
918
769
885
547
316
867
165
384
437
53
893
299
725
519
196
626
653
549
824
229
465
613
940
122
320
577
290
650
267
927
95
907
735
945
651
527
394
782
321
582
878
86
536
902
258
991
202
616
535
257
752
79
541
231
258
326
313
924
346
710
156
910
934
277
617
965
796
345
429
356
241
391
194
861
150
629
721
927
492
70
283
595
150
881
888
383
593
550
864
992
697
222
585
617
716
852
205
702
852
881
491
335
719
563
873
417
574
106
457
254
977
74
178
312
66
706
374
763
688
333
635
269
452
438
807
335
618
865
833
670
210
127
213
233
381
74
644
74
550
795
926
7
119
605
550
987
710
877
7
143
880
206
730
221
957
974
557
858
649
821
757
670
120
204
75
736
159
309
996
276
264
768
860
535
795
511
151
452
157
529
744
795
409
512
227
517
281
306
204
551
65
912
399
180
308
635
470
375
473
755
224
684
724
862
191
696
306
853
807
714
294
425
858
799
67
814
682
754
519
1
669
924
532
48
143
857
534
107
537
365
370
978
548
691
127
346
370
563
218
426
901
831
162
133
216
97
684
403
647
151
68
324
639
798
715
334
211
77
66
928
270
898
510
873
380
342
8
604
757
44
260
837
978
386
930
858
166
163
122
36
654
838
15
921
436
914
62
654
730
698
609
217
732
679
693
118
871
305
609
170
95
117
48
937
133
840
54
520
788
254
704
305
200
687
790
442
347
706
947
375
383
59
615
112
207
375
232
347
132
545
633
774
782
494
607
97
597
928
641
815
759
118
740
286
740
640
323
554
828
519
787
839
539
88
277
204
508
294
843
705
608
30
50
346
231
228
852
364
905
999
346
103
991
212
64
908
655
756
694
761
478
179
589
482
429
594
281
533
696
918
837
229
148
946
217
793
881
683
436
653
683
47
836
270
989
130
937
598
172
76
787
902
980
681
295
746
105
878
465
264
29
373
231
733
585
146
924
962
426
494
862
162
406
771
691
698
50
766
938
40
146
225
765
78
791
86
369
483
364
657
904
465
771
912
22
992
131
643
225
418
530
837
905
795
573
475
958
175
559
429
7
160
34
914
961
414
108
342
175
481
866
837
991
69
424
712
10
938
249
702
592
182
330
469
696
284
953
324
283
336
618
175
16
212
283
551
684
853
784
789
770
270
15
684
439
405
878
142
998
136
644
37
130
457
295
193
943
751
398
131
68
506
203
193
811
755
608
367
287
718
674
406
566
164
904
329
989
184
542
812
215
739
486
645
316
9
881
173
440
205
607
525
30
319
833
318
903
399
632
263
739
259
421
393
429
95
365
384
366
540
327
402
469
872
275
128
377
932
378
530
387
206
667
992
540
280
765
136
545
128
635
418
464
423
294
309
719
334
665
635
64
882
19
124
19
824
150
567
370
373
558
427
893
464
731
950
835
216
656
518
356
172
855
831
526
917
895
790
303
479
11
302
227
216
395
613
206
848
121
913
989
74
954
456
250
702
482
542
27
905
899
606
42
489
406
215
317
166
798
599
384
561
748
816
810
805
706
169
79
942
227
556
909
911
380
520
219
395
172
260
681
165
387
384
603
894
382
817
126
238
662
996
161
589
885
255
894
889
166
366
817
898
286
333
204
239
561
900
161
950
769
514
327
267
5
606
229
829
842
571
282
791
325
538
938
764
624
918
681
238
856
964
753
696
313
479
49
553
619
51
427
448
427
662
729
365
776
286
472
49
276
422
844
639
87
322
149
170
462
887
373
872
671
500
554
268
412
158
194
71
130
529
983
321
515
224
56
384
