500
18
120834.5
261
906
335
948
994
565
393
528
66
855
217
254
503
186
835
90
164
625
619
564
934
378
840
943
673
771
897
771
135
651
752
841
526
758
495
28
816
952
924
425
966
199
26
539
277
801
983
604
695
662
732
529
140
83
50
574
759
468
199
738
109
837
688
526
766
968
444
475
541
285
437
848
265
567
190
13
516
387
931
292
676
125
738
446
955
128
399
733
34
307
650
213
152
898
337
846
50
483
351
783
110
581
843
974
293
581
9
656
941
562
48
352
809
213
834
704
904
549
625
218
341
364
565
835
985
544
716
47
884
361
912
555
74
260
799
479
825
936
62
963
810
295
927
111
49
625
565
400
144
255
637
890
830
585
258
204
872
76
690
474
887
25
869
205
380
214
382
447
485
95
138
40
586
306
492
569
156
950
72
600
886
493
820
899
363
205
199
220
164
866
523
879
45
432
669
913
151
543
44
489
97
820
420
845
395
145
871
949
636
695
149
988
335
834
58
259
243
960
812
549
990
380
429
706
650
484
10
540
25
765
648
471
424
913
423
613
105
809
495
185
435
928
323
156
673
797
665
906
329
889
107
716
374
583
763
329
906
139
930
495
600
423
155
87
380
837
246
735
281
780
521
219
578
262
276
826
808
411
155
436
449
861
167
768
19
841
226
681
756
573
367
861
669
134
156
581
914
476
632
657
395
297
797
388
810
861
515
164
813
958
951
905
465
610
62
984
580
409
368
172
582
491
356
781
245
427
282
393
385
619
299
215
785
455
559
333
158
857
114
810
68
203
44
476
179
828
729
573
126
305
686
827
106
662
233
807
274
774
456
864
829
283
76
782
592
923
466
878
953
925
607
548
302
862
98
975
752
969
256
596
546
238
529
879
251
416
652
294
989
130
328
554
317
38
380
674
453
670
572
538
498
354
338
353
358
87
968
538
192
38
770
968
28
473
636
265
58
806
317
137
101
598
456
829
332
561
861
755
414
181
723
726
682
861
177
531
659
716
330
228
898
393
836
366
96
559
36
633
130
865
255
860
2
883
532
178
622
40
498
953
62
575
825
188
503
45
865
292
335
472
914
890
181
575
543
289
136
563
272
160
113
108
936
203
409
283
525
711
359
403
977
624
768
131
779
267
150
656
274
232
731
576
669
537
906
461
415
459
936
390
971
910
855
34
157
922
264
880
469
564
941
47
610
338
324
127
281
102
357
721
266
385
827
128
954
17
109
431
915
658
981
52
331
202
657
32
865
999
930
654
246
11
259
100
812
295
74
614
421
949
146
122
585
743
396
774
140
89
156
508
506
133
118
647
160
304
239
795
813
648
444
186
878
853
917
920
343
582
367
900
621
393
48
406
342
80
887
92
736
714
280
35
909
792
739
365
999
485
48
812
764
713
666
548
226
521
129
507
502
698
643
43
779
13
887
814
809
291
62
343
134
830
638
781
885
478
745
631
786
689
161
363
611
562
462
768
13
362
438
997
683
647
740
793
512
255
144
67
468
275
902
253
603
430
836
406
111
455
734
62
223
347
889
762
130
649
724
33
253
416
461
109
726
817
214
340
996
787
653
318
846
814
458
989
135
546
94
491
211
799
251
507
191
627
399
932
649
803
521
364
988
956
169
2
94
395
243
569
759
372
201
694
823
844
319
460
72
989
917
484
972
158
476
170
443
423
370
30
314
130
443
679
700
597
49
108
461
785
925
76
92
140
474
598
61
82
117
551
113
984
931
175
282
606
984
979
459
808
543
243
268
36
932
383
148
655
887
650
590
91
269
693
995
266
836
951
411
804
219
460
555
653
719
922
612
124
156
914
255
184
526
9
729
797
947
480
742
730
565
337
272
218
565
618
24
219
528
26
391
891
963
670
442
59
340
639
598
525
685
727
253
94
110
267
223
299
309
386
575
925
719
453
709
503
48
773
229
71
3
680
728
270
403
192
319
479
724
832
806
819
956
576
520
721
743
805
242
18
670
50
516
300
185
845
623
51
581
149
778
459
726
735
892
704
473
72
113
458
323
685
305
25
897
418
984
431
452
591
57
314
249
951
772
852
716
236
246
286
759
456
662
458
574
229
459
648
19
379
225
220
279
478
624
236
692
291
126
833
104
869
730
324
97
484
367
241
633
63
968
108
227
777
513
103
584
519
360
881
447
879
538
832
378
886
437
480
350
404
397
717
396
31
674
455
861
781
860
244
553
640
558
419
94
325
66
652
751
325
626
801
101
129
376
465
230
596
21
22
30
294
143
285
815
999
71
211
825
801
201
541
123308.5
334
863
817
943
997
498
355
608
994
774
502
318
230
259
460
77
201
655
708
526
737
302
18
971
637
798
321
869
571
578
90
862
900
800
367
11
960
949
206
328
86
139
345
483
189
848
938
686
382
621
937
543
271
49
386
562
494
541
362
792
892
798
508
610
452
935
878
536
914
208
6
897
128
571
480
45
133
419
589
353
360
181
778
531
803
226
602
767
126
397
628
163
893
807
800
861
526
412
473
800
377
621
918
880
961
535
168
713
644
657
404
254
645
140
704
616
818
567
813
240
391
265
407
933
972
578
621
106
860
440
790
505
41
339
308
405
124
839
353
933
269
274
80
149
71
656
727
491
908
287
90
876
601
501
135
223
605
159
343
428
490
93
703
189
224
277
982
354
757
132
619
135
485
333
268
527
482
978
153
578
623
429
830
906
70
127
454
203
59
838
345
938
426
514
401
897
307
477
781
470
888
868
4
936
982
110
967
927
453
704
832
979
335
861
754
356
203
953
597
529
633
298
491
732
466
584
452
634
605
819
213
523
845
873
225
613
986
866
446
167
789
975
131
153
517
766
489
885
692
832
621
756
999
545
162
233
556
230
278
405
636
408
494
54
597
795
674
709
405
819
483
168
113
273
468
760
645
507
446
342
205
939
826
753
897
763
247
607
821
491
794
879
922
95
716
510
277
464
914
650
150
292
67
333
66
831
981
203
956
873
42
972
84
517
447
936
911
505
428
82
265
397
647
795
901
458
472
322
375
649
30
232
452
362
289
270
192
798
143
905
828
224
959
563
328
843
210
671
400
319
983
778
936
698
671
739
737
785
742
961
36
183
223
799
124
873
985
960
489
861
147
472
332
940
455
934
919
930
18
645
22
199
685
868
423
516
383
219
863
53
11
562
990
116
131
700
360
647
358
443
21
405
353
253
997
38
482
570
616
84
901
961
52
460
233
358
793
803
9
44
796
553
9
870
694
514
712
700
749
222
648
723
982
865
372
448
908
670
763
151
986
407
218
445
753
650
320
548
101
811
6
837
342
868
618
119
596
12
708
903
117
657
917
114
794
72
890
247
36
400
480
824
765
610
449
206
941
655
646
77
139
138
107
260
758
197
580
768
517
465
209
588
256
190
502
221
699
726
131
277
797
499
267
455
524
442
558
532
737
416
455
870
175
5
21
949
295
829
210
477
34
81
300
251
605
214
217
162
851
781
774
377
529
171
223
57
11
360
867
697
627
91
402
272
103
61
877
900
66
560
884
110
846
72
121
226
597
522
27
992
792
164
502
829
500
708
510
45
479
524
625
93
543
654
850
265
718
742
379
642
226
244
553
822
826
910
772
574
639
989
736
451
224
353
376
52
848
58
505
714
151
6
739
779
777
375
778
471
699
718
925
735
691
488
324
531
627
563
351
726
774
13
769
65
467
878
8
227
528
360
574
751
425
814
769
513
981
567
814
620
347
450
353
639
489
818
457
413
850
991
685
663
293
860
878
250
181
159
102
356
375
182
833
431
611
352
968
366
949
68
814
423
376
674
637
709
989
95
147
405
645
112
754
912
187
409
635
741
392
344
99
847
71
903
364
567
163
534
725
740
129
560
724
565
710
864
605
766
720
321
132
988
898
55
645
426
432
604
346
376
941
739
468
941
32
371
464
962
952
448
892
115
37
158
826
445
77
51
53
169
184
595
636
510
465
55
225
756
411
40
432
172
395
533
257
172
29
592
565
895
32
75
231
693
101
999
885
744
133
172
727
64
46
469
85
598
272
616
230
186
108
615
57
301
305
932
246
807
826
500
668
561
822
836
231
56
316
824
520
85
51
109
610
861
156
563
750
647
30
246
448
315
337
634
260
298
700
26
705
838
688
706
13
42
723
596
149
624
649
681
489
99
37
341
33
258
547
299
291
848
676
473
43
576
494
758
163
26
988
656
800
273
545
216
34
492
565
744
161
885
187
672
48
816
458
732
992
88
274
104
751
348
417
812
90
51
877
94
451
429
260
816
629
725
484
100
888
528
317
585
320
11
478
453
81
362
418
690
380
388
196
970
663
804
394
246
430
315
822
458
844
474
33
290
85
570
640
467
254
165
870
459
997
299
765
231
581
749
147
828
54
416
669
533
144
312
281
49
262
157
777
804
970
91
710
484
452
852
722
858
587
834
589
977
201
452
434
343
431
806
701
116
367
498
850
750
956
218
851
609
780
389
257
322
421
712
920
317
359
764
589
162
561
455
313
618
189
61
146
391
801
273
365
924
730
278
260
808
717
619
122927.0
726
912
445
868
167
595
852
594
861
872
291
387
537
237
140
61
202
746
25
497
618
202
963
958
199
845
717
893
618
633
935
903
755
801
270
58
271
993
495
230
770
139
702
568
323
833
636
777
35
660
174
581
853
24
284
657
622
499
103
830
953
882
111
690
551
897
658
539
246
183
898
858
638
522
893
70
907
444
182
303
219
107
404
503
193
139
105
817
178
373
291
154
970
881
627
918
426
497
677
880
701
573
997
867
658
610
452
635
670
703
427
267
428
136
674
635
92
541
192
195
594
193
712
989
956
495
381
42
393
461
90
496
728
335
974
353
835
789
234
979
356
274
808
121
521
686
570
409
486
319
532
935
671
412
461
212
321
257
223
359
990
192
914
135
826
213
332
346
81
103
381
111
410
401
614
535
461
899
368
480
569
527
498
831
506
27
327
134
193
813
779
963
934
544
281
810
266
528
254
471
54
841
983
878
288
133
687
882
846
723
373
899
74
932
17
432
480
877
86
615
934
228
423
712
638
667
402
723
972
913
749
456
333
910
171
549
179
841
58
200
184
916
947
63
620
712
480
798
739
897
583
843
685
619
239
203
56
131
601
436
552
348
290
107
79
739
239
782
312
912
333
113
8
247
368
774
929
556
793
273
165
863
859
691
85
694
256
690
225
520
118
901
35
56
499
575
508
405
157
551
744
350
172
254
531
765
503
303
25
781
10
984
730
573
823
921
432
601
129
42
547
323
588
785
47
366
318
318
323
692
424
144
401
293
784
246
597
779
532
937
654
187
874
464
240
852
363
657
359
254
550
860
487
688
157
771
284
734
75
954
278
189
947
897
742
791
276
945
193
797
393
451
600
901
70
879
208
955
548
561
243
136
965
845
182
502
259
231
832
52
222
467
353
162
436
674
388
558
904
542
847
400
61
164
219
71
157
627
977
51
684
898
261
367
640
320
46
853
64
78
484
454
990
842
308
425
350
765
4
238
231
699
911
901
582
416
220
696
474
185
115
466
186
371
123
569
530
525
449
793
195
830
485
931
16
175
494
109
921
843
953
640
321
27
34
26
280
178
989
479
1000
873
6
628
763
148
92
609
961
127
324
146
426
221
968
238
864
754
602
486
130
521
151
158
863
254
757
643
729
309
889
497
777
449
270
529
893
591
103
364
761
943
49
87
576
929
673
861
487
377
624
46
167
182
405
289
49
80
717
791
617
285
686
231
946
75
695
346
163
701
790
142
825
185
862
69
948
958
711
477
719
78
380
49
272
201
381
512
170
925
943
75
978
897
505
789
781
1
211
459
320
141
403
632
555
318
375
762
797
556
120
316
324
748
767
928
369
480
896
904
680
493
447
284
933
45
771
154
170
707
997
79
173
762
924
400
566
511
673
626
833
678
600
405
751
553
318
516
843
773
419
44
656
52
679
928
805
325
676
385
506
754
891
861
19
447
870
624
766
616
145
487
300
625
190
794
337
390
691
960
69
758
464
793
526
322
1
167
243
317
462
175
833
499
754
293
144
338
83
106
406
375
295
703
706
692
68
191
74
471
18
171
928
973
20
315
342
657
750
422
641
770
420
863
757
495
255
541
535
706
51
547
216
582
435
842
588
864
434
248
506
953
606
57
335
387
467
560
683
476
891
748
897
894
731
420
211
922
311
382
496
41
110
227
296
470
100
29
420
187
904
663
305
480
463
10
80
664
28
95
836
116
42
463
91
262
456
646
744
874
697
71
269
701
879
982
311
826
792
121
277
146
778
419
749
676
776
639
381
164
786
694
451
263
608
891
513
818
987
432
138
555
920
933
629
45
834
729
883
115
239
64
769
890
800
484
644
618
426
288
678
314
779
700
640
371
912
7
627
908
76
703
125
46
547
505
918
661
43
708
2
102
272
308
255
243
50
253
382
843
504
428
693
569
979
829
123
122
522
599
9
237
783
193
24
526
557
762
259
826
493
632
996
794
49
800
984
61
827
114
600
329
176
781
268
27
217
158
439
506
713
824
618
712
171
57
278
451
608
519
927
76
221
399
272
439
447
754
283
445
459
884
652
802
444
296
277
291
479
451
479
409
729
206
846
655
997
567
215
163
348
529
445
392
243
155
293
769
536
786
790
394
749
566
825
331
964
45
504
79
516
736
862
118
595
507
667
841
708
877
692
758
534
951
679
358
136
424
713
811
584
146
768
412
87
667
894
136
553
514
921
412
61
299
384
615
876
318
151
832
569
70
974
404
630
569
919
125
189
426
712
181
60
862
412
231
739
903
501
662
125895.5
570
918
344
843
138
557
426
595
931
889
119
417
121
145
363
3
209
739
813
559
693
213
491
992
524
815
890
906
131
595
867
927
719
813
211
86
400
940
620
304
938
72
551
620
557
876
878
776
290
730
939
537
626
10
268
560
983
582
649
823
415
783
866
709
517
852
426
529
434
107
612
763
397
435
259
127
386
356
961
362
925
207
457
501
828
201
806
874
621
338
659
90
9
874
249
834
326
486
10
808
207
612
956
809
614
674
841
706
10
789
592
214
203
233
559
597
150
521
853
169
34
144
29
914
89
463
419
23
223
560
382
446
718
344
536
348
725
822
395
994
211
221
144
44
953
775
772
489
121
325
93
853
632
332
617
227
618
347
99
341
222
193
458
170
930
115
798
433
967
100
623
100
518
321
251
575
645
802
446
569
314
524
375
824
921
126
510
216
256
856
939
970
958
509
716
761
123
437
794
525
994
808
915
863
487
166
525
941
769
654
978
822
250
946
853
400
525
822
544
586
435
277
23
692
666
753
386
696
924
871
886
403
813
879
945
641
432
798
724
210
289
818
373
100
925
797
185
755
20
993
13
754
291
703
865
298
989
52
992
387
595
438
32
201
271
835
728
736
602
957
491
40
434
200
407
678
777
540
529
356
884
844
746
652
291
778
624
696
74
579
517
868
229
8
384
555
702
416
571
532
627
288
196
221
839
811
13
333
424
724
407
920
323
591
254
944
124
511
279
75
788
319
983
877
305
445
348
280
285
688
678
49
819
242
722
276
257
842
623
902
122
186
412
549
546
843
77
674
307
210
926
890
936
626
824
742
423
655
947
867
439
127
556
932
998
828
896
991
248
801
165
483
475
811
504
917
26
916
358
471
924
145
651
774
967
599
236
252
199
137
539
376
611
136
554
643
613
545
67
477
994
380
618
95
979
158
685
631
993
5
649
913
113
269
593
232
309
879
628
81
510
430
247
791
824
366
996
786
352
174
369
671
424
904
265
392
574
710
572
213
175
473
726
323
733
610
909
613
146
854
485
762
94
885
228
111
908
113
836
828
469
625
196
85
219
19
149
150
351
574
798
788
312
706
487
200
757
659
370
179
195
212
893
227
175
270
781
792
467
536
754
440
612
148
187
308
853
663
816
304
141
443
11
371
631
506
661
683
560
434
972
987
801
187
139
940
397
871
556
468
22
117
386
247
101
353
177
160
990
775
661
357
766
289
880
12
594
446
448
672
495
202
431
266
969
60
395
889
326
520
735
99
405
103
820
150
483
452
574
977
942
16
733
960
408
781
472
77
622
442
408
225
47
677
210
309
71
752
202
542
180
327
952
824
575
923
811
392
690
999
216
587
289
338
820
138
545
145
178
807
305
36
173
783
502
349
268
534
411
569
475
675
278
430
88
647
195
445
231
861
893
77
159
15
801
996
558
286
861
311
98
805
226
853
116
524
365
575
677
675
692
391
264
703
315
766
311
418
65
872
960
818
796
704
454
230
696
180
458
331
564
200
674
410
8
388
707
309
529
45
195
282
427
633
993
624
556
243
509
517
990
202
476
919
612
312
31
620
120
429
371
704
590
810
723
587
402
591
38
730
381
461
138
578
899
753
645
788
513
261
90
870
380
9
90
314
314
505
759
527
240
807
223
870
948
462
77
876
529
405
152
12
155
133
408
405
557
60
370
268
386
598
405
558
106
9
949
702
907
4
827
64
466
528
171
188
956
746
534
893
188
58
34
642
171
937
697
814
673
44
874
46
350
377
585
736
479
554
571
161
298
780
614
312
515
913
211
888
404
515
320
634
365
858
657
85
481
719
473
133
541
44
416
886
594
517
476
558
920
354
519
387
398
701
459
368
168
54
988
968
477
662
541
116
932
592
468
708
140
761
219
181
975
390
427
293
236
339
478
906
246
328
281
604
665
742
973
165
744
536
922
157
427
165
339
491
341
662
326
764
463
653
880
727
299
809
234
19
566
91
84
307
607
739
587
4
556
174
803
515
561
772
468
766
943
37
104
357
261
598
70
141
289
305
826
521
214
844
515
448
478
881
990
844
810
232
663
229
727
478
408
424
928
172
218
693
263
590
528
81
408
541
616
470
235
240
921
799
776
743
489
348
312
511
583
300
92
124
350
170
405
765
591
18
623
527
979
800
496
805
317
676
851
982
810
392
273
387
411
807
763
193
393
376
104
705
455
123
800
425
733
356
590
378
406
533
952
409
357
797
736
157
988
397
585
546
317
89
331
428
118
127
780
876
168
211
65
929
494
715
131195.0
938
850
899
908
438
568
831
517
739
841
661
319
803
151
485
58
216
685
697
624
834
132
606
917
654
876
808
908
363
588
473
998
18
795
13
22
718
867
776
250
394
30
990
693
377
794
621
681
680
763
78
564
606
30
980
604
541
643
104
854
627
767
172
622
105
851
996
452
270
35
106
757
65
417
359
91
208
323
212
461
906
121
884
503
671
227
593
826
734
270
793
144
819
938
870
897
901
471
792
804
218
531
965
751
825
672
145
667
622
709
939
244
866
176
444
629
914
543
516
157
353
233
719
982
873
504
94
87
840
579
487
516
305
277
758
301
891
845
75
985
275
161
220
128
800
680
441
507
12
343
220
925
165
427
877
206
594
357
147
425
386
246
880
248
214
209
932
400
472
174
434
161
988
241
464
479
887
777
881
499
312
452
521
855
394
82
838
176
809
929
648
931
549
584
641
765
80
530
343
452
857
895
703
914
455
257
144
911
965
627
426
800
263
861
876
416
960
838
921
584
59
327
925
739
215
666
103
769
515
915
390
464
664
917
77
612
660
817
736
233
564
725
638
76
789
757
419
786
757
939
416
660
750
608
222
236
717
129
827
396
791
507
28
288
991
772
893
745
624
983
238
46
851
130
460
643
775
550
691
274
400
762
984
714
681
809
424
740
975
482
987
788
212
68
738
517
354
347
789
591
486
217
208
304
425
804
729
413
542
730
76
852
105
595
742
994
617
411
75
95
373
259
668
818
155
482
107
321
379
590
553
52
788
144
504
333
817
747
466
809
999
178
420
473
155
834
253
643
101
199
834
812
563
702
816
698
772
746
773
813
24
54
899
959
597
912
919
918
333
814
470
469
138
835
247
1000
238
984
983
443
882
47
396
725
318
588
763
290
514
232
956
297
435
209
350
729
31
617
217
409
712
401
1000
143
640
242
956
714
849
8
576
929
163
313
400
183
482
943
421
125
135
509
161
776
451
335
227
728
860
168
169
757
18
891
418
465
678
759
890
187
944
387
45
353
879
622
257
600
734
904
821
727
187
978
714
155
767
82
388
890
351
638
688
25
729
86
901
106
547
519
703
752
917
779
330
106
923
614
311
88
224
225
944
288
267
270
292
837
735
589
515
480
50
175
118
350
467
624
170
335
990
475
871
369
837
439
578
762
775
530
600
921
68
169
304
859
585
950
322
389
730
183
103
344
232
409
186
180
722
731
198
445
728
325
387
91
328
381
979
667
82
279
441
170
456
2
563
899
998
604
182
193
566
42
929
211
560
414
535
916
845
85
343
966
536
849
231
75
492
390
123
151
787
652
838
402
629
835
397
512
666
423
410
839
730
883
197
415
532
921
825
491
678
409
483
234
99
204
935
886
759
70
504
881
708
389
53
522
804
547
453
672
483
444
660
571
859
405
659
878
860
163
772
9
965
957
798
386
595
370
165
805
598
833
604
584
430
660
651
659
995
346
547
719
839
692
732
476
319
956
634
890
99
766
844
166
742
163
618
426
1
223
814
392
60
413
292
212
56
46
771
353
960
576
63
664
411
268
832
607
322
246
923
855
877
281
310
575
502
430
942
703
528
845
759
640
108
683
883
710
631
436
449
561
922
657
90
779
520
268
955
879
245
16
87
247
770
547
787
438
317
806
175
895
638
535
134
807
447
412
176
83
649
40
386
481
283
25
865
343
765
609
876
635
165
63
650
670
481
94
46
107
149
607
649
196
603
702
308
914
133
43
423
665
804
956
50
742
781
113
503
18
533
342
105
712
561
470
112
188
906
684
281
349
313
970
14
793
62
595
248
682
860
870
282
38
743
633
828
72
372
58
433
814
782
497
265
578
621
322
644
400
623
706
146
356
675
115
415
885
39
576
532
53
629
546
82
615
758
733
283
103
856
447
640
280
689
423
885
892
538
269
754
611
178
673
534
182
747
451
549
198
185
115
256
485
173
727
242
681
293
614
968
638
824
716
535
25
632
118
474
243
714
719
666
62
777
218
967
425
546
839
610
749
427
87
344
326
184
692
142
162
451
221
422
539
43
846
269
356
21
963
641
750
184
167
27
218
250
545
413
458
850
225
203
633
710
557
500
158
632
579
995
462
854
169
498
763
560
822
991
302
946
591
931
366
178
178
279
257
807
818
351
118
304
556
259
828
90
811
995
600
817
903
487
308
269
377
152
817
213
166
708
434
547
730
61
219
30
369
280
440
747
443
143
620
133
482
551
780
68
203
314
449
441
541
276
121
380
491
721
124
505
895
723
231
102
978
975
797
125158.0
779
752
111
886
75
518
792
425
248
884
26
298
619
115
853
5
871
638
262
582
16
93
996
880
657
819
104
828
445
533
587
905
458
736
36
49
108
853
265
254
194
96
284
792
242
765
163
701
698
840
906
522
643
73
699
507
248
641
340
857
748
679
975
531
207
896
868
549
900
128
222
689
593
327
539
80
968
262
187
482
397
111
121
580
700
198
270
834
777
307
223
77
564
965
1
858
110
373
245
764
800
503
808
780
26
601
485
567
727
800
996
291
274
205
829
620
821
564
701
162
343
210
867
998
58
528
957
12
295
509
801
482
556
316
990
324
351
891
880
898
950
183
211
202
251
626
645
450
603
354
410
971
501
368
856
130
163
294
816
410
973
254
939
233
360
177
421
370
916
233
244
64
21
175
334
425
408
814
149
416
721
424
581
774
393
182
179
195
699
913
137
963
812
684
661
718
531
623
122
521
447
826
106
825
578
319
793
813
320
674
629
867
237
826
647
486
839
809
598
620
803
248
53
793
694
698
57
778
964
891
849
382
841
860
374
665
927
719
503
288
462
791
825
160
581
742
917
708
180
896
676
670
16
611
987
244
715
86
297
398
725
451
188
359
601
687
245
822
612
885
265
125
352
48
904
688
208
554
198
202
938
827
766
812
970
829
575
829
704
407
371
834
18
124
584
452
460
357
581
491
108
131
167
305
368
790
7
428
765
739
67
773
688
663
36
947
192
322
823
140
961
223
593
754
700
385
517
405
623
661
34
104
465
177
539
394
763
680
734
866
368
219
512
393
851
765
979
720
309
169
540
902
312
680
749
622
476
835
998
776
924
61
171
882
740
960
591
971
711
737
409
415
319
927
229
973
828
994
541
363
473
69
805
663
749
604
787
250
673
151
515
210
222
151
966
692
867
641
347
345
940
376
455
204
83
282
946
693
147
47
568
978
701
405
924
113
250
867
674
172
142
442
362
791
426
415
503
661
958
125
45
658
716
978
57
537
784
792
999
230
887
357
833
309
449
576
382
613
518
841
214
658
477
879
832
73
950
84
647
900
744
609
326
48
636
124
121
46
208
599
990
823
346
855
549
135
231
602
548
162
633
289
803
306
583
281
107
823
279
592
629
470
108
83
701
417
792
578
517
274
105
466
68
326
17
504
58
679
608
519
322
869
265
86
321
802
240
900
770
488
972
156
507
374
144
441
189
86
840
737
141
431
474
329
659
175
674
343
360
605
314
315
699
206
414
27
683
827
168
670
625
256
477
107
102
283
183
368
725
816
909
9
392
968
957
913
572
38
260
362
29
172
139
722
222
487
528
829
782
603
81
350
232
739
696
967
126
358
835
878
671
538
970
439
903
186
843
146
945
983
486
136
172
825
211
485
188
537
3
484
551
675
944
456
179
601
219
366
336
971
918
84
825
27
484
991
338
379
187
294
644
762
89
755
682
517
948
756
980
631
903
342
187
651
560
732
823
441
216
918
192
833
410
721
351
87
785
79
55
439
885
193
918
359
291
470
485
195
481
71
639
403
126
613
64
644
737
362
638
597
94
316
717
766
215
367
65
542
81
330
672
629
238
899
335
642
993
649
357
646
902
518
414
630
267
683
83
687
484
277
68
820
312
109
424
272
525
640
23
390
384
827
397
914
50
616
161
884
573
391
243
116
45
23
873
398
705
19
847
272
75
593
835
608
356
74
709
603
274
28
919
187
378
625
932
236
406
759
644
998
863
81
581
699
482
950
893
703
695
135
329
58
121
356
426
788
455
494
881
88
461
613
600
443
233
882
726
760
550
553
316
616
969
798
269
97
552
665
88
171
227
79
120
827
984
452
383
592
557
419
44
448
164
737
15
291
633
148
737
968
517
676
279
67
215
544
487
648
52
683
48
77
779
399
660
363
829
351
343
963
619
355
472
605
605
690
65
121
391
397
198
249
270
148
414
574
534
796
358
648
301
529
805
567
263
616
376
123
498
52
47
290
811
668
724
80
6
143
391
347
858
925
618
835
438
4
288
241
112
594
214
161
688
267
677
471
343
818
49
358
914
879
991
672
707
98
163
283
367
504
638
546
944
149
772
615
273
644
460
211
441
559
898
458
582
263
516
743
844
731
740
401
431
544
741
402
615
178
865
186
257
793
207
183
189
632
697
823
896
841
750
699
874
881
169
293
693
350
839
760
383
164
556
349
728
634
557
271
397
296
127
497
938
392
447
633
592
549
121
807
615
251
449
465
109
528
994
73
374
544
254
145
781
987
988
283
947
914
146
746
128499.0
762
781
594
969
41
540
420
495
540
825
458
272
130
193
599
80
192
671
933
517
411
157
883
915
959
737
538
828
656
615
967
930
818
739
294
84
748
815
706
347
665
143
887
818
250
749
562
640
735
910
897
442
39
14
917
428
555
681
856
835
749
777
790
464
66
915
793
586
715
72
244
626
174
409
456
119
116
259
432
518
808
138
758
636
928
134
43
878
403
276
663
2
943
960
115
825
429
319
202
700
319
465
513
730
298
670
211
492
355
750
985
219
796
257
247
581
701
470
762
203
205
201
459
980
763
528
895
7
566
459
127
488
736
355
581
369
752
861
78
874
837
267
141
169
845
593
260
490
383
361
204
880
755
334
781
186
575
304
523
496
987
217
283
317
60
115
111
299
114
209
605
43
332
133
605
359
459
743
922
354
222
465
429
766
598
211
606
221
679
815
245
889
204
602
706
748
329
605
689
551
846
869
654
768
675
307
527
812
714
580
444
878
81
906
337
424
519
761
877
520
38
325
857
829
869
659
740
727
377
947
456
368
982
821
573
695
441
633
172
344
926
866
891
140
716
645
273
632
419
909
287
767
266
636
94
213
720
103
244
410
830
370
375
443
875
746
790
812
739
917
788
143
342
61
461
620
85
626
297
285
717
731
343
847
269
820
373
782
710
349
697
767
886
166
650
505
824
394
769
421
469
209
897
219
919
750
87
407
389
804
984
826
846
674
123
939
534
290
866
238
734
307
589
764
92
302
848
483
14
577
207
73
738
237
741
363
317
594
276
862
672
158
639
460
401
770
292
770
805
71
521
839
921
727
884
696
122
865
207
712
402
158
822
927
180
921
778
920
662
777
830
420
959
906
623
910
748
897
408
437
731
146
498
620
488
576
489
237
6
116
525
234
148
174
951
637
79
735
15
318
932
422
940
120
552
241
931
770
223
84
516
981
143
387
774
166
193
784
494
247
376
514
595
840
79
491
750
610
146
135
489
701
487
897
776
484
861
762
390
185
779
356
440
212
664
586
790
579
955
868
943
758
409
890
253
43
921
67
696
808
727
580
60
143
388
143
115
91
120
499
196
787
284
849
807
81
645
530
275
257
580
369
660
276
817
346
887
811
515
589
26
405
275
64
170
516
703
652
337
238
935
520
934
393
878
516
73
647
695
517
958
865
783
65
267
753
967
868
595
514
787
158
206
410
497
344
461
97
791
823
481
409
428
390
755
181
62
280
709
556
181
289
616
287
686
84
9
846
845
704
157
276
147
120
141
323
503
382
593
767
332
104
851
899
730
937
378
118
469
277
581
213
3
798
771
397
110
809
484
645
240
295
339
701
844
945
545
297
872
804
814
449
956
533
412
207
458
46
908
992
241
219
662
872
785
542
962
628
372
517
488
724
968
487
638
502
666
358
419
997
259
10
463
41
344
906
538
413
605
271
629
713
254
762
168
433
753
731
570
551
407
266
37
659
467
697
43
466
369
921
660
791
885
773
298
16
213
102
425
361
192
253
772
323
624
566
328
181
873
58
966
394
238
607
567
635
262
427
148
599
346
285
576
778
847
411
284
578
920
326
169
626
71
833
290
637
450
714
433
644
928
552
307
675
214
749
631
607
547
297
237
836
650
19
565
252
619
734
44
416
131
886
842
841
793
584
11
984
611
349
445
34
343
19
714
356
626
89
153
172
743
542
243
661
990
104
866
506
332
117
597
165
825
635
369
175
415
695
564
927
200
181
769
678
581
883
466
658
828
139
280
155
675
261
657
784
384
477
4
24
200
526
590
448
898
829
345
812
906
514
421
546
535
795
775
23
663
607
420
242
835
104
199
790
323
400
336
496
874
354
269
540
266
768
106
344
215
111
687
894
264
742
995
76
57
614
674
684
955
603
430
98
522
311
152
409
192
335
620
910
482
387
78
696
107
731
582
115
79
339
901
348
408
126
212
585
183
771
235
722
374
598
526
644
630
584
385
215
619
23
53
287
249
711
743
16
777
83
572
405
537
942
450
775
989
78
453
150
172
658
940
144
582
211
50
426
251
866
664
296
489
860
813
620
5
138
787
224
774
436
565
582
753
217
366
520
843
562
405
170
196
652
137
487
897
254
275
686
22
684
862
430
103
501
741
326
548
207
869
225
246
800
207
204
699
721
710
898
991
901
280
626
883
934
215
316
457
277
404
741
938
107
531
384
960
641
392
198
877
207
482
417
39
397
461
660
384
596
90
792
225
312
998
456
98
617
180
75
36
546
132
122
481
890
417
265
742
970
534
824
129653.5
601
837
747
886
327
600
445
438
807
737
240
327
764
150
643
155
437
734
705
589
522
146
250
973
32
785
602
747
511
600
700
983
819
641
927
41
989
752
478
322
719
147
279
796
420
779
658
565
837
873
129
486
598
111
235
426
386
623
687
791
617
777
287
368
138
834
702
562
506
129
259
649
569
407
231
56
864
189
460
482
243
60
369
554
947
171
39
907
159
362
588
19
456
928
320
806
808
249
319
732
607
450
440
721
817
762
666
483
177
783
912
204
666
334
154
614
982
506
322
289
760
232
825
901
104
488
200
101
777
536
448
584
424
419
872
442
966
843
457
911
745
182
783
130
474
546
982
426
361
365
762
929
574
255
808
275
747
333
679
509
976
200
185
305
893
91
213
315
354
160
277
22
821
188
886
404
764
785
113
407
421
407
723
779
925
287
405
183
742
858
597
959
821
516
780
847
590
657
457
587
735
859
247
733
201
273
633
907
525
626
450
855
64
910
445
453
225
726
582
420
336
251
204
814
270
614
852
675
561
877
448
292
125
885
820
626
159
732
824
330
249
841
370
198
867
554
936
732
195
935
885
703
275
575
581
300
395
177
109
347
299
368
425
542
721
677
767
887
875
955
12
215
946
8
914
588
711
557
403
201
707
642
921
930
56
738
862
797
645
431
91
669
468
253
188
459
384
356
137
498
263
209
939
162
673
836
798
350
819
755
705
902
316
734
82
857
678
239
939
286
329
282
913
859
816
231
918
511
938
517
705
34
162
221
899
433
695
547
408
813
258
257
848
544
654
695
942
671
672
76
825
853
387
670
810
792
940
797
537
799
721
176
988
831
130
838
506
857
371
741
525
451
542
868
44
913
221
838
525
402
489
54
879
557
455
530
469
265
942
116
552
309
615
78
965
714
942
680
930
219
164
488
980
22
15
280
962
733
286
46
551
969
515
474
554
152
965
765
1
314
243
457
276
842
253
439
321
532
165
160
548
693
239
895
782
547
849
852
375
113
824
303
320
156
762
512
343
625
988
959
505
823
876
875
385
126
36
159
805
885
29
631
589
239
15
133
325
164
722
449
730
761
172
835
845
138
116
606
431
179
745
328
722
360
643
330
997
864
49
501
364
328
98
159
725
530
199
645
718
317
128
461
77
309
765
615
905
627
194
565
371
773
555
103
742
754
105
968
373
543
969
66
603
361
323
397
100
13
853
905
448
461
868
362
321
128
182
298
998
562
935
211
143
225
258
152
347
852
582
647
439
292
39
218
416
410
121
338
258
681
325
202
457
944
411
838
465
49
218
222
768
254
112
790
406
328
252
887
852
557
716
278
995
728
19
883
103
220
761
816
591
437
178
489
641
197
475
43
718
946
82
257
840
883
799
607
397
728
780
596
334
651
810
394
692
533
350
355
531
901
476
3
47
61
145
860
938
467
65
324
395
684
993
721
833
465
815
634
214
464
515
282
461
718
887
636
748
511
842
985
346
869
973
793
636
14
235
36
497
436
47
203
650
353
700
568
994
85
224
148
583
478
149
680
568
685
910
452
271
689
186
209
489
698
522
373
991
652
43
305
772
552
622
929
605
691
600
785
145
552
421
599
412
713
344
803
840
621
929
233
452
838
463
19
131
347
186
716
101
363
712
964
922
762
831
643
248
913
330
281
632
13
761
75
98
256
613
107
669
75
445
572
117
603
322
132
78
556
99
142
24
124
442
634
200
152
130
611
43
839
688
224
261
675
251
813
991
592
518
235
642
61
884
293
69
816
678
378
956
48
978
499
786
526
725
880
67
755
541
606
115
541
332
728
196
58
409
657
867
271
246
26
303
705
564
384
862
479
778
424
219
445
993
677
195
354
126
35
99
815
133
683
325
156
726
638
604
636
552
552
767
177
57
360
309
371
223
301
826
997
969
483
601
725
417
803
479
195
623
336
422
334
22
86
292
658
227
850
638
678
873
555
676
561
59
669
858
269
573
43
948
310
484
709
162
17
649
26
567
413
756
847
299
862
520
170
509
188
501
753
997
65
384
197
705
481
734
849
570
338
182
780
811
539
972
148
269
305
786
524
46
486
689
142
346
620
522
571
57
149
784
688
89
551
434
258
448
749
933
610
852
342
171
413
743
416
100
144
662
273
883
895
344
115
344
788
739
839
171
947
963
708
749
845
910
283
490
369
699
689
199
121
863
345
787
562
359
297
543
205
580
406
140
330
241
562
431
541
344
868
581
260
893
508
798
609
592
139
111
637
114
215
826
825
292
280
146
909
571
838
119392.0
212
857
212
846
375
641
337
338
314
771
471
266
44
237
598
79
316
746
947
590
225
91
951
880
553
793
95
838
80
510
930
914
757
589
664
127
93
760
559
269
978
73
189
715
157
699
244
495
12
832
641
449
226
50
448
514
57
682
267
733
285
760
263
444
709
875
109
578
104
88
217
731
899
437
563
40
184
101
629
408
380
4
594
570
200
170
516
807
511
296
686
77
503
908
806
732
826
162
677
731
18
503
71
760
317
839
454
464
387
803
83
192
139
371
694
653
194
604
341
369
440
214
503
851
270
528
446
21
775
494
597
554
557
469
35
530
714
936
413
885
720
106
963
44
494
574
203
502
464
433
202
906
142
175
692
220
519
276
751
599
444
251
195
213
603
171
682
341
305
124
851
73
886
195
722
448
625
871
146
490
55
411
816
816
974
329
166
197
39
785
460
900
342
488
786
868
871
695
411
518
161
826
917
640
708
183
229
845
824
540
159
895
412
990
515
382
787
633
904
346
63
257
838
801
282
588
146
633
125
858
237
304
750
832
161
547
257
732
212
327
607
746
578
140
161
555
858
643
90
937
230
695
938
513
310
285
883
238
182
346
589
273
872
619
10
702
657
931
670
939
294
239
465
108
708
653
310
566
172
117
18
679
759
885
921
815
341
829
464
333
394
657
303
305
159
366
879
438
751
516
283
138
5
260
943
805
63
424
44
747
984
839
256
793
469
914
945
308
252
282
768
282
471
949
46
253
349
525
319
585
644
16
318
285
907
520
143
483
766
739
129
251
13
585
747
733
585
766
798
109
18
947
736
635
421
708
612
777
874
811
662
89
447
775
965
757
120
875
202
647
229
366
736
889
954
892
173
913
9
401
243
49
86
527
257
465
546
294
332
115
209
296
18
113
72
725
804
709
868
262
760
568
220
79
784
284
224
760
415
54
772
898
755
493
192
136
201
704
763
413
945
481
611
850
144
440
791
620
206
221
235
599
193
958
297
481
114
763
541
30
595
214
229
176
809
594
627
719
556
882
468
843
741
944
833
164
481
245
118
903
996
719
278
240
493
70
292
211
324
492
256
712
501
765
667
172
859
616
900
104
539
380
297
407
192
247
588
855
549
562
253
324
258
177
320
603
731
655
456
297
793
519
274
319
753
549
158
609
649
566
580
838
338
48
523
736
918
969
240
529
858
59
766
330
936
433
191
50
978
859
283
467
626
407
843
114
309
305
404
654
191
239
592
171
66
115
883
935
974
567
255
236
160
299
615
497
28
305
886
742
213
188
502
920
409
929
954
132
465
131
212
243
537
700
298
235
627
874
643
595
638
253
43
726
612
868
776
261
817
810
132
401
793
463
354
106
137
76
217
964
236
187
472
849
688
682
408
705
460
601
800
674
196
400
926
517
449
302
999
970
900
26
868
124
291
952
855
516
48
351
579
728
56
782
186
418
112
722
800
559
922
313
314
629
688
729
201
444
321
965
848
844
414
731
244
74
64
32
161
373
351
177
267
366
717
613
798
157
840
153
70
562
945
679
365
605
112
439
638
705
409
244
256
725
730
397
855
578
407
329
920
592
773
879
447
602
292
730
149
551
960
502
270
668
992
857
202
705
686
278
278
866
9
2
138
366
613
766
596
303
773
895
679
684
480
560
569
857
737
342
709
69
52
149
576
261
772
203
622
80
514
610
138
529
729
232
842
511
464
161
38
163
619
548
170
100
169
698
681
848
817
288
971
753
490
856
432
546
265
279
851
152
656
202
382
830
50
325
719
94
329
415
507
595
768
919
570
854
266
681
807
468
204
662
687
2
39
585
609
312
261
42
841
678
209
379
653
423
521
334
319
376
108
757
536
288
223
108
309
825
88
660
5
134
802
705
969
622
101
485
593
271
901
416
150
373
195
319
684
952
123
497
18
709
846
888
523
164
96
315
345
376
911
135
190
736
805
832
395
625
498
651
859
551
530
633
915
298
813
105
891
328
960
760
714
42
801
31
301
425
818
861
344
945
635
217
626
237
268
816
338
91
89
167
622
535
268
948
351
335
490
777
147
564
533
200
988
312
585
451
190
500
644
47
216
686
659
507
227
204
290
597
139
626
834
206
531
809
997
578
872
277
464
444
38
363
330
178
47
232
613
960
651
18
497
886
684
939
921
942
975
625
265
879
941
374
67
362
182
624
462
100
616
373
350
613
668
375
85
224
91
372
263
378
869
481
53
596
780
921
762
237
811
417
605
625
386
148
757
553
806
235
226
893
468
183
79
929
418
834
123318.5
331
887
323
844
386
706
924
435
446
791
548
267
646
139
374
73
131
681
910
499
615
184
769
955
514
785
226
805
290
488
863
884
818
611
703
194
746
680
833
234
676
71
456
648
59
604
170
487
500
752
412
541
234
8
74
423
481
732
680
796
172
688
874
362
846
817
117
644
26
64
284
675
336
347
778
31
109
180
867
359
250
36
465
619
928
139
629
870
621
265
291
163
810
903
392
745
504
84
866
781
943
587
890
757
683
819
924
560
402
770
631
209
842
406
706
709
173
687
406
381
689
224
732
910
597
453
823
103
913
551
237
466
785
522
562
459
134
999
138
852
867
204
773
84
48
633
440
583
175
392
669
957
912
260
918
237
559
307
269
516
587
270
475
130
785
263
738
307
820
67
796
89
301
283
282
548
1
801
345
570
636
484
926
889
508
357
797
153
668
820
5
860
549
393
89
803
98
786
645
554
766
918
315
687
665
246
241
747
384
639
711
841
958
938
990
306
299
622
764
408
31
322
497
882
737
621
331
564
431
865
435
328
933
799
289
568
615
676
235
342
677
795
267
180
610
555
2
689
664
934
995
750
378
499
45
245
755
220
592
416
425
296
608
556
522
673
742
927
983
994
736
269
157
147
673
721
143
585
347
87
833
728
992
897
68
786
35
861
615
320
438
722
421
248
889
407
109
358
302
516
946
210
934
269
63
876
629
418
360
665
354
800
667
754
735
878
32
366
261
193
482
377
725
856
440
337
178
609
297
493
438
51
195
274
916
432
2
423
929
642
132
255
201
497
103
666
972
705
629
181
678
913
19
663
705
679
326
685
847
792
141
64
343
823
952
759
702
893
151
736
173
334
802
864
122
945
824
979
25
424
423
29
332
535
700
391
294
355
377
16
93
288
21
185
683
712
717
768
113
172
766
539
158
132
855
201
45
814
212
104
473
889
927
393
937
93
759
636
914
313
330
503
313
772
625
455
859
720
411
223
651
558
756
961
498
424
820
803
323
103
290
151
181
221
563
517
35
695
8
834
833
901
90
947
951
83
917
206
717
904
337
637
844
318
84
69
696
134
838
535
289
758
261
838
943
227
957
708
478
86
319
336
549
479
599
276
241
850
400
652
265
346
712
224
187
561
802
736
376
375
866
616
785
354
472
491
945
657
973
618
357
880
752
146
73
745
668
975
479
478
118
124
166
385
474
395
440
128
190
910
471
463
252
310
794
77
658
262
165
681
267
285
468
189
696
204
929
938
297
488
148
228
7
311
413
459
325
360
645
715
589
144
528
837
678
872
734
117
458
117
123
268
513
630
578
335
153
921
776
591
186
246
839
670
389
812
582
265
291
889
579
304
975
522
594
171
504
25
937
989
310
243
375
786
260
744
603
686
620
701
992
611
6
393
178
521
34
391
197
965
687
45
883
97
554
964
727
449
767
395
705
763
410
765
472
332
952
679
239
507
806
287
165
662
956
821
543
465
477
890
890
899
968
791
774
155
716
127
776
392
467
94
71
362
912
562
163
84
8
144
784
583
200
691
638
577
624
538
64
708
567
217
590
765
308
369
143
661
164
363
924
570
650
973
55
560
849
753
259
621
733
529
920
705
63
858
217
719
436
315
352
965
835
48
939
363
128
808
948
369
712
906
377
761
233
491
332
782
735
277
112
140
102
88
185
195
488
204
333
101
277
571
138
565
529
180
332
456
226
152
836
108
300
472
571
79
80
628
752
881
257
243
103
740
294
770
604
585
277
225
756
238
802
186
447
824
512
360
100
82
415
506
15
684
773
860
201
830
84
646
81
520
177
603
298
73
861
661
23
238
52
46
820
647
290
295
564
350
802
382
50
427
741
751
674
203
18
196
436
918
630
633
177
172
143
627
905
645
802
486
232
271
231
442
300
297
286
338
69
864
780
451
693
767
772
954
124
77
670
413
384
331
831
163
506
679
766
894
467
672
953
668
76
488
448
721
331
304
262
7
243
270
944
836
500
116
723
86
802
347
381
794
562
957
203
223
578
216
572
744
992
170
849
155
244
634
429
873
27
431
869
729
933
558
818
293
938
240
642
352
782
441
528
78
190
618
757
583
192
221
190
567
770
646
721
198
512
759
217
551
60
322
391
354
112
388
681
243
269
173
446
945
144
99
210
851
707
933
169
963
350
527
936
815
423
311
254
376
202
693
965
71
769
312
207
620
46
409
179
200
204
461
593
416
15
531
408
684
957
964
685
273
566
354
215
540
208
175
665
611
98
257
810
947
776
147
666
944
355
852
123922.5
341
877
479
834
356
791
687
464
20
763
880
324
827
215
667
40
697
705
267
536
592
277
625
916
321
857
720
864
23
415
513
927
848
711
419
123
433
701
378
196
941
53
896
670
381
592
773
511
818
766
900
558
389
75
469
465
227
798
642
874
108
594
379
294
362
795
163
670
582
55
211
626
891
399
194
50
736
228
408
449
447
3
259
633
737
222
554
840
581
299
381
252
118
863
636
795
46
21
429
824
167
665
934
696
681
763
219
570
9
800
364
265
943
495
398
710
695
677
745
362
50
124
940
863
882
385
704
111
342
496
760
478
863
597
960
430
571
906
647
939
936
115
937
33
503
591
87
513
894
329
839
865
125
171
358
337
830
351
711
454
390
319
622
94
1000
339
250
219
923
48
621
156
688
327
808
550
452
796
415
485
851
448
108
845
211
418
347
165
479
754
50
777
343
369
611
748
32
740
235
579
359
971
337
777
90
282
681
776
331
690
516
932
976
859
430
223
484
553
745
456
395
298
177
857
180
583
198
630
351
877
698
238
899
765
835
484
244
727
273
320
533
834
685
251
143
638
671
624
592
864
649
839
423
426
712
146
180
292
72
434
883
231
81
469
201
694
269
988
362
898
627
293
220
186
485
736
747
515
843
89
871
651
575
951
66
686
96
777
812
327
451
819
979
199
398
403
559
435
809
506
570
129
124
215
263
849
371
499
783
574
364
889
86
755
904
966
859
327
618
109
906
413
622
821
330
342
955
708
517
513
613
40
479
234
637
469
64
407
760
633
18
230
230
422
648
622
716
758
826
181
708
902
408
597
197
776
617
595
502
797
592
107
775
745
269
708
602
940
973
664
636
250
898
778
807
880
351
977
709
508
38
42
454
460
400
330
806
402
183
25
554
217
142
131
912
692
334
786
944
239
413
626
158
205
259
264
283
866
585
80
669
972
199
468
525
30
586
580
315
327
718
532
67
706
596
361
596
627
273
272
756
544
257
955
668
511
74
704
541
151
836
213
583
235
35
436
222
733
253
906
305
920
416
956
295
35
509
280
415
916
893
614
288
371
25
87
595
39
200
601
857
743
798
867
232
234
214
665
783
90
952
255
129
541
335
368
129
829
722
680
426
436
630
207
956
557
552
752
802
427
24
553
8
361
599
492
764
756
362
585
320
782
255
103
258
800
462
947
457
417
341
30
299
418
231
481
445
215
654
855
411
488
687
391
974
154
684
310
260
683
791
235
180
139
431
278
647
909
864
444
927
307
127
226
500
417
388
311
114
666
821
206
717
748
535
856
490
58
56
45
328
330
110
603
743
357
17
869
571
526
120
214
422
580
929
777
997
268
477
884
299
363
618
438
799
207
149
123
6
932
672
213
276
725
769
699
388
767
741
624
507
545
324
386
698
558
496
329
5
972
737
63
790
75
417
993
29
542
682
405
73
854
240
837
197
301
615
691
900
494
463
379
594
708
56
735
424
553
954
971
893
859
179
846
814
228
234
92
623
473
263
193
39
404
28
471
876
9
848
168
208
525
10
674
793
645
977
480
628
786
969
241
729
751
591
439
184
742
698
345
108
628
874
971
307
560
625
725
370
704
488
575
544
758
583
838
277
652
364
220
571
909
560
53
642
409
237
829
702
304
899
911
120
794
857
505
188
824
257
375
301
93
436
183
308
117
613
133
220
86
814
521
817
617
530
280
899
454
957
130
570
85
71
398
907
23
498
674
776
939
689
146
256
662
131
851
418
674
495
234
196
210
377
95
730
869
976
355
217
112
353
437
479
766
50
936
928
860
478
691
875
614
395
598
625
73
739
731
206
288
345
32
462
610
286
395
527
294
389
447
204
376
523
729
1000
125
737
284
526
981
779
668
82
256
404
645
787
675
766
586
522
288
449
403
347
212
348
381
701
885
25
428
561
677
278
919
378
107
206
377
871
288
646
262
90
741
984
948
779
702
263
732
16
448
653
692
722
227
325
36
889
233
891
815
226
86
651
54
680
289
491
809
755
979
867
311
5
181
785
651
606
111
796
154
60
613
504
904
812
501
111
680
212
518
324
258
141
313
585
308
289
511
887
58
254
668
561
653
916
161
656
651
384
618
134
200
142
728
445
516
317
380
55
313
549
391
521
146
609
89
353
975
2
83
205
809
410
880
1000
904
59
593
525
840
454
404
202
404
121
777
587
145
748
367
477
660
461
331
824
154
198
392
575
496
6
444
717
732
707
985
80
194
956
389
572
494
658
272
229
709
952
347
765
982
318
81
231
907
687
877
121996.5
683
825
539
931
175
889
207
455
896
746
885
277
250
252
815
86
428
705
234
504
650
208
76
854
469
936
991
844
556
440
355
933
476
772
95
204
969
737
141
241
891
28
818
587
370
632
312
479
215
675
812
632
783
80
675
482
964
837
78
887
770
575
586
382
458
880
67
610
46
123
224
716
117
333
62
65
460
209
972
426
795
82
998
617
436
129
55
752
184
336
3
318
666
830
24
823
935
18
986
901
652
574
413
794
39
862
381
506
149
872
843
273
569
554
451
794
320
618
38
323
453
151
317
919
242
308
470
203
972
595
56
483
646
618
871
408
230
899
372
969
138
199
138
38
172
583
744
501
594
307
612
960
59
217
356
401
111
356
693
403
288
266
430
107
351
423
973
295
29
6
203
173
692
236
819
569
268
841
683
487
355
388
97
935
734
512
555
224
958
812
575
810
760
285
971
678
82
640
921
632
821
985
380
797
71
355
668
846
758
659
753
910
51
889
545
322
692
510
582
516
642
333
506
886
10
630
213
559
893
919
206
277
105
721
394
555
713
774
92
408
306
837
543
177
875
728
329
722
921
780
692
839
406
411
544
228
725
275
948
472
904
144
287
507
409
659
187
935
844
802
71
339
1000
164
692
807
30
471
397
128
580
735
46
900
295
614
710
874
374
307
855
748
282
255
482
313
148
437
653
406
18
93
929
189
237
919
109
465
848
478
867
978
365
736
419
930
252
305
831
150
843
318
241
910
319
321
451
608
464
555
100
121
994
144
739
504
880
366
930
711
253
216
40
389
435
542
332
743
368
226
404
931
46
504
195
716
33
643
141
855
282
111
249
650
831
779
370
890
508
743
802
161
919
862
603
974
226
899
895
463
462
43
21
556
635
357
137
315
592
45
965
173
438
206
52
656
783
782
407
189
336
628
151
132
250
168
773
785
697
77
76
977
382
454
88
46
369
557
837
356
846
594
333
780
974
334
97
703
270
358
257
615
72
881
115
492
588
646
706
218
715
236
908
289
672
385
656
787
971
833
669
985
928
921
112
120
781
233
259
832
154
647
840
399
748
100
188
37
415
572
796
839
682
934
95
299
403
609
639
44
68
166
576
473
360
317
825
773
464
716
879
440
104
305
736
532
446
847
331
482
764
561
822
304
727
427
888
711
950
574
142
783
145
35
775
806
533
993
271
446
915
3
626
329
84
533
264
231
656
941
607
580
64
449
174
149
109
322
872
616
671
168
100
107
562
348
878
903
889
400
852
309
722
178
200
405
434
308
240
617
288
303
134
720
848
889
871
8
642
135
5
405
496
650
104
416
552
881
699
493
920
288
258
548
343
696
7
282
345
924
454
446
117
463
371
168
135
201
608
950
183
232
712
751
133
778
248
683
800
637
873
519
277
289
602
645
575
296
795
945
712
132
154
10
8
949
106
542
799
454
397
896
324
839
500
287
64
776
905
518
381
395
444
725
573
657
656
600
95
1000
659
938
898
808
133
183
971
119
299
404
942
159
509
343
346
475
65
70
826
185
393
561
958
685
807
725
767
472
569
862
619
253
749
765
338
498
332
772
803
381
588
711
66
977
183
481
806
791
123
703
93
500
400
763
983
829
11
664
412
167
746
894
769
109
51
373
132
918
15
224
143
921
258
728
770
605
216
876
458
347
290
172
768
167
625
147
137
39
671
76
510
449
86
602
441
280
719
368
852
132
976
145
374
459
405
104
547
682
502
910
275
76
769
570
1
791
24
729
394
144
98
171
807
84
45
831
376
352
926
202
26
420
645
787
287
921
546
881
848
726
696
695
620
522
981
1
152
829
662
331
283
35
417
599
858
443
452
251
433
516
161
341
334
689
142
193
795
294
215
981
661
675
615
350
804
622
89
737
99
516
253
332
789
347
619
174
267
399
117
979
886
449
365
751
65
945
993
74
872
354
254
320
896
221
846
759
754
995
455
702
913
751
317
418
942
771
219
311
298
23
635
237
813
785
319
139
148
73
891
203
833
843
744
987
788
304
840
186
773
639
573
95
369
153
161
647
720
932
515
512
842
707
479
516
363
187
780
267
383
292
103
538
151
113
767
677
503
616
367
143
930
560
904
673
562
153
535
631
620
497
5
302
354
242
917
364
201
110
296
57
945
982
422
103
745
813
878
844
900
842
339
568
125
768
842
350
537
313
143
782
114
109
569
274
449
645
798
348
196
132
49
444
810
528
826
447
242
769
200
961
624
153
95
466
821
443
76
280
446
688
849
252
903
961
859
172
274
936
495
888
122362.0
861
808
322
954
695
897
1
384
257
830
377
306
982
218
934
25
869
802
176
546
861
269
774
817
898
904
514
767
165
354
847
895
972
759
768
242
47
743
721
194
735
81
251
566
522
662
635
506
500
706
392
620
848
65
565
420
352
773
980
942
167
488
277
426
642
965
731
517
446
45
511
637
267
378
504
155
770
126
990
388
950
34
953
605
594
128
150
808
830
286
716
241
161
903
688
754
227
25
947
976
427
489
893
710
23
782
111
588
717
937
849
223
175
577
30
712
940
568
665
308
71
113
309
923
52
272
810
142
577
568
98
575
584
608
901
357
8
970
867
885
230
115
543
45
291
528
203
469
402
308
650
901
192
317
96
307
53
348
43
449
747
256
172
19
592
454
776
244
550
50
882
201
533
152
519
504
59
755
385
532
494
320
371
908
955
528
413
130
678
791
158
826
149
282
50
611
935
571
227
697
985
911
748
850
583
301
289
766
418
691
509
833
61
799
161
257
34
558
564
483
720
268
875
877
936
649
797
572
253
931
440
277
281
670
336
568
30
682
669
404
392
823
694
266
11
700
520
644
208
788
976
840
62
483
962
289
766
200
508
482
401
64
501
416
189
635
69
991
254
774
776
373
509
247
256
824
415
500
66
181
49
793
694
887
79
526
656
789
537
321
12
648
58
352
142
320
254
481
659
481
593
161
123
156
348
892
938
451
550
419
975
895
416
786
784
980
467
269
925
250
878
327
953
966
180
383
497
610
586
553
580
44
375
200
812
503
397
318
605
699
976
246
573
403
189
569
517
693
394
285
4
1000
24
465
767
684
328
678
98
923
111
155
382
591
202
713
729
974
212
709
318
138
464
869
187
879
804
832
428
514
84
9
203
582
874
333
272
255
667
118
204
182
709
245
879
606
668
739
458
101
775
542
572
129
444
110
623
719
802
56
3
959
272
412
475
28
740
482
359
346
695
579
831
790
878
324
139
639
274
366
999
626
839
940
104
460
527
712
736
250
113
164
261
246
727
416
291
768
379
873
710
946
51
845
619
94
710
177
332
923
564
647
761
365
739
143
557
94
778
481
368
879
127
898
356
374
639
676
399
46
181
252
999
492
398
320
455
814
68
735
74
363
662
397
913
588
425
851
759
486
659
536
719
321
606
483
837
698
496
585
984
764
50
93
421
761
490
988
265
476
360
74
418
336
845
464
658
149
842
891
781
644
376
419
394
86
133
347
624
646
114
111
242
123
380
355
385
869
977
376
456
209
340
264
194
393
530
271
336
644
852
364
210
644
233
823
131
66
246
227
153
307
249
721
941
328
841
928
726
413
281
310
59
506
259
678
501
218
28
876
854
526
723
462
80
68
325
163
730
938
540
258
760
834
609
747
751
699
223
643
650
529
923
221
423
705
485
235
63
965
380
175
539
51
10
869
738
623
223
487
1
989
85
785
505
276
365
780
344
548
213
302
91
626
159
640
914
672
207
979
966
972
802
740
875
170
992
196
101
314
77
168
401
345
401
482
155
142
270
271
27
475
213
733
973
691
903
524
9
847
260
314
702
684
955
590
391
825
835
399
893
708
646
951
83
397
665
742
482
656
146
509
525
856
793
736
700
705
462
214
543
861
367
76
274
413
73
859
811
192
229
906
311
823
61
632
333
903
631
397
242
176
387
256
991
129
919
74
420
145
871
427
315
513
711
213
989
300
465
231
99
86
91
515
751
13
654
631
601
826
587
109
881
614
847
730
865
722
804
143
800
267
372
111
347
892
345
388
257
221
695
341
170
722
675
942
620
830
790
703
349
722
575
546
717
9
243
929
533
321
388
56
442
520
852
384
334
283
76
544
578
383
184
591
358
278
780
195
442
903
714
594
282
316
893
576
264
721
53
489
821
418
643
307
434
187
765
341
945
975
109
502
835
675
727
995
222
48
203
298
689
319
96
143
751
746
87
995
265
746
662
769
817
450
922
757
16
367
904
62
800
200
854
713
793
100
392
52
620
181
961
924
873
986
521
389
355
155
99
668
405
91
307
100
770
716
984
976
539
455
97
788
561
435
953
141
500
205
913
221
526
455
535
35
353
640
372
625
848
241
175
641
659
647
996
73
753
607
495
505
3
388
189
293
366
433
844
66
729
66
165
913
791
112
107
845
171
865
107
775
129
626
221
861
311
399
317
301
557
685
158
29
838
358
43
644
791
390
311
71
736
535
777
456
148
470
236
716
193
925
218
205
38
421
578
532
314
239
570
678
684
226
739
954
122
256
900
922
542
813
119159.5
345
902
554
859
63
913
451
451
552
862
641
387
673
250
87
106
172
829
499
543
548
198
23
800
479
832
252
794
730
270
948
833
256
688
824
319
75
784
415
138
177
146
93
626
984
597
579
421
593
719
42
700
595
79
706
370
992
757
432
979
560
551
376
491
479
939
900
503
345
87
288
627
644
414
71
178
41
200
98
309
33
42
2
686
162
128
864
892
466
336
64
221
812
905
771
664
892
84
406
958
373
518
840
757
204
766
570
640
777
963
116
321
498
559
524
709
717
544
194
228
474
62
374
984
847
224
126
193
306
502
270
634
61
610
659
280
494
928
378
844
184
127
241
36
598
628
938
513
854
329
284
806
580
379
360
314
732
266
390
382
85
345
920
8
162
364
989
183
240
107
265
228
659
173
558
505
501
853
389
626
263
357
411
935
524
446
391
194
930
824
174
857
480
302
59
516
594
503
786
680
756
983
291
897
284
263
240
786
272
672
505
856
720
888
749
259
713
583
702
510
487
291
229
906
397
720
60
608
415
850
706
226
436
608
687
625
106
715
824
409
117
863
119
310
42
628
485
729
593
734
734
874
961
469
318
189
530
105
436
414
262
115
545
508
528
732
978
945
645
856
612
334
215
148
354
903
11
405
355
136
442
877
93
874
851
616
57
700
584
411
55
595
618
263
36
404
317
465
96
420
763
256
274
122
651
986
239
450
599
461
186
937
791
761
601
974
510
346
904
215
137
413
316
992
820
288
367
605
784
559
311
5
828
245
920
596
657
292
872
608
168
335
309
437
776
508
856
622
558
269
942
937
888
555
940
589
71
670
569
911
477
65
463
562
973
701
537
876
762
669
140
222
185
780
307
852
974
860
95
435
682
55
288
531
528
308
906
168
539
190
247
233
61
318
296
523
411
793
209
181
743
514
898
125
660
93
201
629
70
66
70
943
564
450
954
40
532
432
35
345
685
495
773
697
792
416
742
639
243
398
332
574
600
971
988
488
638
717
997
215
701
218
885
197
217
405
984
768
587
864
75
849
359
902
676
98
446
204
193
890
82
589
659
353
455
64
144
93
602
542
943
856
423
889
407
467
493
637
490
63
641
161
40
421
480
265
380
752
698
699
543
308
896
338
595
565
180
826
635
482
895
509
955
255
460
491
250
758
937
610
477
846
862
98
346
854
816
999
601
456
184
105
4
354
25
420
996
191
7
799
523
580
962
431
78
84
138
314
316
591
731
119
575
139
945
419
515
968
330
285
805
210
610
284
801
385
376
338
200
714
91
267
156
627
658
821
329
127
767
179
664
287
154
738
541
388
208
959
797
380
874
248
249
593
98
769
658
213
797
906
547
582
494
405
435
141
611
119
574
848
680
261
553
830
867
777
300
679
455
608
956
597
461
123
287
677
668
164
460
989
149
261
409
71
395
895
277
694
379
587
255
895
539
756
130
225
709
832
606
593
227
279
19
529
928
673
952
752
221
956
302
881
334
700
541
123
103
270
819
404
140
90
163
388
511
452
433
198
850
319
810
426
482
714
688
647
878
613
548
932
526
229
59
589
321
539
290
898
34
458
302
749
277
942
374
451
743
662
339
660
898
456
473
757
582
718
109
644
296
175
297
789
197
144
528
425
370
760
726
197
600
819
232
745
488
652
518
820
620
371
126
228
250
342
754
147
498
168
808
214
264
382
250
606
845
194
734
326
784
153
641
110
847
557
761
27
795
704
526
756
45
121
182
701
892
682
628
623
230
237
134
184
335
150
130
901
154
307
231
130
528
311
174
811
783
951
568
870
79
628
862
719
467
467
464
35
534
946
192
222
272
84
928
478
127
445
883
251
854
521
744
317
497
569
103
231
396
95
691
934
82
575
241
281
878
511
82
640
454
461
40
345
944
292
491
168
617
323
178
911
634
411
721
677
217
952
774
141
195
225
905
358
25
170
309
820
125
928
448
726
774
851
615
424
92
714
276
391
232
4
547
205
246
671
94
20
112
18
469
160
524
844
165
981
4
395
833
246
383
585
486
83
996
27
141
638
387
922
753
356
857
799
511
397
233
225
252
265
20
173
70
406
998
19
867
636
456
568
984
148
261
571
238
625
53
159
709
657
762
509
882
388
994
339
947
333
673
114
131
41
515
814
417
39
763
905
525
926
825
676
755
628
278
868
179
321
517
261
242
636
732
95
196
363
155
577
680
336
804
58
432
612
431
378
377
498
988
706
869
872
100
179
666
345
417
437
201
181
84
663
115
190
344
997
252
272
496
859
404
749
128358.0
988
984
639
904
953
971
955
460
922
868
790
292
866
227
792
132
301
745
730
458
628
176
811
818
656
806
587
767
813
211
625
811
34
679
727
319
367
818
449
206
678
240
891
614
69
674
660
358
41
787
59
733
236
139
640
373
26
672
837
989
780
531
976
535
328
966
969
513
144
118
797
581
334
422
155
255
924
182
198
332
1
6
555
726
675
154
761
884
5
248
605
303
126
861
950
690
264
160
864
883
811
424
601
763
494
670
977
640
296
989
654
411
884
548
739
684
84
635
173
219
228
63
339
922
29
138
182
181
50
543
987
731
770
552
527
228
810
910
613
857
763
52
587
43
527
624
944
525
878
381
720
744
628
383
810
231
945
236
460
328
392
273
190
92
721
297
78
259
990
67
776
200
798
232
660
496
952
881
268
653
709
386
885
977
576
409
981
222
167
806
117
914
752
398
560
503
178
524
783
712
976
974
543
830
720
327
645
791
911
752
836
891
796
796
904
201
520
619
732
446
808
337
718
978
552
733
297
613
260
817
147
150
716
538
820
715
893
805
382
452
459
782
886
324
866
726
687
669
356
822
159
774
583
444
373
177
159
182
316
420
879
167
658
532
869
681
524
866
99
942
707
292
372
242
143
918
345
389
934
176
70
778
961
939
763
705
373
790
498
393
547
625
235
301
964
489
183
427
466
348
67
325
68
137
382
937
500
404
358
444
864
896
983
836
606
985
450
387
569
263
80
452
234
917
132
234
39
565
295
528
751
53
180
237
217
616
846
320
882
527
389
412
838
495
84
516
623
715
917
305
480
878
232
637
882
686
830
750
535
972
583
157
218
644
342
676
792
879
645
654
690
311
598
760
507
875
523
926
1
369
164
24
708
544
225
395
522
118
438
202
506
219
159
405
548
427
547
878
186
125
814
424
173
55
874
106
462
668
933
104
165
900
806
427
552
95
64
470
543
390
867
548
85
797
170
403
547
605
540
495
394
655
359
932
96
524
969
676
334
168
849
289
556
186
435
354
751
740
879
890
244
842
382
999
343
65
835
292
417
841
905
493
471
379
952
152
504
103
769
609
175
904
180
939
116
464
32
658
151
20
264
77
246
473
243
364
60
728
753
650
862
284
831
272
958
516
365
840
707
582
509
459
678
259
359
572
194
682
728
596
596
895
81
76
364
809
589
994
484
498
816
47
808
379
717
421
581
259
295
876
555
679
244
376
488
83
687
344
140
568
62
123
600
60
432
342
248
926
749
237
239
191
677
206
714
470
364
383
770
666
757
191
25
707
253
786
337
48
594
225
401
216
431
826
604
485
338
949
317
290
584
181
939
624
439
740
917
120
176
917
187
486
547
493
617
165
452
202
43
838
605
361
523
781
770
759
992
640
443
620
914
565
866
198
677
604
290
123
646
960
97
210
304
64
743
982
639
744
678
601
904
965
92
806
357
206
129
813
636
582
946
332
67
606
897
678
690
761
127
939
317
938
669
749
252
196
400
197
654
400
50
82
273
457
12
534
315
152
56
286
739
522
242
646
243
699
370
633
15
887
637
286
66
598
245
569
102
993
468
553
417
788
64
849
600
405
790
756
90
563
98
494
509
811
185
699
884
680
254
175
627
802
523
61
460
403
402
746
435
154
931
774
736
760
777
573
900
893
918
284
77
143
298
252
482
184
157
153
159
206
409
379
964
550
907
119
183
307
914
129
160
199
797
487
8
49
872
739
514
782
408
133
960
758
688
604
36
605
129
310
670
109
925
202
358
988
59
325
812
40
48
219
878
716
130
901
604
930
913
598
580
799
94
509
307
96
216
1000
238
250
336
50
360
528
252
415
273
165
610
538
963
255
606
605
203
312
171
40
423
890
715
628
111
199
302
488
563
729
500
462
732
348
612
329
651
98
562
409
420
897
624
338
695
777
470
879
441
232
829
138
550
440
306
79
876
814
910
916
611
816
773
896
481
341
469
688
656
390
250
86
257
172
713
749
162
11
792
64
278
96
525
796
61
995
417
442
169
209
397
648
747
88
180
121
878
541
565
927
551
310
784
765
938
392
383
126
481
167
473
166
977
474
835
60
508
624
688
569
913
198
927
626
470
679
709
70
991
630
683
598
981
441
790
322
630
379
343
25
291
79
8
766
123
62
538
952
86
951
773
741
797
650
846
853
525
319
816
264
506
541
774
140
305
376
829
499
650
238
743
8
284
563
295
360
42
597
519
714
588
965
932
87
59
443
200
401
20
237
192
600
16
152
455
910
526
298
68
859
940
691
125690.0
848
892
301
950
137
973
397
487
66
841
851
314
180
327
484
73
124
840
412
451
34
82
835
803
882
815
232
773
964
287
929
820
678
724
813
311
829
817
198
265
823
190
502
514
777
735
290
323
989
690
265
795
894
149
312
439
707
723
133
916
762
504
234
592
202
958
651
563
571
128
414
610
57
484
980
177
357
121
991
303
241
46
421
681
196
182
897
856
113
245
730
293
880
810
438
602
838
254
463
937
883
365
857
786
51
723
767
737
855
950
519
321
792
454
959
684
175
609
619
249
4
147
830
939
259
132
578
99
108
509
118
788
514
588
483
249
29
823
532
836
263
4
455
91
920
646
805
586
47
470
359
771
972
322
60
309
670
258
564
243
123
277
747
132
291
276
264
246
678
115
991
295
756
189
680
401
944
784
668
681
164
338
173
895
359
342
363
303
475
786
665
931
68
306
260
478
213
434
159
646
512
988
300
758
533
354
499
691
85
688
724
797
421
820
597
294
962
706
442
541
505
343
36
975
260
797
517
522
724
896
876
144
699
464
291
787
743
781
872
530
857
806
440
376
789
787
13
647
796
819
903
783
982
404
352
87
223
123
393
368
880
150
755
602
975
610
470
861
169
998
67
206
528
260
724
875
608
419
185
113
68
870
308
850
863
674
423
705
670
369
496
705
141
209
664
493
77
497
534
276
548
383
225
168
55
985
397
384
750
505
803
857
686
892
836
965
635
422
731
185
719
478
744
854
419
146
333
567
612
525
532
149
298
315
575
532
679
266
12
542
15
388
980
479
365
518
921
773
567
227
887
873
614
612
939
638
934
750
351
996
424
243
662
546
715
770
132
842
999
682
254
302
98
672
230
909
403
873
286
347
615
67
530
627
524
371
439
89
538
230
881
158
815
358
34
480
1
972
590
170
302
341
932
133
646
188
959
691
687
148
518
907
632
356
950
181
877
398
512
393
645
588
962
799
767
459
630
660
167
557
1
585
813
933
708
472
263
605
681
247
628
267
356
163
825
441
727
719
270
929
405
843
899
991
120
77
492
243
687
925
453
512
242
339
885
190
351
114
673
613
423
959
523
907
908
518
519
698
91
102
283
141
241
515
395
457
80
686
576
551
596
220
933
227
297
560
451
924
482
487
532
474
758
192
226
536
470
754
599
553
217
823
77
90
573
770
803
962
419
524
715
138
304
402
596
471
227
196
122
786
312
747
555
445
537
154
420
418
155
595
453
36
463
33
247
346
740
999
466
227
632
204
759
115
841
395
651
465
703
688
840
179
404
700
915
747
948
12
806
310
345
283
837
893
919
478
507
985
462
334
153
94
806
647
955
664
652
165
258
992
674
484
788
518
316
216
163
283
809
924
114
352
794
746
898
835
225
590
713
611
779
508
25
163
37
658
461
214
304
942
48
154
601
134
161
906
176
655
462
647
876
987
258
844
210
154
728
843
999
509
209
329
898
563
485
687
265
783
544
976
586
915
74
780
263
230
779
264
956
354
448
64
164
422
711
485
637
164
570
350
263
517
83
667
869
617
123
610
350
862
87
321
687
517
58
580
761
938
245
563
635
801
502
797
711
496
586
836
565
562
456
552
655
733
498
733
76
604
754
105
355
852
37
156
937
463
860
823
382
62
379
859
759
740
658
658
466
992
458
211
86
77
588
336
291
101
747
166
443
228
267
342
316
620
313
153
600
380
441
192
926
223
89
421
463
32
511
798
171
862
486
122
595
727
549
569
420
676
864
356
181
115
213
105
904
898
816
256
196
96
271
229
61
778
841
957
710
849
137
697
353
805
414
514
793
67
787
999
448
197
964
42
859
472
458
470
29
251
462
566
438
296
178
678
784
240
298
62
573
954
34
703
867
259
143
402
792
634
237
489
298
433
285
347
165
39
574
460
227
823
675
419
561
868
456
877
320
306
299
123
543
348
390
161
113
809
974
834
155
907
938
993
95
319
997
660
941
417
513
172
667
246
128
819
242
77
135
93
882
52
840
803
574
917
817
467
543
247
877
684
274
111
472
64
85
585
442
951
300
239
967
686
103
449
201
177
184
128
40
193
158
512
400
102
837
565
817
622
6
246
903
586
273
744
162
69
410
607
203
552
668
528
461
422
944
451
510
7
929
120
718
787
719
129
100
937
797
921
715
780
872
594
731
761
535
300
230
331
240
601
170
230
412
410
53
481
527
233
980
23
115
532
36
337
325
690
852
684
262
955
386
33
27
365
578
418
723
240
861
694
132
88
671
909
660
216
46
822
529
636
116467.0
623
927
620
953
494
918
534
408
860
796
955
360
319
403
264
18
392
759
127
519
746
32
154
705
378
828
13
834
292
240
197
782
950
714
27
242
959
742
36
221
621
125
672
553
26
640
19
388
923
601
397
782
318
189
941
380
773
746
839
985
68
500
157
650
972
877
66
657
88
48
499
612
517
477
334
83
46
201
624
401
641
19
800
632
361
257
861
875
168
243
145
333
22
882
725
572
607
171
551
971
275
379
747
741
582
668
706
761
534
925
165
274
827
494
336
585
193
526
701
170
106
135
926
884
74
97
487
175
118
460
967
840
43
507
772
332
281
878
790
906
447
83
640
143
32
644
45
665
693
382
393
694
405
270
762
241
385
182
543
330
698
258
664
41
612
184
858
236
849
184
585
219
924
141
364
352
661
882
770
674
95
378
901
881
793
316
119
350
578
699
325
969
205
378
476
521
299
518
124
550
300
894
888
810
492
400
776
662
651
763
93
818
877
814
519
251
731
744
109
457
646
319
24
897
365
826
109
540
122
805
507
235
403
470
35
840
950
765
49
570
415
730
536
452
210
799
42
689
343
754
768
766
105
371
10
51
277
172
484
376
982
186
24
692
280
671
483
873
507
957
656
255
533
173
849
918
30
478
36
45
360
934
710
831
847
644
801
633
173
420
606
656
66
212
81
470
616
566
753
233
241
441
26
150
789
951
187
352
487
532
318
772
8
907
755
870
92
394
253
117
484
474
246
911
808
70
808
524
130
619
418
104
927
237
57
568
47
331
926
497
971
486
118
424
709
510
678
695
858
306
365
969
724
624
542
621
252
731
246
915
273
211
484
459
540
749
464
907
837
750
663
386
68
655
639
891
157
924
232
275
59
73
723
583
17
429
245
48
955
152
87
163
677
427
646
495
225
947
96
94
5
367
986
63
513
141
871
664
323
220
723
862
96
441
40
149
312
314
600
454
291
606
428
892
864
374
720
756
959
633
486
584
759
840
154
505
802
518
136
346
235
198
188
220
2
538
897
802
756
913
925
787
370
905
916
171
173
330
449
944
821
589
365
380
72
106
168
199
906
514
40
871
434
893
645
477
6
646
569
175
792
237
827
609
360
536
305
680
792
576
928
229
99
131
436
461
949
996
557
390
28
435
188
134
969
552
96
840
736
576
948
743
643
155
15
841
176
939
864
591
285
138
850
484
705
553
631
171
581
775
210
725
417
442
606
119
899
502
762
611
825
115
72
67
985
378
125
991
118
233
329
160
360
123
739
315
747
491
340
767
604
126
14
604
307
753
617
27
712
281
187
230
882
843
533
553
682
885
139
288
371
67
537
658
402
665
509
101
294
975
456
536
452
596
438
231
652
224
163
834
128
355
660
765
142
785
129
499
411
579
723
490
397
86
693
746
8
314
213
852
893
82
122
60
402
949
186
627
77
639
153
898
274
915
869
180
268
927
20
494
370
418
829
597
151
785
126
730
768
976
509
831
92
758
264
165
354
348
965
362
982
19
272
330
299
503
61
243
596
366
142
617
141
765
253
540
45
599
931
792
410
296
283
501
97
669
422
946
793
636
656
735
29
806
856
480
583
896
381
648
244
640
464
758
535
673
862
519
167
108
629
894
636
119
925
464
278
871
122
159
332
782
134
655
508
587
609
913
820
164
330
25
689
403
269
134
506
165
1
309
973
436
320
720
602
62
895
381
245
178
563
321
101
388
836
5
707
854
911
956
34
70
224
659
402
493
483
629
712
378
298
116
97
125
947
919
663
195
44
50
715
169
290
871
545
910
402
934
167
724
110
799
122
462
353
161
673
919
430
241
686
82
49
529
375
396
63
228
662
466
442
281
996
773
79
189
730
67
950
972
160
793
951
294
845
319
500
665
981
493
234
361
861
404
214
91
517
558
70
891
193
387
169
964
457
906
890
353
307
218
430
248
330
135
958
869
349
753
993
966
788
979
512
326
954
680
721
484
133
123
355
250
743
856
837
153
869
114
837
42
166
810
123
872
37
559
354
273
92
684
713
101
315
119
338
643
156
883
440
207
663
687
215
454
442
128
936
170
46
220
75
422
897
144
227
498
838
672
521
183
820
611
117
803
756
133
492
623
622
637
994
510
513
437
872
411
846
77
273
93
494
858
718
29
176
898
278
835
211
791
670
615
207
818
89
251
49
246
102
625
484
243
826
477
661
488
951
194
629
6
758
630
878
339
693
673
146
660
160
937
693
112
629
311
852
515
19
140
438
713
843
152
743
884
454
148
670
822
340
556
121528.0
840
884
13
868
64
996
516
418
330
786
14
460
371
407
375
77
547
741
607
502
28
78
563
622
800
921
150
901
206
269
939
734
470
675
80
337
175
828
598
170
973
100
728
621
517
622
62
353
790
584
553
691
592
179
759
283
597
672
805
981
314
441
311
596
851
881
961
710
308
84
7
623
712
564
753
54
349
133
561
319
830
42
416
599
800
210
623
815
343
149
551
268
188
822
350
510
515
125
296
955
395
317
959
760
3
690
613
675
488
827
620
253
877
541
577
560
883
428
5
148
451
75
424
875
127
7
165
195
692
536
727
829
134
557
319
386
667
893
994
899
61
4
714
195
832
659
899
587
144
392
981
762
828
189
363
230
500
167
131
236
965
330
582
15
151
188
528
230
88
146
947
138
427
142
799
348
554
814
44
688
419
389
803
836
871
383
156
333
742
696
11
946
280
459
755
541
255
520
526
537
747
974
577
761
606
474
953
694
885
724
777
750
415
749
147
276
283
699
406
363
515
262
916
827
894
908
561
540
466
814
486
275
322
562
159
888
432
756
584
570
867
824
754
358
150
781
34
743
476
730
713
779
161
291
173
15
293
178
146
293
587
98
261
678
338
654
437
860
507
988
518
184
75
131
464
943
979
555
127
135
464
995
167
759
639
668
659
652
82
449
175
673
559
286
986
394
100
652
128
274
219
532
715
64
128
888
50
303
955
499
881
778
708
987
68
874
935
463
940
79
107
523
608
975
148
34
617
521
581
629
739
87
572
241
166
479
963
337
579
454
830
538
767
347
450
517
393
625
75
246
465
975
466
577
495
670
176
704
94
881
735
260
154
558
720
664
452
927
925
753
198
342
215
702
65
860
866
962
757
369
741
5
226
566
912
330
545
47
396
89
19
178
180
368
3
526
728
943
994
95
236
313
999
102
351
85
171
705
768
204
366
843
733
518
446
83
717
276
9
371
236
625
391
846
247
321
316
761
317
664
27
640
229
803
258
540
788
524
811
303
324
152
191
180
515
504
132
703
525
900
649
733
765
992
99
104
433
250
209
963
687
534
964
451
250
79
984
260
849
579
197
819
162
908
435
566
576
672
650
114
26
213
444
533
102
578
700
611
246
502
763
293
436
50
414
489
885
973
606
421
238
505
738
138
225
460
258
755
375
659
28
811
328
210
368
759
994
899
962
495
806
115
32
488
250
550
723
126
911
697
531
700
659
503
183
150
739
555
790
550
685
135
922
60
396
450
549
979
452
333
241
164
170
168
142
240
295
532
795
785
573
124
585
511
956
686
23
61
707
260
685
165
145
900
511
615
927
884
293
377
616
122
237
754
365
570
272
75
290
984
299
616
412
577
151
226
318
223
320
879
734
334
328
839
532
770
309
560
461
584
615
483
338
36
556
652
731
373
186
897
308
50
123
122
150
913
618
642
476
606
528
816
610
839
635
182
170
854
818
410
364
427
73
508
313
881
757
810
115
887
836
768
437
754
142
118
901
283
243
403
485
53
916
237
445
517
806
235
406
283
916
634
266
733
787
445
609
621
882
699
536
251
732
405
959
660
552
910
104
660
223
641
756
821
68
561
935
913
866
604
323
665
159
699
207
773
143
600
57
45
896
830
667
140
273
393
639
871
579
179
320
740
934
704
73
510
628
882
207
126
666
105
884
494
510
42
759
83
518
233
830
484
101
733
311
100
788
439
230
228
704
229
123
433
956
92
795
782
221
961
671
162
271
600
858
505
979
572
115
473
39
210
922
216
133
937
585
134
486
60
189
202
261
850
847
850
931
887
158
664
372
803
959
562
746
61
16
943
756
161
677
97
722
518
327
459
739
134
545
544
857
298
824
735
430
130
463
26
858
928
276
833
278
305
319
338
784
722
193
452
550
325
207
484
722
19
892
502
9
950
242
475
260
925
944
870
174
283
242
305
21
179
234
206
981
772
403
781
785
882
187
921
296
365
95
620
349
413
210
182
320
343
760
793
851
155
658
196
160
90
426
844
683
811
512
515
262
192
939
620
50
178
5
54
180
700
673
979
29
249
281
782
795
454
583
217
353
109
900
209
930
508
60
62
808
594
338
738
358
107
462
700
981
858
185
195
649
563
669
601
321
543
595
491
250
465
726
100
490
168
39
869
402
32
944
944
286
896
878
712
591
661
405
770
315
329
771
155
393
713
717
213
185
577
627
586
420
147
999
40
438
707
166
319
113
692
112
640
678
871
90
76
776
319
465
526
988
93
795
809
7
251
929
919
940
154
675
763
572
537
