500
20
126599.0
218
652
973
32
793
582
156
779
929
553
744
886
563
38
594
99
736
103
614
412
642
126
674
728
541
356
523
202
407
652
71
834
707
858
103
335
17
64
707
976
541
110
146
3
477
692
405
728
599
402
926
397
563
130
854
43
52
967
869
641
530
173
26
654
34
983
932
966
807
460
620
249
315
498
467
877
515
26
767
149
932
201
831
231
297
29
725
728
14
855
864
360
650
457
614
955
459
305
879
933
969
838
588
184
389
481
669
543
996
283
553
467
617
172
729
813
313
753
567
136
588
625
517
292
744
471
857
743
83
572
370
593
852
620
473
892
739
932
768
443
244
553
739
761
346
362
204
35
226
884
967
792
11
449
559
779
563
271
385
359
721
722
471
971
531
988
295
492
685
158
860
175
4
810
249
821
760
918
846
124
92
672
84
666
675
889
806
165
818
249
120
361
29
834
930
760
115
420
146
478
351
75
156
592
888
88
690
915
500
506
680
475
565
680
650
651
767
878
183
941
303
466
77
132
892
892
327
670
478
744
476
614
730
412
967
613
354
289
14
138
842
7
75
591
656
968
208
280
407
844
919
312
780
353
518
764
623
35
237
379
462
459
272
914
587
994
704
395
449
550
185
650
628
632
35
208
816
558
584
186
605
811
239
801
653
362
761
413
886
559
347
134
173
84
601
967
473
620
122
723
650
331
115
732
480
674
199
245
511
89
678
550
722
681
997
453
474
406
843
276
844
429
696
727
167
391
262
8
878
778
823
978
629
30
476
70
188
959
958
434
977
880
412
699
241
353
503
830
182
747
916
150
531
231
157
714
398
777
557
302
443
379
658
207
602
723
893
415
106
674
408
337
947
939
665
205
598
215
693
705
928
679
197
76
69
428
287
226
618
522
486
194
871
395
410
874
711
110
272
344
615
513
775
23
518
966
232
251
730
274
518
355
987
166
166
799
707
887
912
418
410
998
739
459
490
169
623
663
137
211
404
543
890
992
262
136
154
996
307
105
960
386
250
560
117
578
32
289
431
783
677
866
475
965
122
744
282
330
549
68
933
240
613
392
849
761
299
198
16
38
713
895
484
246
135
56
158
524
442
486
913
834
300
476
260
104
234
947
608
792
513
28
411
924
419
430
400
970
557
765
377
221
879
324
214
822
902
790
723
155
629
388
307
658
21
124
407
400
454
894
399
151
711
42
858
13
654
887
914
22
271
341
547
245
39
810
75
262
589
858
34
732
471
586
543
172
951
668
42
806
357
193
771
509
649
695
356
796
299
256
812
830
214
73
702
762
468
544
335
228
221
887
841
265
177
737
842
344
728
332
549
676
166
800
58
281
820
109
214
484
856
783
640
446
736
420
734
748
542
312
787
333
350
422
463
986
376
353
68
811
401
572
304
704
801
427
983
521
696
20
228
853
226
731
585
26
792
62
449
952
217
38
968
707
376
83
415
365
890
712
474
298
899
928
552
921
113
43
834
596
136
356
361
850
507
294
851
79
53
397
58
248
405
210
785
926
780
488
238
406
932
491
361
689
258
639
33
842
125
648
748
106
801
87
478
836
394
659
311
404
192
273
635
401
778
862
539
366
743
818
986
739
124
226
960
481
79
506
73
970
882
715
295
25
698
489
433
619
15
955
363
985
187
246
192
264
145
125
312
863
672
193
944
972
521
542
153
301
635
582
864
980
393
576
651
608
754
982
392
45
385
95
53
478
226
755
445
208
808
519
558
204
173
824
697
428
407
322
548
770
338
512
85
642
768
809
742
191
464
778
819
164
695
742
24
27
236
122
255
288
20
202
496
783
498
456
958
478
509
705
993
17
466
537
72
94
816
269
563
230
339
507
116
215
80
689
577
247
348
213
490
995
936
721
224
703
802
736
589
822
163
535
898
612
923
191
357
206
673
590
617
360
908
54
88
614
917
61
749
37
856
90
951
813
199
652
936
172
277
890
290
741
191
506
1
875
115
494
774
261
739
745
715
75
282
417
191
257
100
397
773
259
984
134
630
951
621
857
688
294
752
751
14
938
753
543
713
572
245
25
708
559
445
721
26
534
112
242
743
242
603
106
828
143
323
517
123
765
753
264
329
936
703
465
49
595
2
440
181
342
237
332
811
71
694
150
661
614
375
517
100
112
689
495
821
842
338
54
427
580
687
947
776
822
174
746
896
959
904
759
296
730
373
471
304
565
72
7
654
714
548
265
121
849
548
198
485
84
654
406
985
878
509
609
305
415
907
658
448
869
575
984
270
129
631
421
726
934
765
219
126576.5
848
310
493
958
741
372
381
309
335
373
767
105
996
993
335
948
890
809
819
670
896
869
583
235
696
667
470
785
340
359
946
257
139
226
786
620
666
941
300
15
231
805
992
898
178
401
263
356
849
544
476
684
110
772
684
912
582
28
854
400
53
911
810
266
285
112
663
17
519
567
244
741
38
563
81
210
767
884
349
786
187
709
811
752
232
953
819
342
221
138
822
699
627
528
435
50
818
758
14
132
183
244
98
906
752
527
517
392
206
633
579
516
274
789
852
131
361
201
697
886
63
463
931
782
682
443
618
199
522
481
735
338
828
333
816
110
12
85
511
474
287
515
875
254
655
681
815
921
997
162
569
173
42
625
62
173
250
768
1
706
737
213
845
24
266
13
903
507
386
923
264
732
683
154
101
147
578
106
343
902
717
342
362
396
196
107
539
737
772
765
361
610
790
107
34
292
548
618
687
534
608
974
505
350
300
913
723
82
516
565
3
592
960
252
178
296
188
51
327
51
311
506
121
946
698
192
760
324
191
267
193
323
535
548
558
438
532
735
922
946
598
899
989
441
461
22
151
723
624
86
812
759
854
600
960
136
671
996
863
604
802
503
108
107
902
55
656
650
372
506
985
252
709
427
941
802
294
377
121
892
676
163
836
276
45
694
65
538
431
519
509
958
875
885
125
114
622
394
37
357
281
735
589
241
899
269
730
793
444
948
265
529
825
399
19
464
419
512
287
681
467
639
230
324
441
546
859
920
249
200
797
101
642
991
709
980
124
119
738
632
916
143
302
327
79
666
28
85
309
235
242
816
267
845
675
197
354
229
738
779
717
669
715
864
420
271
819
589
833
348
780
592
217
96
287
715
593
696
922
337
514
407
226
840
722
652
649
779
220
404
935
861
752
591
977
53
740
836
489
562
968
541
51
993
899
3
163
772
13
802
62
673
980
881
20
289
666
45
137
611
70
3
41
635
101
836
594
383
576
723
300
381
345
91
390
785
461
23
139
846
391
614
406
425
238
511
4
786
549
237
898
65
167
18
158
253
517
588
884
881
225
751
296
565
57
231
241
887
958
996
141
48
997
792
227
964
738
390
571
588
552
121
860
554
669
889
633
78
437
196
6
941
298
58
286
561
903
91
723
196
607
821
875
714
377
203
189
298
955
897
218
655
401
365
894
950
15
563
138
43
912
793
280
932
8
898
124
164
331
964
846
630
849
849
327
163
915
826
649
195
206
368
537
324
799
818
999
306
239
256
949
745
929
395
137
362
910
293
316
813
858
179
49
972
892
182
235
517
178
804
281
175
1
687
600
222
596
756
671
765
477
379
855
278
98
808
965
794
111
613
971
173
477
513
841
597
111
281
338
632
509
711
571
489
720
105
213
723
637
283
50
519
523
196
286
545
936
411
965
907
836
175
174
182
770
886
325
927
751
135
386
946
495
380
554
872
796
635
640
226
21
719
674
97
141
133
998
925
630
448
148
593
826
197
382
627
627
939
513
507
103
752
462
785
679
94
731
514
768
620
219
519
930
287
659
371
373
97
668
315
994
845
129
936
714
232
338
310
838
497
738
696
605
634
484
152
967
589
883
221
488
161
213
759
95
424
765
581
566
31
277
211
381
894
548
606
580
447
278
136
352
80
238
781
451
793
142
783
159
158
818
843
375
91
569
474
114
797
686
387
372
15
107
503
243
442
602
38
816
923
480
892
939
512
695
330
82
707
577
508
420
772
773
163
267
616
111
692
668
309
347
561
772
434
41
231
683
768
6
255
627
905
644
336
12
889
193
948
841
767
556
821
765
172
402
605
9
549
160
296
757
965
883
559
774
908
637
751
680
796
200
407
525
867
751
326
841
751
326
778
235
5
631
362
662
284
508
179
64
234
592
445
424
398
505
892
870
747
801
326
1000
722
895
921
20
476
297
957
653
943
351
938
943
286
872
347
197
909
497
90
266
359
785
434
554
194
679
486
883
669
87
250
495
871
237
662
867
648
158
653
430
693
597
912
215
48
269
182
707
645
67
198
409
72
754
442
718
460
958
984
35
496
108
369
589
491
264
826
614
822
827
807
987
885
355
566
914
259
278
764
575
135
930
456
256
480
880
515
280
590
35
600
970
997
601
814
960
333
218
571
78
968
887
526
80
65
47
972
560
347
789
147
628
266
799
320
845
45
993
280
185
280
74
487
263
490
25
918
382
358
13
664
173
187
837
704
655
890
732
531
154
43
552
491
96
580
177
423
587
175
690
26
686
783
920
596
948
85
853
845
124447.5
18
720
249
123
849
548
314
634
481
713
317
937
683
52
134
77
363
123
384
356
226
42
246
770
228
386
986
255
770
639
633
769
822
710
395
309
671
82
53
926
120
214
704
40
58
552
136
601
524
395
808
369
948
210
16
18
93
966
100
650
78
29
946
803
172
937
640
913
308
429
513
198
919
414
480
822
450
84
776
215
633
265
386
267
31
115
576
699
415
962
40
379
32
566
984
866
793
247
996
817
594
823
383
131
276
492
771
510
326
451
969
569
382
298
823
777
914
719
792
160
43
625
747
245
478
620
23
887
280
427
940
709
350
753
53
948
724
992
215
556
880
553
724
841
67
265
838
69
643
787
200
758
63
432
965
778
314
302
14
264
708
793
715
896
410
987
526
412
999
23
407
359
196
820
473
916
803
901
113
18
397
725
1000
611
275
885
88
204
13
138
22
340
449
867
548
652
893
476
525
381
44
85
240
592
635
98
484
913
841
379
61
382
138
666
317
607
489
849
71
955
504
485
317
126
670
848
622
605
265
799
80
736
854
359
170
468
828
343
489
140
754
160
654
522
106
907
482
186
307
907
72
340
795
365
641
882
896
85
247
302
784
513
57
806
821
929
563
304
102
563
724
795
499
553
48
198
100
677
949
207
506
772
528
633
880
214
754
380
387
514
993
58
240
57
936
930
698
609
679
553
483
302
729
709
618
755
436
239
98
140
61
505
101
518
366
493
871
478
715
253
380
282
928
677
751
431
921
22
163
855
701
822
7
14
800
87
591
887
480
306
832
886
485
726
256
249
42
990
159
819
84
243
418
146
201
789
446
785
134
211
136
323
896
120
630
745
695
484
528
719
711
321
59
995
179
188
671
392
274
723
37
687
158
217
283
417
233
173
894
514
482
169
139
322
748
847
68
170
365
465
678
435
727
2
971
999
128
299
26
162
709
312
553
86
385
709
711
936
514
333
514
917
181
465
676
241
833
673
392
236
286
576
955
851
18
190
995
955
666
196
277
412
522
544
305
425
460
153
673
802
116
955
420
968
446
698
453
488
642
154
914
226
308
349
578
718
807
29
927
72
350
949
244
277
177
23
847
518
335
415
249
926
346
425
88
194
265
836
120
874
214
31
219
959
381
368
927
898
641
752
477
241
433
355
936
812
893
780
350
132
734
418
752
640
865
129
703
341
887
990
184
229
340
150
874
151
495
878
36
124
720
382
844
108
500
821
999
213
537
903
310
535
944
699
888
216
330
701
584
750
41
213
685
562
924
711
107
662
620
151
647
883
958
113
345
897
309
451
976
173
216
875
649
302
528
842
966
259
929
319
175
674
204
726
1000
253
247
179
618
473
310
767
858
490
754
373
303
764
646
353
482
348
7
514
596
981
684
312
518
805
613
539
775
899
851
453
84
543
84
39
919
834
254
880
440
168
633
119
148
908
337
99
251
668
287
155
865
391
104
855
734
211
979
990
252
771
954
7
745
545
115
349
866
737
201
277
726
122
100
566
66
182
925
313
496
943
252
490
842
325
786
555
209
780
439
561
134
964
981
722
773
73
642
138
284
743
661
722
655
525
828
336
397
424
809
797
952
380
742
847
353
778
540
170
636
590
355
411
343
873
424
826
317
127
364
380
223
587
972
824
41
910
728
175
133
117
909
120
586
844
972
131
811
851
997
609
334
230
928
516
938
889
724
505
985
464
744
922
831
138
260
129
742
488
139
648
663
255
172
511
234
164
998
902
134
389
144
259
814
611
826
465
5
592
153
794
551
199
919
664
973
78
122
727
257
14
928
26
660
208
119
151
653
735
295
481
736
433
989
717
610
132
180
358
628
180
884
194
865
216
39
542
295
124
720
579
674
317
905
174
553
949
418
729
823
620
402
866
475
825
632
525
134
588
625
105
768
320
295
654
164
354
496
160
226
621
752
45
815
126
663
104
85
770
973
651
381
171
758
824
389
653
829
489
25
706
395
585
32
423
295
840
237
134
234
429
551
434
177
379
493
282
223
119
350
990
364
913
807
320
930
724
404
967
84
598
650
590
361
82
140
587
761
581
325
580
931
211
889
231
553
105
175
71
670
492
15
728
195
321
240
949
204
541
918
594
27
491
262
387
397
490
317
33
659
160
196
716
647
497
462
24
833
415
43
861
126
12
883
560
994
758
508
773
507
775
467
946
205
756
950
648
549
530
865
466
174
41
205
637
552
310
953
775
792
345
486
79
276
410
863
900
14
443
199
462
458
596
744
840
380
940
456
296
86
487
745
815
969
197
123781.0
603
275
276
927
847
378
839
356
115
237
379
115
981
934
958
832
550
924
680
601
267
901
125
227
413
609
222
732
22
264
554
169
246
263
96
713
284
940
302
65
37
873
23
907
643
530
281
478
80
527
73
697
928
828
915
967
942
115
442
289
870
954
152
120
955
146
493
21
212
527
657
702
36
496
838
103
866
845
368
750
602
830
869
655
306
789
204
381
61
80
683
569
764
470
54
142
256
688
912
126
122
160
726
832
186
491
249
393
998
493
659
337
566
646
921
277
399
305
849
864
274
345
641
698
669
323
172
35
910
571
335
297
563
195
974
149
153
13
907
460
122
486
342
73
375
739
706
985
21
299
425
309
815
666
574
270
185
702
461
661
99
277
195
61
46
10
140
650
1000
915
172
659
934
161
661
15
202
172
952
952
629
321
993
306
245
46
780
862
433
855
545
611
434
67
497
326
16
437
830
682
317
994
318
386
916
804
75
100
778
698
320
661
844
345
492
477
63
99
200
145
663
466
557
887
448
139
856
329
846
187
100
271
288
615
97
445
339
745
269
776
588
760
969
489
606
73
358
777
458
81
517
742
105
699
280
152
461
895
821
601
19
513
546
284
135
123
811
714
202
433
197
200
563
370
211
807
502
289
248
776
771
300
24
280
240
836
559
527
168
524
988
925
265
845
403
14
790
389
297
525
601
770
396
267
438
216
753
815
644
866
977
568
539
399
715
515
165
504
131
694
97
686
715
315
526
637
874
913
737
219
737
102
501
937
231
844
743
62
395
666
645
63
869
323
510
768
740
79
9
237
596
754
665
866
753
249
632
272
940
694
660
712
860
944
474
159
521
493
272
361
626
733
582
94
30
900
231
629
617
227
771
278
399
700
572
566
368
850
428
500
329
908
620
732
926
177
77
855
286
631
131
634
760
918
501
28
999
646
513
755
184
747
233
896
228
231
128
55
688
740
219
119
876
456
572
853
199
257
690
774
485
465
539
216
87
777
256
76
525
736
600
640
610
507
662
626
609
759
158
280
533
108
823
109
505
228
626
530
595
759
640
734
597
709
662
361
902
944
104
964
264
47
92
702
919
881
649
394
109
590
431
119
247
632
104
862
268
259
614
103
48
983
564
110
838
537
435
136
880
345
374
847
418
635
89
217
634
254
957
813
435
645
200
331
175
795
251
701
135
71
672
848
919
904
200
818
537
150
566
815
552
578
65
913
300
104
602
717
754
67
419
438
501
388
236
703
285
308
514
245
222
853
770
520
641
275
556
300
772
836
633
29
989
834
54
200
870
598
555
883
274
123
905
722
272
154
417
752
103
656
817
311
698
281
898
807
738
833
515
574
580
305
247
473
688
602
568
288
272
583
491
706
855
533
909
103
285
718
87
100
537
369
679
197
190
494
650
417
957
871
322
116
714
140
487
923
846
922
121
55
370
821
326
313
679
763
361
561
110
214
352
699
843
88
421
317
855
994
678
415
368
595
785
164
433
651
591
937
61
444
862
905
634
719
244
126
895
523
976
661
667
401
567
307
896
518
645
103
518
330
100
915
95
861
416
167
139
264
1
475
674
631
211
505
229
103
242
608
67
247
444
169
247
798
114
386
656
548
650
222
921
135
247
781
936
624
532
450
876
271
617
95
712
853
664
900
959
887
513
95
453
836
557
229
281
334
265
679
776
537
894
191
271
524
758
597
153
176
375
843
49
899
277
454
301
276
406
744
1000
501
417
898
569
6
973
707
618
667
247
451
867
516
468
440
254
225
518
725
609
435
342
915
57
311
289
928
871
960
193
868
686
874
34
200
581
443
450
553
516
265
742
954
783
674
489
729
907
813
979
841
662
498
921
867
243
400
621
671
178
805
307
115
74
203
889
418
293
135
19
124
617
571
941
412
721
890
282
751
717
276
524
559
139
931
901
365
130
862
785
865
484
879
962
143
985
327
819
821
96
107
489
266
834
472
506
313
512
375
39
630
51
76
119
902
725
642
411
488
246
531
997
739
847
825
953
86
79
108
863
768
693
359
92
83
718
334
808
476
690
915
541
428
553
375
493
369
214
706
131
831
247
883
726
967
452
492
294
331
995
752
822
91
473
455
605
426
934
412
926
676
631
459
221
957
753
828
297
203
255
496
527
987
646
598
314
120
788
988
876
364
512
151
12
168
134
162
198
20
820
148
592
369
310
453
644
623
676
947
316
303
301
757
243
226
158
691
87
969
739
667
800
92
850
649
330
503
106
427
674
149
96
73
46
781
172
463
978
122
329
860
123874.0
107
802
808
149
776
719
884
577
123
825
476
899
482
107
491
163
791
17
643
394
584
70
56
734
355
411
710
264
353
772
842
770
400
715
59
254
17
64
157
908
947
221
976
35
7
457
156
554
542
549
783
235
254
221
612
85
311
916
367
654
584
57
292
873
254
757
954
919
35
508
851
382
663
508
491
851
791
82
52
166
653
150
605
381
873
193
923
623
202
974
781
342
54
626
164
869
97
385
107
903
463
780
7
147
966
581
713
629
310
570
743
755
532
420
969
682
469
738
560
212
450
597
26
346
562
619
807
928
801
514
160
663
745
733
992
802
492
893
589
602
222
503
903
836
998
263
916
34
708
761
453
679
180
422
622
694
343
256
555
357
823
664
402
982
827
992
347
428
363
88
615
254
681
772
801
967
767
774
448
81
332
756
834
743
336
993
909
157
889
206
569
344
596
938
116
771
619
535
975
418
280
50
468
561
638
288
643
921
209
313
450
373
456
576
391
610
730
864
253
781
183
491
195
51
38
851
372
763
15
791
85
769
636
294
265
632
634
169
994
283
295
314
183
548
614
923
495
294
767
937
802
263
623
324
301
773
789
85
870
388
839
544
945
718
847
845
168
290
457
633
73
846
97
684
63
229
613
747
201
234
29
686
530
643
227
151
507
563
906
480
50
164
533
175
915
895
598
522
49
496
229
321
584
740
367
821
970
186
649
183
498
360
243
576
612
389
177
437
816
390
885
371
501
668
822
269
570
9
788
699
848
818
832
145
910
103
578
838
656
322
134
946
720
644
462
308
909
831
856
748
945
246
687
66
582
754
563
752
437
347
181
353
705
51
865
884
129
551
288
655
227
223
606
881
857
198
686
455
343
846
803
682
661
314
5
445
250
143
702
486
599
15
385
177
77
893
556
73
857
403
135
408
119
48
869
960
906
280
158
185
79
308
902
43
917
692
552
955
136
278
590
788
188
461
803
237
650
832
621
318
329
535
309
882
619
144
266
914
564
343
21
421
280
479
408
356
323
328
236
723
87
835
755
885
34
726
821
530
751
304
83
230
224
264
444
691
42
4
456
135
871
929
431
313
70
186
835
670
232
328
731
837
210
415
646
221
94
734
445
919
240
62
187
984
569
426
507
819
797
620
529
214
785
438
108
811
523
757
641
183
727
448
76
627
324
264
646
296
486
841
237
170
820
178
155
129
244
833
27
129
264
385
766
182
699
855
976
289
962
851
547
486
397
591
757
300
15
754
639
660
332
69
469
553
995
722
332
767
968
211
374
961
19
236
787
715
245
416
186
150
534
833
852
295
845
943
434
173
810
392
883
692
86
726
114
111
642
137
359
364
396
628
800
536
227
319
860
673
184
467
794
288
148
515
438
853
425
311
899
871
389
728
345
767
82
514
218
621
171
59
755
951
867
860
345
140
784
163
578
971
678
102
806
693
987
176
791
461
159
833
406
234
19
993
173
601
990
36
297
645
465
448
403
914
63
333
766
91
746
590
2
63
869
345
674
932
195
388
196
277
176
639
150
596
593
396
349
927
813
588
831
60
177
54
475
866
856
761
950
460
159
466
96
534
194
973
26
333
57
709
816
882
196
288
368
527
656
400
833
720
589
841
798
268
672
435
310
529
563
805
650
912
587
169
510
13
372
149
339
898
389
88
545
701
911
572
227
344
628
559
617
865
191
379
933
388
138
829
914
141
521
77
377
483
61
697
64
258
702
571
218
90
13
998
428
274
726
237
162
639
389
451
73
480
816
807
973
179
961
526
1
183
603
776
259
158
431
65
96
182
213
127
776
872
336
505
967
393
139
701
10
91
276
408
760
190
361
126
851
76
772
508
22
84
493
505
676
387
122
144
595
856
160
778
186
665
396
891
920
951
469
455
748
555
237
25
367
317
951
672
560
478
976
16
677
683
649
60
723
67
505
169
153
763
420
586
897
262
614
937
849
766
473
528
789
721
41
538
110
270
453
988
426
128
360
288
943
594
54
564
747
204
565
148
766
951
217
827
434
295
904
606
751
924
290
625
144
573
447
54
886
624
31
657
449
648
127
279
307
89
895
25
135
89
130
554
579
713
149
321
840
941
443
453
281
489
667
561
896
235
986
534
838
9
546
266
432
884
628
526
317
32
751
437
408
835
422
32
659
565
250
772
265
761
890
886
332
932
489
926
539
576
596
524
342
332
984
39
339
629
953
213
692
702
660
280
1
77
326
286
783
945
921
366
360
483
152
631
226
863
609
862
483
132
282
573
486
898
237
175
127056.5
543
181
153
910
164
276
931
414
763
140
655
56
446
839
58
799
771
941
270
551
538
843
460
325
578
576
504
687
192
162
795
254
163
252
893
721
439
944
325
45
369
705
941
947
911
465
531
545
929
480
656
837
618
772
417
981
649
154
953
317
283
848
730
214
304
161
740
156
614
520
788
521
19
485
389
62
369
862
33
916
850
778
538
717
998
759
890
342
560
74
92
628
813
383
164
175
91
711
338
167
150
178
86
876
735
517
975
278
368
386
893
302
614
497
371
406
146
196
217
879
14
318
940
709
775
436
801
166
440
500
562
387
611
180
319
121
192
150
378
315
756
500
994
253
27
663
208
973
881
258
163
295
957
671
336
211
190
693
524
720
809
382
435
12
140
95
975
560
547
966
391
721
370
158
556
12
766
279
546
968
272
243
987
286
195
35
954
750
196
759
866
629
304
12
637
327
443
541
312
658
479
889
548
493
52
702
683
120
797
768
599
572
265
455
45
466
858
115
28
152
774
606
366
994
713
199
254
220
906
208
613
305
118
667
78
424
86
843
107
718
40
640
761
429
862
173
175
646
955
138
681
817
850
774
220
177
274
918
19
693
27
446
874
358
526
111
324
663
647
305
679
114
33
311
861
748
382
213
383
793
578
326
962
331
108
911
597
424
992
513
667
842
308
897
452
145
763
414
233
486
589
648
152
284
147
166
926
888
900
740
23
627
430
452
904
521
178
512
62
605
842
631
298
424
304
803
957
997
298
232
839
195
954
887
383
963
289
68
558
598
476
64
850
296
114
738
418
216
227
166
79
662
999
879
417
209
220
277
227
584
728
682
239
876
480
77
414
368
985
268
262
863
765
81
551
887
581
531
886
93
651
290
608
771
356
485
740
934
865
587
687
979
252
805
740
114
794
890
617
629
768
602
74
961
214
85
559
773
252
877
756
651
279
948
163
284
983
144
901
706
535
241
572
473
30
691
465
72
208
713
313
388
910
121
868
860
741
33
204
658
666
518
108
437
874
684
848
603
312
299
191
133
487
200
342
203
817
503
811
745
680
774
475
725
205
326
93
935
948
777
41
61
465
641
586
723
323
281
417
692
690
181
596
516
945
840
336
246
141
137
98
870
668
9
473
593
476
226
731
283
911
800
953
587
45
272
211
146
393
768
72
649
583
381
3
815
234
747
102
178
914
896
60
829
915
851
45
220
418
943
261
547
570
831
661
136
515
805
412
146
439
454
939
357
642
782
479
165
335
290
294
992
260
426
806
200
985
221
341
869
369
68
72
710
908
363
890
522
501
898
620
243
502
630
898
12
998
808
938
567
161
337
489
271
461
879
384
859
673
557
571
375
614
451
701
705
370
267
313
477
890
657
818
434
987
177
993
705
304
95
809
253
768
176
370
426
848
468
388
961
798
49
235
118
965
825
236
930
985
99
332
807
816
240
751
794
639
607
876
133
548
729
318
78
98
338
223
959
178
384
21
542
842
103
366
733
957
883
709
411
67
920
464
620
912
42
675
542
824
789
535
386
173
410
261
512
526
120
241
479
3
987
323
933
613
219
972
238
747
475
317
624
620
427
663
31
946
648
881
213
679
45
782
801
817
512
403
690
589
224
36
249
297
640
214
497
254
410
258
180
939
63
355
916
794
898
864
923
32
44
227
914
345
336
344
413
97
722
39
420
760
216
505
580
505
712
902
194
674
795
435
964
74
424
702
241
459
841
740
345
541
903
526
46
58
678
477
845
713
421
610
506
752
559
293
202
246
757
454
531
805
888
478
166
23
909
623
895
588
821
142
885
531
80
952
585
814
580
405
240
343
945
118
617
651
744
769
786
790
975
35
566
6
890
425
449
687
617
249
804
983
106
865
233
28
374
897
143
183
84
124
505
732
543
768
927
823
737
271
412
406
469
806
892
466
300
465
879
152
898
366
889
159
282
411
380
164
659
758
120
181
294
270
385
986
360
322
401
518
788
881
54
491
844
440
805
816
325
792
451
656
741
195
910
818
14
706
252
364
796
396
327
813
83
758
331
542
381
422
904
316
419
675
288
443
417
536
698
814
880
626
993
766
946
249
487
778
246
217
700
749
41
881
596
981
507
547
343
529
814
206
420
515
910
23
737
163
154
471
409
917
908
708
568
31
209
976
939
91
485
846
206
714
298
559
66
791
62
166
118
548
512
6
388
631
640
238
969
729
454
445
689
1
227
938
656
596
909
285
755
142
21
649
658
292
490
636
465
111
230
433
184
694
863
529
522
112
45
290
888
126260.0
537
767
628
8
172
711
885
518
149
919
67
930
540
123
65
280
59
60
823
518
467
167
164
740
772
467
588
217
659
910
913
688
600
805
107
239
377
48
816
987
228
232
395
27
298
487
453
511
105
584
778
162
63
144
401
34
989
779
916
671
744
182
432
759
855
803
973
782
450
572
365
514
572
443
408
920
337
70
472
88
821
223
946
342
991
172
445
741
356
894
894
453
468
713
383
803
210
264
831
790
890
852
646
183
987
466
870
796
715
575
147
657
510
443
319
528
388
845
111
128
413
732
88
260
462
520
869
781
956
405
595
623
722
908
205
852
264
754
286
773
328
541
779
744
785
255
708
51
378
741
523
665
463
302
782
689
462
234
409
355
133
625
811
918
57
882
447
385
267
108
569
341
9
800
532
935
361
692
528
84
396
775
937
704
201
997
59
348
578
155
675
421
196
914
375
668
378
363
825
441
304
169
778
558
64
216
251
957
791
166
729
392
922
497
421
612
117
793
798
934
63
426
552
90
606
777
791
811
192
792
272
637
245
385
441
672
228
168
211
193
389
431
830
591
202
836
294
388
142
867
857
277
705
198
955
838
517
149
758
360
646
500
62
598
416
883
334
296
858
596
169
826
959
776
151
189
143
794
285
292
26
674
911
638
240
129
711
662
846
453
57
143
627
141
32
809
360
582
850
572
713
336
95
717
601
802
452
171
749
272
384
454
312
603
551
432
56
420
55
464
498
350
12
585
117
250
961
94
565
816
310
883
425
169
837
84
869
952
73
467
8
914
471
687
900
329
411
717
857
748
204
272
926
170
98
707
891
677
32
513
501
307
300
79
239
986
261
603
828
702
600
105
278
960
323
66
254
542
437
957
378
718
853
193
456
569
771
9
159
424
251
2
910
190
348
851
824
193
600
314
280
305
582
133
482
943
10
133
710
50
205
439
927
8
527
753
107
884
872
341
804
679
108
502
718
359
648
844
268
372
841
575
816
919
815
158
188
985
763
265
661
420
832
593
142
250
844
320
393
676
149
849
621
736
962
832
207
517
294
206
370
172
852
304
596
767
519
136
324
154
778
996
149
448
818
185
114
748
514
277
51
810
853
573
32
120
985
698
20
860
563
129
840
946
41
333
458
797
721
656
505
213
630
428
165
665
502
755
722
237
856
445
849
556
158
205
947
284
311
798
60
159
388
89
700
214
511
837
845
56
659
380
141
203
48
910
675
123
317
908
607
502
540
673
876
218
18
836
468
632
22
87
413
539
45
794
143
864
274
132
884
970
896
196
20
587
657
425
847
118
21
659
909
370
562
963
525
269
830
452
507
754
589
691
412
110
868
173
631
529
671
695
638
633
359
307
719
727
219
616
602
340
814
652
898
770
94
238
932
981
603
681
232
880
730
625
776
624
74
126
546
952
629
812
88
174
89
89
473
807
904
108
253
715
622
168
787
455
463
823
42
316
853
826
630
657
523
107
463
579
482
386
104
801
853
358
101
152
66
506
680
150
571
367
614
958
995
449
486
207
339
700
100
543
996
432
122
790
68
478
400
57
37
109
621
719
478
703
767
470
125
435
315
555
882
876
950
378
167
706
487
1000
324
254
418
402
782
377
416
759
890
679
972
285
647
533
239
673
987
828
168
926
418
135
922
152
900
11
921
907
533
159
57
658
121
502
550
193
921
649
10
807
180
407
464
281
85
852
341
242
152
75
670
580
578
763
447
150
389
684
925
162
541
925
582
285
817
100
437
535
685
466
257
419
281
719
52
338
752
490
489
106
26
847
264
148
640
174
791
226
759
95
259
941
854
421
578
432
990
715
412
59
536
427
563
241
745
217
15
19
323
446
19
95
886
601
961
368
34
117
635
945
862
730
590
629
447
947
955
817
458
417
763
541
389
85
855
362
414
658
184
480
811
112
632
794
610
86
816
96
590
210
961
716
874
638
878
323
965
784
956
788
213
536
622
555
366
636
812
127
75
958
567
227
600
259
762
621
759
573
288
277
874
56
836
909
143
730
895
300
987
772
837
905
940
703
904
619
844
91
168
607
11
685
287
648
102
312
735
142
563
88
146
32
131
523
754
792
957
361
476
930
500
487
500
412
701
692
610
176
845
545
626
151
965
273
578
761
183
499
815
19
80
467
380
778
455
40
94
480
44
814
957
632
939
972
691
907
634
957
636
441
337
653
737
280
233
92
373
618
762
378
132
685
778
359
687
182
336
255
642
885
324
397
38
602
247
453
242
672
413
845
452
233
215
557
706
998
427
81
120737.0
394
263
483
893
62
308
902
556
878
22
136
46
479
951
328
623
366
945
772
427
707
806
450
289
262
514
915
850
256
187
345
360
212
125
955
772
725
978
560
1
136
833
208
988
341
528
324
399
303
433
89
824
370
846
196
904
873
198
309
340
118
727
603
153
758
228
408
150
358
386
587
497
281
599
264
158
666
842
97
821
273
823
445
646
534
872
365
341
834
56
556
615
323
254
509
215
766
797
931
139
828
113
6
901
937
581
534
228
779
491
890
380
565
564
804
469
337
129
825
897
206
319
893
649
280
554
710
151
164
641
611
377
146
27
592
217
254
169
84
138
398
469
755
334
479
794
310
938
43
210
34
375
620
613
47
383
982
852
120
653
780
309
94
68
696
169
383
517
993
980
742
756
138
183
343
150
607
315
758
903
553
280
97
283
245
46
980
695
459
841
63
491
727
121
213
255
185
624
989
472
519
788
760
365
734
859
74
5
518
741
411
540
762
568
303
349
422
292
657
92
101
483
924
818
954
267
898
269
887
233
211
330
312
609
488
253
786
897
856
866
716
519
736
318
500
181
796
525
909
229
782
779
84
759
897
90
702
806
848
603
902
468
528
326
798
151
990
610
813
328
385
172
849
258
389
739
123
133
566
703
506
344
166
300
59
959
576
428
744
544
922
892
328
813
57
241
772
389
920
445
25
731
756
357
504
133
119
744
810
815
325
609
917
331
546
608
196
629
966
623
594
708
487
466
718
656
323
854
317
224
180
119
264
874
669
858
850
125
199
582
219
40
840
235
987
745
584
251
510
336
146
664
600
929
656
217
299
250
250
553
325
719
175
986
252
100
5
300
837
341
638
868
43
53
769
956
330
377
543
7
419
281
414
777
74
394
738
905
759
506
455
975
595
765
54
136
818
884
528
593
88
772
293
914
535
132
943
834
198
864
292
545
984
925
314
242
109
185
138
712
32
354
843
538
90
689
819
194
149
665
653
426
642
47
678
937
897
18
543
681
226
611
967
350
581
848
902
590
237
375
429
57
990
190
157
249
930
545
639
778
908
735
660
680
919
293
856
868
560
917
95
25
400
565
321
743
973
224
511
780
650
126
156
351
905
793
183
226
879
149
746
902
201
83
841
666
911
288
921
309
962
709
58
651
208
417
702
345
984
806
958
626
857
383
37
871
793
716
632
137
691
752
329
991
882
870
387
63
437
922
16
680
453
829
795
133
901
841
131
10
313
481
144
371
414
760
483
146
55
352
664
843
305
433
710
203
219
81
881
769
893
108
205
873
285
353
531
489
263
977
425
335
45
581
628
12
193
726
599
483
87
192
504
227
840
972
663
796
615
523
761
212
973
462
47
705
672
305
340
472
179
571
83
318
650
170
739
703
32
16
96
418
609
129
269
319
628
303
401
968
436
26
458
197
602
867
151
995
198
139
129
991
201
263
962
869
460
567
493
246
814
611
94
241
384
373
465
923
543
378
79
626
811
146
65
546
403
824
171
402
790
776
157
539
287
107
242
550
194
730
92
264
321
388
994
512
188
129
423
433
623
885
47
978
960
243
205
215
915
445
682
593
107
461
3
25
179
550
328
346
788
13
779
802
571
688
937
535
820
197
923
303
363
737
162
392
53
326
493
257
570
94
673
773
611
770
64
906
952
169
165
922
289
394
449
582
314
752
819
423
569
112
331
637
948
695
419
245
110
678
244
982
325
512
557
211
878
815
886
367
212
910
50
145
841
730
363
965
607
476
652
596
441
556
76
235
220
744
995
522
371
908
930
175
573
758
576
752
140
792
308
809
448
1
380
616
21
598
497
360
489
964
152
487
427
753
232
696
16
898
610
557
259
987
667
493
11
630
434
783
477
8
141
193
880
451
266
141
456
191
125
514
50
460
281
868
993
699
293
253
824
495
868
805
2
126
827
955
418
904
761
690
33
204
793
402
8
741
27
172
276
161
74
564
473
480
847
370
668
864
484
17
849
813
473
654
418
467
327
381
744
632
528
998
362
142
80
319
583
628
430
199
907
137
948
297
987
333
384
842
238
312
126
277
17
444
316
715
205
853
542
816
120
878
200
566
214
115
830
544
223
167
406
564
241
592
21
257
810
762
879
380
703
948
482
663
374
301
266
601
118
914
785
582
261
135
26
985
33
459
281
228
825
271
989
97
656
52
635
7
620
629
426
427
389
720
669
986
699
335
884
709
12
323
930
588
664
827
268
674
290
151
228
536
608
494
151
555
515
413
542
66
486
699
398
406
149
37
236
898
125577.5
536
665
444
65
840
643
126
472
172
905
501
937
706
78
845
330
166
28
979
626
427
209
754
706
713
407
698
70
431
744
92
702
989
902
242
252
721
70
515
951
264
129
322
71
394
402
897
641
685
636
388
113
848
230
799
107
923
702
229
564
844
223
870
815
167
706
848
929
85
651
553
567
480
404
981
818
421
102
968
206
258
251
500
337
815
151
373
697
922
933
697
324
905
733
49
780
608
227
642
815
469
822
276
24
368
459
707
806
192
527
628
627
423
337
210
496
125
874
939
68
656
723
813
399
159
437
510
937
293
262
955
546
426
968
160
725
981
825
159
769
959
451
563
602
983
212
5
67
618
700
759
628
634
405
874
599
568
155
739
263
341
653
312
832
545
878
597
386
580
103
42
340
87
792
536
813
862
784
232
144
411
677
208
807
399
857
29
402
59
253
689
473
575
867
947
691
13
285
905
564
19
288
553
585
853
113
29
969
610
274
968
557
508
505
895
616
352
736
960
915
251
433
625
121
578
664
382
747
621
838
476
626
780
390
464
672
580
195
539
161
347
432
471
689
3
916
274
569
127
801
355
203
138
258
172
967
890
274
183
392
17
535
983
722
678
765
423
310
54
670
415
824
742
678
682
275
251
839
260
346
472
738
166
750
558
94
698
621
774
413
516
50
535
188
954
846
794
515
951
588
712
196
587
618
173
931
797
246
797
249
6
322
316
637
782
378
780
461
125
328
246
302
590
528
438
372
351
157
179
718
939
873
812
145
552
54
342
838
836
360
689
930
986
800
877
184
57
785
260
574
417
311
319
95
581
849
636
683
988
456
652
356
959
16
902
833
175
619
57
665
389
71
580
878
663
103
916
601
9
986
286
730
591
258
84
697
588
156
841
545
216
123
190
237
572
964
771
52
329
372
907
133
347
5
465
931
873
187
461
221
379
551
625
66
481
700
379
805
282
300
401
706
686
528
755
268
873
795
425
295
415
633
388
964
93
137
956
929
55
354
410
409
494
680
998
68
126
498
90
638
174
885
892
793
619
753
114
404
395
123
507
341
47
260
981
768
536
96
881
148
768
973
40
476
194
276
158
805
337
168
368
781
155
599
541
110
924
736
870
789
722
175
32
840
479
239
809
754
113
782
815
201
697
374
606
567
340
584
280
291
265
381
382
569
723
126
406
361
515
926
452
288
861
96
789
173
336
926
887
7
568
416
575
78
68
828
918
141
432
897
829
543
592
582
531
181
772
932
269
735
30
250
445
537
923
793
894
823
865
243
195
796
255
167
212
625
783
461
899
62
881
589
17
419
564
968
711
350
448
514
585
814
819
769
237
21
726
151
19
574
479
814
952
508
219
244
658
749
461
588
535
404
339
618
710
822
587
330
132
989
624
599
219
886
535
761
117
601
592
62
380
952
685
843
702
169
702
79
871
861
651
86
329
698
623
51
878
496
111
841
138
412
190
672
197
658
725
90
906
550
589
375
192
873
21
356
509
233
950
600
200
152
277
485
899
808
413
363
972
213
403
663
791
521
664
486
253
932
76
495
995
191
470
56
953
696
711
810
380
647
59
336
932
639
541
951
836
541
179
751
996
976
171
199
213
214
770
413
607
823
55
797
729
334
180
596
34
703
610
751
941
864
410
166
892
146
499
115
440
798
329
86
790
642
158
355
788
275
281
612
722
871
99
359
403
398
536
834
545
300
23
90
75
427
35
737
167
89
455
703
128
144
366
760
431
283
872
8
416
431
169
468
968
541
67
787
377
326
97
380
345
152
34
878
532
327
915
176
897
217
294
237
818
941
113
382
745
339
377
574
240
51
7
451
632
328
166
371
12
140
177
389
613
111
92
517
158
379
179
135
695
998
795
766
981
518
570
927
975
864
593
427
787
470
861
165
213
325
114
662
215
574
235
276
700
774
488
125
128
146
144
338
982
777
267
555
218
217
216
831
21
771
542
427
430
470
55
645
737
50
361
947
471
262
339
391
506
434
428
547
152
354
632
38
292
880
492
596
945
415
645
759
869
960
922
740
675
699
100
212
82
642
743
681
175
605
992
314
85
246
731
199
193
115
37
409
190
816
199
549
111
798
435
371
886
311
910
818
272
263
986
667
713
35
357
367
760
722
181
311
485
62
462
403
165
850
476
104
969
484
973
815
403
709
676
869
704
849
380
959
364
395
301
625
476
270
462
110
992
570
372
390
229
647
288
492
914
143
159
380
770
906
640
402
730
439
585
413
695
616
655
932
903
382
420
494
894
876
628
2
119977.5
6
278
715
976
402
379
279
475
19
77
617
111
32
986
338
662
463
938
702
324
154
773
71
272
458
618
710
961
420
352
616
202
577
59
218
769
819
863
503
12
933
812
475
831
648
507
458
288
186
318
108
947
663
724
967
896
915
213
337
379
73
856
847
183
315
380
598
134
574
311
716
523
168
530
985
214
713
799
852
724
744
772
558
761
167
760
212
275
870
13
384
674
909
237
371
197
993
742
517
139
283
193
135
932
789
495
127
131
538
479
326
311
955
746
744
415
569
191
70
852
240
195
837
679
922
587
272
83
927
745
834
514
497
103
393
228
993
270
44
152
328
516
986
429
349
760
326
950
226
350
76
442
208
639
841
321
225
780
379
715
101
261
17
84
717
158
466
681
151
905
428
627
643
210
186
229
892
229
78
881
624
395
287
130
439
210
954
554
809
657
442
524
689
139
199
248
618
686
312
405
62
686
373
384
869
959
80
4
448
661
424
432
123
443
989
438
879
345
793
85
683
486
32
914
982
430
569
230
203
175
246
337
426
575
476
261
309
766
512
938
565
614
27
318
903
31
762
443
13
186
41
732
700
811
270
129
723
699
501
540
794
484
299
364
149
324
506
680
767
320
5
172
422
225
424
658
792
161
182
605
286
281
306
231
52
866
138
420
904
553
694
969
439
760
70
96
155
533
36
403
830
830
372
480
480
114
370
754
150
816
796
608
830
400
331
700
388
628
100
685
139
598
802
404
409
547
516
816
562
194
131
118
21
849
438
941
748
86
433
572
355
56
93
263
91
767
384
182
107
469
115
707
688
918
71
215
747
229
879
493
981
673
830
992
306
264
397
360
357
377
855
962
4
204
447
880
290
322
755
75
503
246
318
765
66
248
578
827
41
357
539
887
865
766
839
20
445
868
35
647
288
870
222
991
102
138
86
902
30
746
704
367
439
916
253
396
922
173
456
791
925
322
658
523
647
787
344
285
161
716
412
453
472
100
822
874
907
37
452
582
929
633
827
282
820
955
207
513
497
308
102
105
612
166
758
226
591
508
448
968
410
695
172
653
221
184
145
888
796
849
133
43
605
486
882
710
568
270
624
859
518
187
175
334
163
973
10
328
652
197
150
920
819
191
378
833
37
223
215
170
932
790
811
605
456
519
411
488
1000
760
397
596
514
462
413
918
818
660
649
138
73
693
948
859
583
852
36
129
38
950
728
541
631
859
439
130
650
835
918
103
101
413
705
368
751
877
788
30
934
282
494
821
163
473
55
131
870
241
612
713
737
108
654
884
738
309
583
461
376
959
586
496
11
517
617
3
319
572
273
560
247
198
436
267
997
944
181
911
708
503
644
285
240
459
785
656
72
180
800
348
695
517
230
389
642
185
590
753
63
24
779
361
755
38
765
142
570
473
788
952
238
113
661
238
976
862
362
980
514
144
384
983
622
385
156
861
210
442
877
117
532
633
394
383
677
355
163
815
262
359
478
724
496
214
436
722
462
846
832
411
254
776
189
473
598
187
246
691
131
830
500
378
278
484
806
585
515
96
893
588
112
894
532
959
380
316
689
249
937
280
358
703
210
444
440
125
706
557
702
296
409
124
891
773
411
854
488
646
1
102
958
186
687
584
411
398
515
296
75
167
494
136
843
856
797
785
708
919
938
269
725
826
105
401
684
702
786
776
873
290
674
182
146
726
71
515
427
257
839
780
990
903
24
630
293
286
545
940
712
326
342
847
67
338
548
715
856
995
142
605
777
598
987
552
835
167
201
610
98
706
621
803
407
209
135
769
964
877
432
751
426
687
9
38
846
683
412
585
885
488
970
921
462
639
694
721
964
721
39
919
415
596
297
829
155
541
31
619
36
933
424
87
85
332
783
578
701
152
982
57
810
666
532
605
883
748
995
659
545
286
298
523
393
768
498
250
127
827
258
781
272
651
362
189
85
397
360
741
736
125
535
194
83
554
113
527
962
408
668
887
989
153
719
674
543
579
194
530
394
366
240
634
778
909
838
103
603
466
385
547
739
306
628
81
424
333
499
264
69
871
501
266
515
321
95
318
109
624
594
761
337
894
547
912
911
573
673
210
513
550
230
234
881
670
346
730
962
203
44
760
193
342
338
988
267
719
367
284
40
785
552
848
2
542
236
199
187
974
67
489
635
156
385
346
276
219
72
95
453
91
441
692
519
297
804
651
492
982
393
383
733
551
58
364
433
543
979
769
823
533
767
170
661
637
685
506
661
548
184
383
691
141
680
698
148
510
160
82
341
965
127354.5
80
813
783
45
384
631
295
454
770
967
296
884
900
101
614
263
695
126
966
688
19
202
753
826
650
363
556
34
277
591
810
804
378
954
904
147
400
53
395
954
72
109
435
250
936
453
242
801
189
700
314
2
453
354
534
137
632
751
563
671
572
193
280
741
836
563
71
829
304
677
124
563
470
471
781
834
84
223
354
200
103
149
681
276
962
283
81
670
717
900
151
319
850
784
322
892
837
283
131
911
553
906
171
112
737
459
901
813
291
542
583
612
638
246
207
673
455
852
962
134
69
738
68
342
278
430
690
862
440
253
382
510
78
867
568
736
603
641
97
825
219
523
768
600
820
198
151
34
837
701
971
522
501
353
62
720
794
261
240
369
86
726
576
825
681
747
505
240
446
85
518
382
758
808
44
823
65
800
733
125
575
691
800
772
685
848
973
448
318
256
472
458
753
833
503
786
373
281
965
552
787
318
766
571
526
129
489
949
219
290
867
648
914
566
691
536
358
591
696
815
795
457
463
12
860
633
646
817
652
728
38
652
273
358
767
754
145
327
53
59
920
320
271
762
450
989
479
517
777
909
715
267
277
112
7
914
505
337
486
537
762
551
893
608
771
705
64
322
777
716
920
745
989
705
776
429
164
919
120
391
549
746
500
775
940
41
455
650
826
530
52
124
524
140
246
874
820
430
223
566
773
212
158
596
354
791
87
210
803
246
224
481
878
584
386
351
224
400
16
360
20
459
990
637
138
405
242
199
542
871
810
944
630
120
829
152
545
834
842
391
714
925
573
744
239
194
688
844
127
448
980
242
806
120
919
728
387
852
821
416
471
394
552
99
613
661
312
667
102
605
281
69
830
702
90
169
671
624
441
825
404
765
111
225
600
791
668
177
193
681
648
26
441
220
680
983
154
185
924
274
31
160
258
101
335
896
149
187
561
333
477
672
60
10
237
648
976
790
815
183
434
684
757
430
502
115
881
617
652
376
750
544
472
900
550
62
170
979
108
378
666
325
216
697
552
51
143
456
883
761
721
838
722
841
102
761
197
399
130
21
493
365
662
308
762
718
801
185
438
121
254
993
485
441
316
320
100
803
492
51
231
895
231
648
500
89
494
584
217
744
10
170
178
720
820
182
649
830
669
799
845
247
934
354
868
456
345
538
862
340
157
438
840
544
385
111
35
432
947
771
465
226
544
65
508
191
349
776
639
24
721
510
664
224
359
799
557
234
386
881
403
670
319
567
470
31
619
953
669
669
194
94
365
577
756
936
977
709
68
283
735
962
776
173
304
699
20
484
919
83
67
478
652
451
408
973
938
492
33
528
598
716
942
707
931
54
697
153
511
539
966
699
868
446
670
420
693
736
393
565
890
476
896
681
284
800
810
179
897
910
507
628
76
976
234
882
210
450
228
66
406
923
156
699
618
160
127
86
770
951
483
86
623
700
210
105
27
477
998
878
251
371
419
577
870
591
542
112
626
660
834
267
235
838
477
354
149
199
525
558
517
145
306
529
303
887
213
383
881
159
806
530
743
583
844
370
516
999
139
406
600
125
368
92
821
585
961
830
731
792
595
279
331
584
523
801
657
484
875
644
992
816
473
283
391
93
119
336
107
877
262
836
496
500
383
502
478
631
592
785
111
839
436
113
396
211
351
24
387
728
869
184
772
538
495
275
606
271
729
792
614
797
227
209
429
456
906
803
596
159
82
53
997
404
155
619
434
77
364
704
996
137
896
757
211
326
285
21
210
451
21
340
748
363
352
812
774
487
768
327
350
102
935
750
532
139
593
171
587
244
57
234
686
864
185
320
761
449
832
591
345
28
257
408
856
218
225
297
256
89
388
443
1
239
430
432
478
321
101
154
1
895
994
719
483
426
529
843
946
857
394
357
590
331
993
264
406
309
285
785
628
440
707
319
513
827
250
174
88
141
434
395
450
890
422
621
667
284
688
908
297
854
644
387
324
563
716
658
821
108
387
777
361
233
616
424
518
428
412
610
871
301
282
73
859
958
604
614
859
378
319
693
469
961
613
646
664
798
484
208
151
721
690
666
942
726
663
336
889
189
946
188
98
4
737
366
784
846
974
489
498
709
105
365
628
199
827
846
101
282
856
661
382
64
291
182
742
630
498
260
862
180
599
528
466
761
408
38
996
566
883
903
255
716
199
755
656
976
327
908
186
232
992
799
530
271
45
99
19
646
367
381
479
543
682
486
8
272
669
479
411
771
713
287
226
578
842
505
194
704
866
803
548
212
449
424
652
930
474
92
123439.0
668
183
903
932
329
468
377
640
994
2
319
132
712
940
283
727
412
947
703
222
362
849
754
226
167
689
862
943
147
448
545
160
390
34
590
781
680
848
345
116
371
887
361
793
718
565
33
175
572
231
879
980
491
700
463
874
222
291
256
300
774
830
715
262
968
412
95
170
683
398
33
404
698
556
331
97
625
776
103
797
822
882
733
750
103
620
385
324
340
126
826
585
80
265
686
16
599
796
102
48
109
36
245
799
598
517
966
158
318
395
914
488
609
730
970
259
427
90
967
828
305
253
198
712
550
562
153
152
325
783
19
589
440
131
106
166
332
443
475
265
22
479
364
445
958
777
338
913
786
231
221
574
144
724
338
276
79
782
169
662
305
222
119
256
794
285
966
778
447
976
63
635
129
185
464
115
636
169
394
823
46
334
478
207
829
99
90
453
121
836
392
448
804
142
726
119
341
770
986
424
670
738
136
499
395
903
359
124
305
702
364
288
306
382
351
417
971
366
853
227
677
497
69
921
773
452
680
221
354
320
557
254
184
608
1000
287
157
758
154
850
736
704
151
327
588
86
117
448
917
177
730
680
687
805
177
180
360
628
930
555
734
441
161
437
289
387
991
704
95
359
290
341
389
300
541
491
293
145
22
682
335
157
905
156
58
968
702
434
250
423
736
810
970
771
495
123
222
573
24
510
803
747
212
468
356
253
372
875
496
746
338
539
907
344
114
698
635
698
707
720
830
503
295
386
834
680
577
808
915
157
394
111
552
964
541
911
92
187
843
547
176
3
883
264
935
821
364
92
94
493
995
744
48
916
565
317
387
174
186
655
341
618
487
854
783
260
471
256
168
420
13
956
211
305
200
861
560
459
498
205
482
172
728
767
302
253
210
860
334
359
767
929
648
823
510
83
367
856
688
749
185
921
959
833
989
120
597
911
729
662
852
284
969
918
456
367
762
173
81
755
208
281
295
537
110
982
734
305
311
624
642
412
49
139
482
942
614
110
299
609
704
672
925
218
492
867
845
631
50
251
633
130
700
241
260
151
255
545
263
956
441
719
218
744
688
276
242
858
317
933
490
41
633
561
788
604
207
259
874
931
582
166
653
265
135
992
284
501
852
338
445
794
901
289
553
725
751
260
583
223
667
660
749
548
323
510
155
514
759
612
373
500
40
439
658
916
363
637
231
171
564
840
770
905
422
728
69
292
355
882
104
587
182
823
459
216
412
765
531
182
725
423
734
383
723
957
583
144
74
334
528
843
871
492
409
23
435
257
302
779
917
39
409
820
919
381
418
602
497
995
477
582
29
632
721
40
1000
559
594
388
116
260
567
316
125
930
831
854
726
466
547
309
120
553
651
554
147
351
327
465
451
477
5
291
609
284
695
730
154
89
249
337
791
21
626
34
672
641
617
858
165
164
439
221
931
902
645
966
632
52
189
957
196
344
305
859
559
536
714
32
27
640
302
471
536
346
194
960
843
241
389
766
187
198
292
658
594
784
880
402
914
781
745
554
149
153
806
540
51
923
53
472
678
358
233
594
226
45
350
499
566
928
4
990
165
446
489
189
45
274
321
725
686
418
633
99
792
474
317
427
310
260
630
693
801
868
598
682
886
223
404
96
538
549
735
583
57
400
841
169
673
243
452
928
319
856
234
897
197
203
10
782
842
536
260
714
326
672
670
266
479
264
972
725
544
582
569
205
144
809
81
966
238
656
576
368
672
898
833
322
12
769
702
295
825
589
970
959
979
537
551
737
113
573
442
260
107
475
420
597
157
816
797
180
818
791
28
832
955
724
765
734
673
105
322
737
604
610
524
322
952
927
944
674
723
789
152
614
730
866
787
639
300
681
144
605
788
676
547
906
538
107
25
312
756
530
983
187
551
234
870
612
570
686
659
812
264
732
547
134
402
651
179
629
35
163
763
791
106
950
802
557
16
171
871
300
277
721
79
14
594
190
313
577
891
397
789
348
255
982
484
261
527
828
992
606
284
519
992
404
665
740
644
947
55
106
821
353
996
691
930
230
871
131
429
445
499
150
931
871
114
226
261
410
815
315
923
723
820
838
875
760
30
919
789
535
963
84
887
573
259
323
966
550
77
793
336
175
186
815
694
319
654
874
160
907
597
290
633
695
367
873
373
439
472
204
962
919
522
463
807
169
5
285
999
204
997
31
387
157
325
671
559
142
556
719
703
999
724
321
436
595
50
547
41
430
499
826
540
431
990
312
665
650
936
504
391
439
452
281
191
158
448
846
823
676
808
5
320
858
119909.0
831
840
498
46
132
460
50
377
285
903
20
956
873
23
4
329
216
138
47
765
596
182
204
803
510
300
952
83
663
594
167
931
464
926
3
241
464
172
272
873
401
114
363
110
258
384
6
749
278
806
335
3
279
237
851
194
727
612
5
670
25
94
260
712
45
654
417
891
755
607
933
570
81
461
254
838
953
318
574
121
631
68
268
209
325
287
200
745
326
958
123
351
418
790
942
959
723
294
325
893
652
967
489
143
141
449
210
831
937
633
869
508
615
307
457
783
353
835
4
189
855
655
417
192
638
519
828
936
242
157
314
343
811
774
251
872
159
557
159
711
250
422
117
611
586
191
551
100
951
674
544
347
133
301
39
727
421
153
984
279
317
871
998
665
697
709
815
125
32
3
85
353
996
876
417
928
774
856
317
113
843
567
21
713
312
936
634
485
774
108
930
476
352
780
241
941
376
155
680
549
341
203
895
538
556
86
363
795
733
313
87
783
364
651
796
674
108
615
555
759
946
498
542
141
291
547
661
799
681
736
391
766
591
366
113
717
995
211
960
140
900
230
586
659
929
857
574
527
254
889
510
285
74
119
619
762
259
302
548
512
385
612
696
643
339
556
96
309
159
616
825
723
884
783
624
423
55
818
873
271
6
760
66
810
742
67
365
466
138
516
196
150
212
146
429
957
591
381
576
392
180
219
103
530
746
660
361
46
569
220
743
425
58
556
427
250
661
243
535
243
607
437
105
665
832
370
842
136
689
774
601
854
657
124
18
141
957
760
87
443
522
898
968
704
714
103
249
967
945
478
69
273
530
30
96
665
452
795
887
314
146
337
127
150
845
663
820
695
882
677
383
143
201
700
259
53
947
460
295
881
190
801
923
211
722
693
834
101
381
686
477
164
857
220
16
931
310
67
792
312
364
86
594
253
810
968
60
116
371
291
614
626
864
56
987
599
642
794
886
304
512
645
404
523
367
55
315
710
976
358
290
500
223
909
910
106
340
869
849
358
572
257
765
690
733
128
840
348
89
759
632
820
56
777
963
771
37
531
626
56
666
304
392
291
231
676
142
167
928
68
430
993
927
516
217
321
467
769
823
87
465
902
225
803
317
20
316
424
866
741
400
222
225
639
694
325
169
803
921
854
727
280
206
353
600
588
535
574
430
355
930
444
220
599
500
146
369
358
449
816
694
222
567
26
315
364
297
613
855
212
176
342
543
204
26
722
448
204
772
855
475
534
18
613
996
111
936
955
770
591
333
103
399
426
650
958
79
706
487
158
240
968
311
212
138
680
319
410
357
101
924
438
418
466
507
868
529
358
891
577
901
701
895
686
554
82
868
64
160
466
342
751
741
498
790
519
234
704
12
604
759
519
400
781
811
689
645
179
98
925
919
747
406
916
832
908
424
335
835
71
7
814
495
810
362
36
392
61
19
989
709
13
953
655
162
128
748
436
170
944
68
316
589
489
500
744
610
88
198
710
402
259
319
832
130
434
771
128
398
647
556
138
45
362
226
778
963
510
883
104
487
514
613
607
419
450
478
967
118
569
7
98
864
92
280
615
347
850
449
803
421
373
874
653
154
811
952
439
507
516
685
813
79
209
760
72
1
298
350
767
759
954
573
466
35
462
139
512
490
746
255
811
180
14
767
236
866
103
403
765
438
230
824
369
443
217
213
425
427
826
402
751
144
253
162
342
649
735
491
150
208
55
525
398
129
709
515
31
647
736
12
235
917
609
593
505
994
56
433
392
490
199
263
384
734
787
693
467
49
438
129
278
158
769
994
130
611
229
274
304
693
357
583
941
955
197
830
452
142
714
939
34
311
410
661
205
179
428
453
157
402
316
966
374
454
423
54
303
977
29
603
943
452
722
541
430
36
906
253
811
11
421
863
230
200
175
873
226
967
873
858
441
871
334
166
830
876
174
822
44
482
432
63
771
800
772
554
216
649
899
311
883
73
446
382
506
793
590
235
87
593
674
498
269
855
334
164
569
388
499
266
334
634
106
190
961
240
549
505
303
480
674
523
788
659
581
251
882
217
197
25
796
194
606
774
690
350
319
799
181
27
200
360
139
932
511
830
847
132
453
466
599
233
465
436
276
547
925
770
264
643
697
963
158
676
52
56
769
905
356
26
216
373
625
935
854
522
173
343
495
119
739
28
638
80
802
831
974
195
800
426
369
822
933
512
241
417
31
144
668
110
399
567
496
719
517
549
143
578
580
97
593
126
256
548
435
917
529
549
689
610
807
315
251
54
382
430
997
824
77
124604.0
884
133
311
964
627
512
784
562
175
12
749
113
188
890
948
751
823
949
649
294
81
820
866
184
97
785
238
981
264
345
988
45
707
21
800
790
687
776
567
49
435
945
670
988
149
526
200
334
805
189
740
939
552
681
930
713
924
436
226
421
687
868
527
372
972
247
919
71
96
490
839
454
560
473
981
135
270
600
633
906
798
839
78
709
604
678
823
234
108
106
65
663
771
289
729
38
482
799
922
142
369
94
393
907
796
581
871
154
490
378
792
449
772
618
502
288
2
227
762
909
562
270
986
838
92
458
271
136
911
943
350
610
3
230
635
122
584
397
879
374
335
587
648
470
64
865
123
994
912
330
162
690
104
739
459
187
329
859
354
644
494
34
679
328
147
192
221
870
899
954
389
643
757
43
94
150
282
143
661
856
836
465
342
301
11
103
697
416
11
900
298
526
956
307
730
141
899
838
356
478
371
872
57
363
523
888
851
300
877
658
168
254
747
295
665
404
942
355
990
323
559
552
444
764
374
392
971
210
499
254
854
232
315
597
635
219
25
797
57
949
602
867
271
277
73
56
172
461
796
178
606
663
823
801
249
146
868
752
5
540
451
478
133
323
9
443
820
727
961
406
344
256
718
306
761
660
787
197
473
736
623
271
82
263
629
833
767
619
931
523
467
932
253
859
693
118
243
539
8
637
699
710
643
386
906
429
797
943
106
749
6
666
786
383
453
749
589
833
371
671
724
633
3
360
793
617
685
829
902
291
255
68
542
899
780
829
256
147
25
598
623
124
735
311
967
918
480
71
527
489
851
726
53
909
86
353
255
169
827
748
106
608
15
794
325
259
354
331
921
239
715
803
198
268
965
978
301
631
149
47
127
101
451
721
839
383
405
827
129
353
629
822
807
772
754
16
57
871
585
708
339
981
552
796
418
38
600
904
495
631
634
453
82
986
952
318
257
294
55
611
685
284
196
495
546
890
43
227
111
650
69
556
405
60
517
947
429
80
880
729
397
709
222
393
320
937
987
624
818
196
195
215
771
265
225
314
818
379
190
845
83
731
720
621
342
344
356
852
597
940
76
56
264
519
767
637
938
165
807
861
973
123
927
156
668
948
553
538
961
207
854
824
203
282
180
632
269
199
351
206
545
708
131
679
671
345
527
412
602
632
6
545
25
492
842
878
654
585
387
163
534
834
302
905
670
647
992
460
300
874
252
750
514
778
739
188
896
738
212
114
508
514
407
398
435
808
948
23
240
454
24
972
209
476
839
74
240
229
939
771
640
3
385
706
753
396
660
576
286
833
361
494
330
469
199
72
21
716
176
350
705
280
93
233
246
904
359
933
834
479
215
298
694
509
534
398
50
261
783
323
780
525
694
174
467
297
203
750
50
120
258
220
684
66
811
20
64
690
574
941
890
191
511
108
733
953
873
921
833
100
426
912
530
418
936
814
16
518
6
138
206
784
64
542
380
251
112
911
16
373
389
782
17
85
237
555
846
922
295
267
214
791
942
577
194
237
931
578
66
938
773
528
309
396
871
474
110
92
974
471
21
984
613
872
11
306
425
111
232
119
95
590
545
249
76
167
471
525
25
473
45
188
801
824
705
911
558
620
996
253
8
22
465
514
53
526
563
510
776
205
240
230
676
933
405
740
430
835
237
191
334
707
304
589
164
872
897
598
320
270
278
245
347
843
232
572
140
260
28
780
386
984
903
571
764
306
402
968
71
171
327
715
812
340
909
540
129
974
594
551
620
885
966
674
405
286
161
615
788
462
696
667
557
151
160
877
960
813
496
780
343
611
448
12
841
731
829
591
49
336
941
890
640
632
39
835
684
478
275
841
265
730
724
557
302
616
658
775
391
987
218
101
317
184
407
514
186
20
711
133
388
591
999
735
23
810
871
797
608
158
445
607
341
705
709
170
846
793
233
921
987
563
985
196
755
265
481
830
304
7
441
129
784
564
337
543
668
339
772
866
891
262
558
703
683
763
51
360
454
412
932
671
553
889
157
95
163
527
484
674
233
411
423
152
546
456
856
192
626
856
660
171
538
421
126
345
189
673
866
820
698
889
895
945
601
522
908
139
725
643
750
426
598
470
171
699
807
136
751
741
160
215
878
753
277
982
625
262
612
614
305
873
272
424
53
236
149
835
416
582
948
186
721
414
391
162
12
77
867
184
660
646
973
147
894
740
248
944
874
267
837
631
290
573
298
436
256
893
193
437
284
355
469
709
722
645
803
514
938
251
979
218
853
769
395
524
349
4
853
908
124118.5
397
883
310
13
58
420
267
435
544
974
734
876
280
27
959
298
975
21
805
623
426
234
427
842
658
314
93
90
467
629
760
944
738
926
35
245
402
324
21
962
703
93
493
62
756
457
57
749
3
756
414
35
357
367
849
301
33
637
739
616
700
175
415
706
677
711
634
892
122
571
523
547
616
623
299
888
514
355
784
89
807
131
441
309
562
319
899
809
707
973
478
393
803
780
965
935
267
265
578
770
663
964
698
111
421
331
97
894
119
534
986
498
10
345
83
760
206
869
160
158
568
644
310
254
16
480
383
833
275
25
92
464
538
715
908
910
985
629
399
678
602
320
574
542
958
142
476
100
167
576
213
268
647
179
289
872
307
64
274
455
98
917
466
591
832
772
449
90
710
94
162
278
865
879
944
891
819
793
3
193
464
553
957
785
146
996
647
671
806
182
369
466
948
640
998
809
747
91
292
567
789
47
896
684
747
206
533
652
189
299
924
804
516
775
940
687
64
705
963
654
315
470
93
158
218
609
708
794
427
785
335
770
181
388
74
765
448
207
789
143
721
75
456
763
827
860
858
496
32
751
29
335
474
129
474
932
14
227
109
533
855
477
269
597
222
538
651
206
457
630
618
765
364
784
423
324
789
768
575
223
862
727
340
733
885
114
148
461
546
405
857
78
292
92
754
794
34
453
211
273
643
266
982
629
725
512
47
70
192
323
703
304
483
623
937
296
834
249
824
294
40
377
75
670
125
367
249
233
975
648
537
985
756
91
186
242
535
838
119
410
866
812
614
750
482
87
775
852
657
598
563
220
961
47
601
564
950
847
330
316
545
426
636
225
603
731
153
734
789
699
921
105
235
728
332
58
622
412
986
997
216
829
94
243
258
711
563
78
117
588
686
221
437
221
16
915
37
225
971
380
613
25
919
244
153
902
835
61
870
345
581
529
65
113
3
612
874
785
311
297
837
658
541
560
263
188
629
820
676
421
163
488
866
960
295
85
426
992
629
317
941
208
645
676
349
25
98
449
412
865
392
875
956
654
297
772
824
708
853
174
185
299
496
357
713
588
210
152
960
130
505
944
101
398
304
290
489
828
706
141
940
895
261
938
432
87
697
455
337
837
794
181
222
725
258
447
324
893
550
872
238
284
369
293
384
586
456
645
262
448
216
418
697
446
496
39
359
325
179
747
770
250
405
2
664
333
624
630
562
170
653
273
741
308
360
806
498
175
443
862
362
505
355
695
838
159
249
967
32
533
57
14
655
553
37
826
320
870
830
161
815
990
723
259
946
585
459
509
149
72
435
437
156
500
862
981
314
269
950
572
665
701
261
806
46
6
336
123
783
526
591
761
873
527
213
568
610
745
801
711
642
435
286
786
864
692
449
221
429
825
530
763
311
931
610
925
425
331
187
133
950
751
775
811
49
21
479
8
407
866
784
145
317
636
661
131
122
573
848
822
130
278
821
434
544
767
582
70
813
574
675
152
256
977
77
422
834
21
284
771
344
233
111
501
521
760
786
439
897
106
552
449
406
635
30
433
526
843
798
458
570
89
15
87
662
710
633
936
26
784
426
408
897
821
491
740
968
545
83
603
848
874
685
233
993
31
6
458
376
805
727
959
441
506
65
393
379
541
225
731
383
812
605
32
223
238
41
104
824
850
904
256
520
403
655
70
90
481
33
677
437
656
732
210
258
502
338
803
773
294
705
60
850
365
383
717
549
33
219
758
54
335
965
735
848
436
490
2
914
400
579
96
773
257
703
785
462
285
341
568
775
356
580
934
663
168
152
127
437
132
349
468
693
964
815
300
465
485
841
619
154
35
630
415
392
71
748
422
502
256
211
367
186
378
851
293
342
313
735
97
32
858
460
723
378
389
716
910
678
892
389
348
568
319
994
239
408
141
558
825
507
436
167
344
371
888
879
307
790
27
391
352
478
788
243
718
230
116
258
998
279
845
9
336
820
532
794
716
691
44
629
836
90
324
554
303
510
730
468
640
314
256
505
196
7
857
233
562
389
397
373
672
230
937
651
611
687
889
494
212
422
823
286
679
639
615
808
349
16
87
151
133
895
134
230
466
265
935
873
449
489
650
9
586
221
338
704
960
983
301
804
693
828
264
702
27
482
711
859
483
126
77
145
641
3
821
243
185
529
408
223
827
288
602
70
756
481
943
31
734
104
381
557
760
362
298
566
94
122
662
766
390
349
337
861
593
929
206
386
617
612
616
709
276
617
296
601
518
785
749
144
871
858
229
684
436
774
923
750
24
120442.0
987
71
767
903
337
658
795
592
120
33
123
130
649
918
526
646
879
936
283
320
982
811
175
242
561
733
638
824
165
375
134
108
762
67
23
667
112
599
25
132
136
975
500
845
613
637
936
196
334
181
345
897
821
704
115
669
804
438
927
419
901
864
148
390
314
227
856
125
262
402
527
549
354
322
130
142
818
639
143
875
342
886
974
613
414
769
324
134
678
127
589
678
228
189
29
12
385
796
728
166
356
121
480
912
475
605
765
204
892
449
304
586
211
614
39
247
109
77
292
772
97
375
739
789
80
446
998
267
15
934
61
616
844
300
365
155
700
345
624
268
262
610
773
388
272
895
413
982
261
383
88
671
995
884
546
107
751
994
474
478
638
40
880
484
176
309
497
881
353
906
843
741
429
36
499
146
456
113
188
819
655
352
306
288
85
12
672
426
65
858
509
483
646
450
559
261
321
963
786
399
969
905
807
334
870
840
763
357
692
711
54
280
233
227
933
214
412
203
48
312
365
437
969
757
778
435
923
220
782
266
913
242
351
711
840
191
696
743
865
787
470
869
747
170
516
188
768
529
709
210
103
738
824
946
481
89
707
757
404
534
917
614
474
345
979
547
987
748
385
282
104
170
742
205
972
717
863
179
620
743
602
325
978
341
622
786
5
503
534
664
719
933
376
972
294
120
282
503
66
655
555
704
361
338
897
567
518
939
68
646
793
660
443
423
793
739
17
811
237
716
559
579
846
248
747
731
825
824
632
368
528
84
333
973
298
785
229
110
909
575
10
136
768
262
96
954
376
246
191
304
976
847
172
874
279
421
775
61
151
665
860
609
756
740
367
348
90
349
62
291
532
799
482
193
667
908
246
519
468
24
678
184
958
790
931
322
722
836
828
417
525
750
848
739
58
171
423
686
983
642
79
947
27
685
811
102
44
991
748
688
593
566
466
982
920
306
618
287
958
688
347
370
199
381
632
842
371
157
264
511
393
545
791
36
636
990
775
44
244
617
707
857
801
284
117
982
24
593
342
124
439
125
201
400
736
280
37
383
417
882
16
741
398
728
107
314
512
807
86
881
493
107
897
701
606
737
147
264
962
802
438
113
916
95
502
945
875
581
971
161
288
917
214
241
854
474
598
193
403
107
463
676
57
656
34
344
545
261
636
460
508
503
253
472
106
937
316
625
942
203
38
710
292
932
152
740
773
459
597
733
172
797
695
604
76
149
477
812
708
186
549
589
247
313
721
794
224
37
153
486
898
950
225
386
491
206
470
221
361
740
642
69
278
768
447
405
133
425
786
832
957
559
205
574
287
105
611
744
836
398
240
346
805
116
594
927
800
935
417
407
383
230
547
524
792
392
655
198
244
238
362
603
19
127
568
380
825
777
170
256
447
145
44
45
281
34
218
576
736
961
20
165
406
105
553
967
942
977
328
187
351
790
292
320
376
861
360
479
458
164
347
751
144
582
630
230
466
985
79
429
842
806
267
111
59
515
965
944
486
220
1
778
930
497
854
158
507
467
329
908
583
475
782
363
410
533
727
254
746
457
15
867
654
887
365
328
608
160
114
249
506
652
891
173
412
172
240
455
641
385
627
99
873
798
836
965
349
641
563
203
78
103
731
482
15
642
300
452
20
286
807
215
255
968
910
679
114
947
478
141
237
679
260
515
581
932
326
510
558
275
652
341
460
740
112
507
269
297
211
621
324
890
510
682
752
285
63
1000
448
326
988
670
219
333
534
507
212
994
585
503
413
937
297
741
766
274
339
638
616
521
603
673
466
44
221
903
418
949
609
965
250
513
135
32
103
669
920
447
692
301
74
980
217
570
988
932
395
611
241
661
72
691
852
648
721
785
118
769
664
981
275
169
518
233
602
637
746
150
22
11
443
742
192
599
1000
743
376
922
636
197
37
602
576
572
861
197
491
633
121
934
905
734
586
234
145
373
717
873
343
92
13
230
71
710
823
533
89
285
713
870
215
75
832
731
385
648
178
250
958
309
961
672
806
707
338
83
257
516
297
696
836
371
371
2
313
489
233
127
53
713
291
244
659
236
888
392
101
681
904
980
828
896
862
856
552
529
279
23
749
500
351
397
887
319
4
734
810
112
384
723
118
289
166
767
808
984
209
348
665
579
34
858
423
455
988
121
198
811
182
602
191
181
232
496
413
262
130
97
912
254
300
543
352
320
75
746
515
954
13
397
479
572
265
702
995
308
239
707
548
382
316
428
571
818
943
756
568
447
775
257
266
176
506
718
893
543
607
31
504
974
117432.5
651
994
656
180
351
424
586
486
567
926
934
919
173
53
161
285
880
47
220
741
888
238
17
751
135
208
949
87
549
694
601
902
807
850
825
324
707
424
392
782
95
66
553
178
187
273
84
721
56
780
976
164
114
240
300
386
593
500
334
521
93
74
551
600
387
755
49
863
277
555
160
448
969
662
200
760
948
322
874
172
47
67
419
298
281
193
763
847
188
971
993
230
482
821
7
915
702
252
50
866
610
837
307
141
395
439
229
701
229
487
681
399
871
304
64
778
398
876
632
328
540
553
365
205
539
465
797
633
67
13
139
307
943
708
777
814
92
555
234
796
277
356
419
516
465
170
546
30
268
582
997
244
715
119
231
899
23
78
615
585
106
878
704
455
436
596
393
81
68
112
182
241
29
921
344
758
474
974
518
131
308
633
455
764
607
929
940
588
270
162
514
510
775
623
293
641
78
90
115
553
28
119
532
599
486
248
157
652
613
265
710
627
666
686
380
829
890
698
346
651
771
631
47
164
288
608
683
868
58
820
853
811
293
199
331
878
374
269
440
285
383
219
479
807
606
878
131
556
692
747
296
194
966
98
421
953
770
193
610
385
392
303
436
672
20
507
80
239
245
694
21
731
827
769
664
206
631
841
77
299
376
730
671
662
10
134
277
443
375
303
781
167
410
122
118
785
637
558
108
373
713
249
335
686
302
374
547
95
806
430
554
366
929
620
779
176
37
152
631
236
722
489
774
850
258
219
724
117
228
656
204
932
931
71
72
145
839
899
357
519
433
878
409
723
176
20
962
667
84
653
25
87
673
76
929
493
585
878
792
342
719
341
214
315
244
748
878
635
883
798
753
211
623
748
719
54
732
479
442
943
492
720
133
178
800
612
656
244
69
674
426
294
429
330
183
915
870
311
862
429
416
30
562
360
604
897
41
105
95
262
500
335
627
108
757
716
385
660
165
347
577
629
790
530
513
102
825
941
257
459
191
423
80
896
305
65
258
892
634
323
683
175
132
723
367
82
523
503
417
886
993
893
305
678
236
628
574
521
921
49
313
228
140
310
233
698
153
108
996
149
45
795
618
346
191
361
55
763
322
220
156
985
111
920
152
129
820
444
255
753
488
9
267
733
446
606
979
873
287
974
408
237
770
301
880
589
844
686
139
571
237
570
458
559
453
88
20
471
763
711
575
238
455
118
727
335
506
525
227
263
101
218
697
310
83
940
434
223
765
798
851
492
782
775
514
139
585
900
566
578
414
145
906
702
75
725
643
861
716
164
893
957
298
283
654
599
694
482
664
197
696
359
839
504
763
904
548
255
824
634
993
653
846
900
64
168
168
5
212
511
192
779
212
471
518
644
894
796
444
795
296
481
613
780
421
600
539
219
86
695
995
948
83
909
38
904
472
444
858
85
676
882
104
854
835
62
556
59
56
820
409
123
512
690
713
150
511
502
600
819
612
225
180
483
681
781
885
30
229
547
767
283
583
829
354
567
726
25
593
762
191
184
199
545
974
768
852
560
744
40
556
431
266
652
524
484
798
656
808
460
655
72
57
24
376
694
94
778
812
807
850
314
305
904
533
736
308
540
323
711
871
965
479
265
283
62
416
303
631
889
237
985
23
549
766
366
281
644
225
716
455
842
379
55
725
231
892
101
915
925
303
255
193
485
968
119
99
564
104
710
432
708
887
196
415
572
363
713
970
313
627
33
375
346
837
706
153
89
384
599
377
322
489
583
910
479
538
91
675
540
271
95
610
298
74
754
104
420
525
395
324
391
876
898
86
59
156
20
596
40
543
452
348
883
564
278
317
534
282
743
308
61
976
453
908
76
162
387
515
241
406
301
887
367
252
126
246
230
388
49
165
882
164
718
592
285
171
884
16
928
876
208
620
487
374
186
698
12
88
832
166
429
304
443
369
809
315
341
199
133
202
328
3
773
923
699
57
116
33
820
318
705
114
211
432
463
997
684
367
120
307
957
431
212
469
380
335
662
666
682
942
409
278
349
91
916
29
510
183
264
62
632
94
957
860
438
263
934
351
361
106
689
488
666
801
543
251
356
391
28
574
86
843
91
926
390
732
922
751
434
410
575
664
686
294
273
216
910
949
252
364
656
526
215
358
78
573
586
450
369
822
187
694
450
806
833
553
117
752
312
900
913
281
524
209
837
34
915
538
697
982
367
343
600
708
269
731
70
263
666
357
513
327
385
631
626
702
200
400
672
854
486
587
117
279
191
516
490
653
739
763
818
417
258
410
540
716
883
419
16
127485.0
59
80
360
749
963
487
155
531
195
56
700
151
34
901
259
757
690
879
959
324
769
724
468
264
292
698
630
848
769
374
333
186
708
59
601
645
631
519
158
174
989
893
501
850
559
814
145
261
557
290
516
843
100
838
243
604
407
442
285
416
487
938
222
486
478
242
141
151
673
468
76
513
365
239
58
188
762
694
55
900
181
856
893
782
813
753
776
248
426
7
695
745
764
123
875
71
247
738
553
48
29
246
30
813
655
530
815
398
145
538
398
512
833
762
906
203
892
47
842
656
518
352
150
766
884
444
935
363
138
954
238
648
274
286
702
205
233
408
706
193
875
726
528
471
839
864
794
958
81
322
722
699
740
839
561
166
89
912
639
356
714
122
825
532
893
384
594
865
527
916
421
662
736
140
559
244
387
87
566
820
199
394
320
323
348
40
559
318
145
843
537
545
573
433
220
413
759
881
529
349
168
975
119
375
722
731
594
331
706
824
256
372
740
280
266
235
859
353
227
270
629
374
811
838
353
478
336
214
690
146
750
277
251
731
965
159
472
765
271
647
183
688
763
117
934
161
425
376
705
324
944
784
468
927
736
63
558
902
682
683
65
749
723
259
643
455
360
664
912
332
950
269
397
171
623
725
422
232
988
692
65
178
90
415
831
886
461
585
649
676
155
891
536
966
600
227
57
523
498
648
933
805
864
363
377
541
634
865
57
546
90
603
465
323
450
748
68
813
752
820
786
483
321
123
382
720
999
976
694
380
946
151
387
921
228
902
830
187
459
555
763
206
278
258
781
986
88
360
930
320
498
936
931
828
49
569
934
90
458
562
538
561
333
633
427
214
796
305
397
167
435
796
285
226
554
926
169
421
130
104
363
193
528
757
975
451
603
805
818
375
716
613
672
702
706
29
489
682
837
592
885
961
75
736
239
199
826
811
99
681
859
676
29
912
852
286
25
284
605
729
825
467
157
461
544
857
167
134
477
553
218
558
16
137
464
873
796
78
278
716
653
921
947
298
635
821
387
536
897
26
213
58
710
406
518
337
420
566
483
939
167
767
880
609
631
398
201
986
995
870
386
190
939
738
770
617
278
229
676
766
524
75
939
78
154
890
68
481
120
196
31
893
403
294
932
419
444
100
196
17
106
717
386
642
331
410
256
369
351
468
139
441
940
343
12
836
440
484
798
213
933
822
709
798
548
566
594
389
304
675
198
863
780
671
857
1
349
766
941
257
515
567
111
150
830
890
207
153
495
388
494
894
756
300
575
245
512
186
982
862
16
131
798
751
368
308
862
496
784
797
658
615
381
571
791
124
588
791
251
286
71
323
771
121
550
885
932
926
587
519
757
136
118
499
678
300
353
242
532
262
988
504
634
186
945
379
370
690
310
237
837
39
183
32
525
65
104
543
439
953
759
28
137
142
273
875
714
979
911
261
968
923
179
293
905
884
481
512
442
116
814
703
594
581
753
255
69
918
320
431
501
629
823
213
665
482
331
890
378
268
861
916
729
470
915
279
392
378
818
967
903
576
780
289
465
576
890
329
984
634
421
939
928
920
118
339
652
319
264
118
187
728
259
148
469
351
206
485
268
216
381
52
217
636
942
961
472
664
956
79
807
81
857
508
982
567
701
419
735
275
602
220
248
987
777
843
5
847
134
142
788
748
299
468
596
968
894
456
650
268
184
297
96
861
542
434
663
250
963
742
545
870
580
654
154
200
251
812
826
366
992
677
993
431
858
502
213
999
213
439
335
916
928
797
311
217
497
578
476
559
60
560
409
2
731
845
472
953
293
952
991
451
232
202
184
749
737
469
116
308
178
841
788
610
786
852
440
688
470
755
456
641
291
588
363
830
259
750
259
917
256
109
200
316
30
674
581
40
689
115
787
870
764
574
47
735
237
912
71
87
679
650
672
584
597
172
496
652
150
871
783
717
556
128
10
346
862
827
468
207
900
226
210
839
952
625
399
303
407
936
275
30
799
799
297
688
573
337
592
346
407
635
480
627
871
67
462
552
730
743
743
395
568
134
545
648
167
27
65
716
592
226
448
283
506
456
127
712
366
945
876
914
446
854
373
558
544
21
675
658
284
447
668
261
84
731
893
44
671
792
554
352
906
794
531
940
324
335
521
628
198
793
579
497
544
97
59
954
586
770
569
144
25
384
569
83
182
156
302
222
380
666
980
393
6
678
70
976
490
389
728
584
161
568
578
320
260
749
299
376
78
486
580
938
198
725
89
599
750
304
610
269
260
807
615
446
978
147
126
941
127023.0
933
964
966
281
131
562
841
484
983
866
996
824
670
34
42
244
547
68
992
756
392
320
136
741
43
355
658
71
59
632
245
829
652
953
333
368
865
533
58
740
48
7
9
172
7
170
490
749
551
799
49
191
795
222
854
411
77
465
190
606
732
71
365
488
724
824
376
837
557
462
822
577
337
748
973
815
570
353
704
40
674
181
496
226
880
199
935
807
810
938
778
324
624
801
748
957
269
296
132
912
335
765
87
252
861
564
268
604
483
441
799
412
63
299
389
849
655
967
834
312
626
601
338
183
94
566
561
548
854
93
602
437
462
800
316
715
366
674
60
851
624
329
909
561
831
97
967
45
475
665
690
397
202
248
124
854
898
109
830
655
920
837
906
407
414
591
751
133
952
102
656
407
756
918
699
769
657
851
419
184
825
577
342
655
760
915
378
717
197
193
225
432
390
615
580
635
340
31
411
696
575
72
670
689
484
361
979
682
334
94
57
603
968
799
594
704
904
660
830
766
818
563
168
142
705
459
229
751
269
852
4
634
42
285
801
896
70
153
608
408
374
390
520
856
435
862
779
570
498
582
774
282
72
129
962
899
538
158
314
240
824
192
431
839
836
619
205
338
920
576
251
797
788
856
221
267
264
854
632
213
414
803
600
664
535
190
495
451
248
353
864
99
472
59
280
837
126
404
109
301
229
238
544
732
818
465
508
41
242
529
112
430
220
608
385
164
89
261
520
207
998
445
978
886
161
193
421
33
983
588
983
925
412
131
457
110
483
884
276
498
323
880
626
795
393
99
748
627
242
775
479
125
787
123
211
386
762
967
897
504
298
521
397
410
347
757
430
735
6
895
807
212
852
747
515
114
542
598
393
941
130
808
492
239
857
545
863
254
604
648
710
408
82
274
785
940
993
317
287
422
81
133
50
320
592
726
853
265
791
351
141
367
815
48
225
634
493
804
825
352
8
470
703
500
843
127
13
887
988
380
663
446
997
834
642
53
69
986
601
276
979
145
81
654
935
216
960
392
13
960
968
881
867
581
304
622
738
421
23
42
438
329
749
475
876
667
355
113
944
179
213
897
327
282
63
451
731
774
991
321
31
967
54
865
746
92
504
588
294
741
880
147
725
691
746
588
189
938
689
958
365
299
470
311
811
630
966
571
54
534
490
498
594
716
210
225
939
529
768
777
915
191
407
255
683
497
634
661
20
305
707
190
640
252
446
991
507
260
490
794
882
375
82
913
209
112
810
871
450
637
111
133
39
780
639
772
759
811
197
156
228
912
984
255
995
758
997
433
45
183
108
297
386
513
579
889
391
209
690
642
643
681
813
806
508
76
500
21
597
506
984
808
403
438
282
694
233
770
434
822
873
472
32
908
742
550
478
249
113
759
229
921
296
913
26
991
569
530
362
131
85
937
276
896
581
68
157
90
140
781
458
87
789
649
325
72
39
495
600
937
416
321
808
426
367
715
726
126
355
532
798
347
178
767
439
439
8
137
971
666
775
48
189
580
216
777
334
531
901
47
723
509
385
739
526
363
23
771
179
340
954
52
625
129
898
667
578
723
1000
909
730
212
503
859
644
576
835
480
951
867
715
967
970
274
735
75
246
399
204
967
878
968
777
534
149
447
151
575
418
815
750
749
968
92
761
174
843
126
863
903
308
207
637
594
412
1
498
604
763
686
159
695
602
194
796
506
696
666
77
257
394
49
319
279
988
889
972
269
62
552
998
405
706
627
461
474
338
88
289
643
152
152
687
272
88
694
726
462
30
463
28
531
24
925
332
243
221
32
524
53
281
597
168
853
618
171
889
514
930
770
493
237
547
389
121
186
248
344
205
204
144
281
849
320
41
226
80
312
595
51
584
802
367
734
684
386
233
990
394
824
953
79
109
436
189
230
557
79
877
853
166
406
482
328
158
828
113
448
67
216
461
362
173
941
516
571
579
176
35
782
479
857
545
147
944
448
73
670
428
52
517
928
162
145
273
295
99
708
199
674
662
372
958
342
168
944
834
547
958
241
955
517
567
913
598
271
346
912
824
201
959
681
127
688
138
470
616
270
777
9
742
177
419
168
975
523
628
910
192
326
492
602
661
721
514
172
665
866
617
156
49
622
675
189
820
62
765
761
368
334
728
203
941
595
82
893
588
128
624
197
46
800
48
661
315
826
96
763
372
765
569
379
360
565
637
348
712
59
540
688
457
515
377
471
37
677
758
242
499
596
365
443
68
154
666
347
437
302
709
638
946
690
832
273
199
629
834
764
824
51
123870.0
919
92
772
736
446
521
684
451
407
116
149
149
328
997
673
672
862
939
12
266
399
728
247
350
985
607
178
894
680
408
353
232
522
107
525
643
37
432
929
273
69
922
28
853
543
914
32
210
616
125
958
777
70
699
135
582
816
581
93
430
13
970
930
444
330
252
472
98
205
459
94
396
604
293
210
129
360
729
360
887
479
830
912
841
995
759
581
168
407
86
400
603
282
279
741
119
482
716
891
156
659
324
259
669
505
458
913
373
136
640
14
580
458
695
308
200
719
63
694
687
776
343
181
778
156
464
372
526
879
828
217
652
289
228
251
371
28
362
437
107
941
599
499
464
422
861
35
866
729
405
356
649
378
654
367
186
604
991
438
379
300
248
749
641
893
456
617
811
218
966
854
606
268
12
649
325
714
143
492
718
326
398
103
309
831
104
717
231
40
824
158
581
382
451
80
292
242
953
881
270
271
860
387
229
849
548
279
407
189
808
836
368
200
168
930
334
577
421
623
311
399
443
5
939
143
493
467
189
286
248
492
280
789
759
951
117
311
789
771
672
215
577
261
225
704
49
695
410
826
425
476
722
612
801
970
83
40
936
128
780
204
874
908
97
597
360
413
630
493
340
948
170
903
194
517
702
344
70
622
861
961
257
918
401
852
830
499
513
20
711
868
819
747
844
179
252
62
550
435
656
272
746
433
208
744
575
194
971
631
372
819
620
883
365
243
921
161
641
455
770
81
648
475
203
263
758
562
941
57
493
323
104
792
933
357
923
848
143
241
462
302
118
361
196
555
816
88
311
766
157
297
932
363
912
12
697
517
64
661
540
303
432
661
669
730
171
680
308
608
69
765
791
498
179
979
985
358
393
571
29
149
231
515
730
742
523
48
675
392
396
171
576
492
753
330
158
845
715
106
675
601
959
176
649
338
297
398
736
378
637
314
585
475
997
169
404
753
99
2
740
342
504
943
447
48
805
369
127
677
611
873
590
334
161
595
920
649
40
830
636
407
857
684
344
869
833
114
644
743
69
322
212
561
375
900
382
753
674
236
867
883
628
964
519
366
360
653
826
448
798
809
165
643
625
200
462
742
294
129
595
502
42
639
131
348
939
155
430
470
218
945
795
353
351
277
493
221
133
361
131
26
631
611
646
418
384
444
365
170
543
957
544
219
306
463
827
847
413
622
290
270
888
632
697
320
455
558
388
27
620
310
864
899
673
725
34
355
725
405
122
81
686
266
183
498
829
569
37
56
300
720
806
65
306
604
299
740
229
626
757
659
170
947
771
846
341
172
503
728
810
506
797
239
405
429
177
678
714
409
259
695
242
688
293
690
824
427
882
419
506
448
151
180
473
761
406
267
296
995
99
403
573
652
103
685
424
217
672
202
234
305
47
946
71
893
31
21
526
269
807
841
112
995
135
714
946
199
940
634
199
653
952
841
438
378
979
553
572
172
31
255
628
576
540
688
264
569
963
354
520
250
609
309
197
969
519
153
775
370
324
144
915
702
322
275
179
694
383
665
916
642
427
616
248
273
645
610
283
402
744
86
975
29
930
392
387
480
224
784
165
363
878
610
53
639
452
693
574
958
77
113
51
303
810
630
970
764
563
659
22
988
21
38
453
438
544
401
391
64
178
654
351
908
995
184
885
759
854
932
9
848
743
877
488
433
901
72
342
988
375
791
205
659
812
574
530
797
373
16
809
367
861
385
748
643
111
906
809
933
371
188
495
748
450
643
527
544
844
17
343
945
814
320
740
199
255
395
592
883
441
530
476
797
116
771
741
920
996
674
956
608
494
28
59
331
825
141
506
734
154
171
852
431
528
247
876
650
696
658
867
105
696
870
726
732
829
431
631
723
915
773
111
63
316
326
655
262
74
319
100
582
941
64
584
286
737
162
882
973
61
815
673
197
713
609
267
69
598
847
865
717
641
234
25
815
418
559
847
177
239
708
100
223
936
647
570
800
360
907
892
452
161
778
891
322
606
959
256
515
345
855
530
594
570
638
79
429
449
850
822
697
394
450
38
969
778
328
142
934
788
119
409
83
233
632
577
725
653
582
984
645
866
668
739
35
526
822
89
612
693
813
329
6
301
306
745
592
230
838
909
104
297
537
792
90
914
380
262
179
597
298
791
61
397
191
33
365
909
460
764
958
292
785
302
733
218
266
313
650
221
39
601
481
483
152
701
835
896
757
331
526
430
322
444
595
404
585
854
841
488
175
573
891
903
465
715
394
643
416
446
501
396
58
635
947
276
431
192
942
924
