500
4
125405.0
793
501
549
86
216
503
947
947
288
269
858
198
785
785
570
404
892
426
731
289
955
763
349
296
876
497
68
439
46
793
695
224
158
206
961
313
615
709
841
462
974
600
421
258
735
529
358
772
266
926
820
234
839
681
983
680
445
809
362
334
63
4
271
659
239
385
875
439
237
935
217
309
634
358
765
199
701
224
54
774
847
342
424
1000
252
362
370
108
576
614
457
413
40
399
963
428
261
665
354
441
359
231
690
10
32
795
261
522
51
144
739
358
900
380
954
325
469
28
30
113
826
317
492
707
105
918
145
520
205
73
139
859
266
813
112
60
906
26
929
511
664
799
34
445
590
345
250
369
705
645
759
391
769
75
392
274
79
122
324
821
771
907
674
465
708
483
954
917
413
370
292
704
184
868
399
291
460
404
732
728
43
574
678
911
480
837
442
656
136
415
341
732
336
605
73
341
167
443
221
115
41
59
513
592
630
980
247
309
316
620
284
220
850
204
749
938
957
557
524
449
57
497
202
69
249
33
418
737
932
659
884
922
633
16
233
247
627
738
909
922
254
771
487
584
799
8
304
19
207
82
528
139
460
280
642
420
468
412
528
257
469
281
651
743
274
329
210
845
274
1000
850
476
812
248
856
117
543
46
867
946
662
786
325
854
399
618
535
552
314
524
699
382
118
662
54
773
534
819
979
83
632
553
34
774
574
625
980
390
415
874
897
13
776
928
836
879
989
569
527
960
507
439
173
942
224
202
129
343
801
919
710
336
854
971
997
707
247
326
644
97
921
732
172
419
722
193
478
102
814
886
655
443
810
876
517
401
609
370
607
377
997
423
311
90
255
912
595
684
951
969
743
750
714
395
772
640
550
553
319
822
231
594
40
58
265
939
175
21
85
654
220
872
683
734
896
152
360
207
857
100
841
132
692
563
136
615
873
168
113
805
318
944
953
526
466
228
693
419
635
887
13
115
835
951
325
943
873
846
841
767
616
78
982
218
387
326
637
286
234
695
63
750
718
569
409
542
16
922
545
318
325
703
42
606
163
533
973
610
597
990
937
578
724
297
271
928
783
484
107
573
148
7
888
867
543
93
686
780
696
616
821
439
390
293
639
104
151
496
983
205
748
419
234
353
646
131
30
95
923
1000
330
937
701
180
683
859
496
930
429
932
759
858
123
766
999
848
298
866
285
905
755
543
828
399
399
142
735
669
89
455
909
227
797
70
931
117
768
536
392
783
543
455
154
86
618
787
421
351
479
495
837
362
622
600
260
669
968
658
359
685
136
100
929
569
257
491
432
529
95
559
770
160
542
905
621
107
632
800
112
422
80
36
532
580
46
88
246
259
334
979
417
58
525
24
495
86
671
849
195
160
85
644
697
153
183
893
972
151
485
880
301
770
80
644
584
346
267
545
359
456
777
971
761
148
96
574
617
994
340
126
342
406
932
843
137
917
604
464
961
836
518
455
127
441
985
143
314
566
676
99
589
669
402
283
944
213
160
807
470
662
740
884
12
644
439
423
522
662
941
72
253
450
991
893
103
791
845
895
359
359
407
558
711
847
841
431
394
510
992
209
233
938
825
239
915
619
377
317
80
926
656
872
550
220
505
108
830
682
977
155
424
627
6
912
85
101
889
932
756
995
574
990
709
907
566
653
40
514
696
711
937
336
362
292
652
742
480
712
539
331
414
980
607
975
576
901
86
664
69
571
124
203
311
121
65
397
897
958
415
787
114
833
364
503
2
600
72
782
610
346
764
575
242
628
84
419
81
762
683
583
852
111
641
337
63
945
580
151
904
606
261
840
168
625
36
854
738
820
697
298
181
873
243
49
412
440
965
390
327
975
757
955
747
367
45
599
872
472
238
275
389
585
463
885
435
728
492
868
708
925
907
230
479
427
798
89
483
948
926
676
911
610
637
777
777
7
534
331
517
18
636
68
164
764
129
76
122
183
4
191
641
768
512
165
541
320
401
415
655
403
404
26
211
635
77
868
482
798
750
110
126
92
400
107
180
314
994
670
675
322
996
343
995
740
36
568
225
317
303
656
26
262
59
879
285
806
281
465
867
508
873
71
278
899
505
266
855
473
806
506
82
183
262
315
147
152
455
667
255
75
640
611
213
337
325
20
39
540
796
600
765
432
31
286
224
104
709
571
407
887
924
195
872
272
73
852
922
811
431
545
431
845
236
358
446
958
479
399
770
54
354
495
508
647
79
267
334
529
974
818
704
546
218
12
413
846
383
424
726
885
660
324
916
324
358
76
908
840
107
234
123811.0
169
413
694
872
980
458
586
42
70
654
712
776
500
255
957
683
979
511
242
698
575
337
673
679
614
446
899
638
555
155
185
795
813
885
655
745
70
245
618
459
792
351
756
814
716
496
276
228
104
117
950
672
938
416
720
417
197
195
404
655
350
933
128
421
680
566
145
584
670
30
841
718
913
567
190
713
913
815
803
166
568
638
533
5
534
577
644
831
921
408
114
616
974
543
893
487
182
303
584
594
522
734
387
957
141
166
940
489
309
933
613
711
690
559
815
693
790
974
590
912
318
734
632
256
742
48
521
535
717
892
549
54
447
173
95
940
710
924
192
425
514
293
592
515
314
739
197
639
192
289
456
650
334
882
479
816
453
948
535
275
246
52
892
462
23
472
951
48
435
720
593
197
161
154
973
706
882
605
771
246
886
347
259
51
728
143
953
301
368
613
111
266
841
399
443
607
162
551
596
929
278
992
316
332
252
85
554
712
8
426
13
846
371
731
201
107
503
445
620
470
651
562
701
890
838
911
640
258
300
383
815
101
304
927
145
838
731
327
117
40
254
315
849
497
589
978
224
997
276
910
606
842
840
760
640
645
29
660
939
831
263
668
113
305
404
609
484
135
871
50
699
522
816
836
389
981
179
959
349
138
176
216
441
187
363
316
868
413
865
473
762
620
524
378
216
127
976
168
335
947
835
472
572
254
294
387
944
512
718
200
644
943
859
78
206
182
900
531
31
49
947
554
606
66
177
718
441
565
690
86
593
700
269
70
1
229
453
662
83
931
675
304
414
568
374
738
550
932
112
37
667
567
637
167
239
534
946
692
662
688
944
570
270
936
339
130
576
292
354
131
929
327
623
515
891
407
731
387
472
167
16
411
188
917
495
51
726
961
869
388
137
155
517
296
669
880
177
730
379
956
948
890
68
391
524
295
713
746
146
139
810
85
556
450
693
700
360
494
190
25
478
810
216
101
231
65
368
100
887
312
559
922
405
771
448
578
455
643
943
365
636
285
106
498
361
489
448
64
402
589
579
350
130
303
438
459
813
307
48
62
785
434
261
794
318
146
383
475
278
461
908
991
764
40
218
837
342
253
283
410
736
602
29
615
417
824
307
560
240
810
203
538
499
714
272
880
256
871
875
83
684
110
179
817
501
154
322
11
222
87
658
78
655
291
868
195
64
56
779
154
485
541
590
693
808
942
262
236
759
539
308
750
70
915
153
930
115
398
232
140
10
510
98
849
378
200
54
565
551
505
740
667
104
426
370
255
623
254
978
255
757
948
249
420
58
440
684
559
306
383
849
764
128
127
242
917
528
162
534
509
112
873
160
416
61
908
386
674
986
77
179
939
676
952
649
998
834
236
979
890
218
341
737
748
74
40
770
882
837
163
111
225
399
385
417
738
555
518
78
587
13
19
826
934
407
482
316
20
880
972
827
535
861
195
753
24
849
469
725
252
456
512
699
603
232
763
243
368
918
983
673
262
719
628
557
773
293
202
272
244
265
174
315
390
535
640
158
346
29
853
885
487
809
148
344
260
181
183
374
657
650
422
545
136
301
617
136
514
145
869
25
63
218
823
363
318
124
743
908
92
642
68
504
733
680
900
321
222
913
854
173
295
361
126
278
894
40
20
331
45
87
85
994
149
819
354
196
503
153
265
472
758
345
704
291
247
618
237
917
733
938
114
541
43
495
10
127
285
117
408
142
857
488
949
85
684
461
95
418
238
363
247
557
568
855
313
145
256
984
582
891
397
747
297
241
633
421
255
128
453
410
852
836
631
150
111
500
779
783
323
663
66
691
318
445
231
809
225
17
653
561
118
272
874
933
509
354
562
755
73
991
23
761
634
777
413
529
538
697
690
377
329
14
129
81
296
476
37
740
105
624
838
669
628
968
812
46
103
955
376
963
349
987
193
932
919
899
708
928
905
470
888
490
151
595
953
352
799
726
855
86
319
308
743
689
699
79
643
355
594
652
950
47
350
598
68
703
213
166
912
436
951
720
967
424
606
73
245
169
775
802
677
75
182
337
486
223
640
939
247
470
801
671
81
106
145
968
478
449
429
318
848
136
135
15
659
710
615
185
535
956
855
168
738
458
749
532
365
894
939
853
478
607
621
192
960
942
526
599
338
749
591
372
802
119
983
201
357
676
177
808
760
185
673
343
131
177
196
904
487
873
250
641
567
940
34
874
539
638
967
119
491
377
382
126
635
547
474
170
239
927
437
860
972
981
61
257
562
753
86
93
736
28
699
183
899
766
105
408
794
119702.5
965
534
78
47
779
568
639
985
58
350
228
259
508
662
195
254
988
414
819
287
572
575
962
291
422
475
861
262
451
912
811
181
93
133
646
184
498
761
153
574
916
643
615
228
771
431
78
785
65
961
203
342
482
579
584
586
3
755
558
310
912
19
21
484
416
347
405
320
430
898
323
198
665
347
168
327
568
237
230
825
301
293
625
962
553
403
796
142
935
588
666
350
272
413
955
443
57
706
981
481
997
246
200
66
459
796
786
512
90
52
244
232
860
471
130
247
381
33
22
67
419
301
54
759
282
960
752
500
405
160
74
870
23
861
917
148
100
120
203
649
930
743
624
485
827
224
365
326
850
765
341
413
471
205
256
121
447
123
87
816
179
889
102
513
160
617
844
976
96
343
510
740
660
778
240
349
985
459
839
833
490
685
439
870
224
880
657
757
437
324
747
689
173
651
351
376
805
466
909
51
367
22
622
636
875
849
413
304
103
659
882
78
26
367
208
932
498
636
735
593
68
398
100
25
222
115
899
652
996
671
838
843
232
15
406
187
455
683
239
957
859
753
1
481
13
105
737
69
739
166
101
62
647
327
750
312
102
409
565
223
698
339
266
662
280
363
887
765
674
968
913
556
780
88
949
70
628
40
265
960
335
829
144
805
90
666
794
629
667
523
855
371
663
584
247
968
673
746
437
125
899
513
252
777
523
692
437
453
486
871
94
61
715
880
145
855
137
564
364
986
430
542
515
984
422
194
392
403
491
958
733
310
317
889
689
804
262
278
983
56
638
709
193
461
641
343
471
7
144
891
40
469
614
880
988
458
435
353
640
392
308
359
549
18
899
904
98
723
86
940
49
682
436
558
78
663
837
713
616
880
733
524
892
153
246
853
585
110
868
602
129
818
356
698
154
61
121
339
988
38
566
92
313
510
212
615
443
157
329
783
95
939
221
551
163
384
236
523
460
897
944
159
985
841
806
998
398
913
840
752
30
75
70
135
241
410
91
356
327
705
729
636
205
426
574
501
39
890
296
360
117
594
365
759
504
457
395
636
750
935
129
610
827
170
327
838
201
555
853
513
135
27
140
988
834
112
166
736
10
640
706
477
799
472
312
184
796
356
617
197
787
510
473
332
216
62
868
34
854
983
841
988
751
85
548
750
618
932
277
917
313
835
38
691
531
779
161
934
51
928
726
446
992
267
544
110
15
808
533
528
229
333
29
15
157
159
879
580
149
837
869
405
533
159
783
703
552
519
137
486
284
263
17
655
933
739
427
682
591
803
935
96
810
646
515
491
444
530
424
586
217
308
259
899
418
46
134
911
101
403
813
206
87
630
725
85
423
385
400
914
162
24
898
68
450
28
570
802
456
59
816
562
985
286
980
986
978
143
850
873
838
842
441
648
703
237
403
524
959
361
106
890
836
108
188
498
157
997
540
23
691
551
157
791
949
905
391
530
797
824
774
547
601
378
456
337
141
667
998
29
183
833
624
306
322
307
231
823
813
739
819
895
387
577
443
377
75
754
970
182
788
450
72
778
518
722
903
771
990
421
633
601
136
894
534
475
176
585
626
202
518
845
142
83
266
720
170
241
374
919
825
930
553
281
505
76
130
812
516
222
238
621
890
897
563
85
111
893
913
985
735
947
201
831
499
657
773
574
942
809
540
190
660
276
191
776
605
742
300
285
606
850
330
971
589
958
197
639
724
556
576
78
34
92
309
250
733
927
590
858
111
826
61
347
314
726
754
690
528
518
267
557
25
648
607
444
517
703
404
507
132
160
599
420
857
902
645
192
554
767
562
980
198
729
341
808
211
799
276
343
165
811
200
129
948
428
509
343
330
838
904
898
774
426
59
523
297
512
970
321
220
681
967
819
595
786
25
926
287
879
954
144
59
416
228
167
964
856
824
719
497
689
780
720
160
50
772
306
685
11
703
12
423
798
907
111
44
179
111
184
858
706
611
225
1
290
388
402
910
354
335
114
852
698
399
924
781
843
745
35
567
103
715
7
39
377
23
819
552
285
948
330
494
794
527
427
905
320
397
813
684
225
66
887
863
924
760
504
112
643
793
134
633
917
996
434
50
322
114
390
189
65
202
321
263
320
26
539
664
126
737
429
378
354
823
77
264
420
642
576
419
474
323
220
533
115
213
655
338
899
30
173
940
282
26
811
362
744
798
446
982
694
742
523
154
991
624
487
947
79
357
453
891
673
207
334
160
609
111
770
591
657
242
86
483
991
175
364
476
845
281
201
605
294
5
178
299
841
308
143
125784.5
854
399
689
961
681
485
953
53
743
632
987
766
505
392
389
773
436
507
59
708
28
456
987
739
218
451
584
656
392
44
935
807
600
965
54
790
517
173
211
479
911
395
70
794
143
487
792
285
755
29
937
690
766
430
263
429
193
299
486
621
225
980
269
564
40
652
139
739
215
126
868
711
464
680
667
765
130
816
829
220
185
774
921
126
363
656
540
841
737
324
536
720
266
562
603
586
106
242
455
447
764
788
842
987
371
286
416
486
878
956
893
771
466
447
607
717
680
949
289
918
937
706
839
291
962
126
569
462
723
781
934
141
925
151
107
758
589
965
705
251
245
194
517
416
968
773
976
707
549
298
314
665
95
868
350
932
153
950
548
179
595
205
764
432
525
399
596
97
911
648
246
321
686
162
81
694
859
558
947
227
223
399
443
156
773
40
59
236
628
771
721
312
543
349
487
697
912
458
353
974
402
952
666
412
750
145
599
647
872
274
935
845
240
689
341
103
244
290
24
349
78
576
217
993
540
955
52
415
909
313
421
81
648
917
501
906
392
374
67
1
711
255
75
551
430
991
160
997
279
906
83
900
471
682
572
612
987
499
606
800
485
721
639
311
209
620
837
275
611
22
442
347
332
862
371
845
601
958
547
133
692
209
809
133
771
255
954
434
118
573
56
672
272
508
221
69
170
338
303
942
4
586
474
267
564
268
966
455
385
186
858
858
766
201
131
49
384
463
95
51
444
521
880
32
388
864
742
581
177
84
544
650
820
35
876
104
166
807
917
989
425
213
705
610
150
747
361
958
180
191
120
439
937
31
929
637
886
738
472
617
560
659
483
954
70
160
615
329
104
66
124
267
128
541
98
275
896
212
375
204
771
468
331
813
256
116
120
810
418
343
325
169
976
216
859
932
283
696
269
983
704
855
779
564
784
368
168
779
732
194
703
105
182
496
443
641
997
538
188
134
712
788
62
92
35
91
277
69
142
276
418
902
415
874
822
530
973
624
907
260
405
408
976
509
650
445
1
59
928
611
797
484
76
173
787
460
978
368
778
41
956
323
920
910
670
227
106
485
290
569
308
988
575
7
824
831
646
223
740
262
189
603
124
469
784
758
682
639
411
827
168
428
261
757
915
907
614
896
89
27
276
10
25
910
158
203
360
8
440
15
436
218
937
221
534
298
760
126
644
81
794
567
219
664
709
882
717
157
17
569
753
683
886
995
746
831
210
460
949
92
706
668
545
875
55
388
489
556
232
585
882
784
129
304
33
169
423
249
168
279
589
982
718
382
86
436
591
448
548
446
166
640
706
127
405
914
927
47
127
550
137
810
910
281
347
984
768
555
356
102
869
964
275
965
803
941
438
113
514
898
653
445
800
644
7
89
130
871
640
63
409
251
261
320
607
685
642
537
279
708
160
169
888
944
878
512
460
99
814
936
265
390
221
266
941
164
987
449
950
239
191
522
143
699
99
582
294
245
616
898
362
118
443
601
928
715
299
125
895
343
548
156
898
396
76
665
323
337
790
810
490
579
875
264
819
285
201
272
719
594
109
411
307
181
461
440
724
341
136
892
71
216
116
956
863
323
285
683
618
126
318
146
183
716
764
871
451
142
391
760
811
394
628
111
11
913
425
65
284
37
199
47
64
82
97
375
572
393
771
214
809
895
879
671
51
154
569
191
76
685
366
62
34
124
477
100
806
369
494
525
431
945
845
813
556
797
34
88
160
79
972
232
794
582
456
369
29
280
343
482
947
374
713
296
321
548
102
283
516
433
747
922
785
534
409
2
287
824
514
217
210
22
189
316
784
266
770
295
761
568
769
215
831
967
404
563
523
725
329
178
282
15
743
482
790
490
640
582
734
646
839
266
567
156
245
175
25
25
92
195
383
927
642
494
114
928
630
126
398
278
895
369
512
207
91
887
339
791
946
920
953
967
574
135
133
957
792
783
939
829
985
215
876
860
12
782
718
511
296
576
987
918
771
309
262
108
218
206
595
924
338
979
550
938
146
630
308
212
421
641
199
588
114
252
735
537
238
720
401
197
692
691
966
126
198
170
683
571
686
265
407
950
191
163
288
476
832
609
737
590
375
969
958
730
635
773
979
380
320
910
766
494
32
703
1
959
475
664
695
354
896
429
580
839
600
938
102
389
767
95
89
853
979
673
592
248
121
283
546
472
561
367
124
495
548
35
695
434
629
960
988
579
986
407
568
651
243
389
634
173
372
443
70
873
739
54
64
606
371
240
345
767
199
797
252
874
748
106
644
860
