500
10
129680.5
260
908
621
160
877
986
137
888
993
866
473
715
450
961
930
415
930
69
570
478
390
271
386
146
721
89
411
847
531
248
470
438
70
934
605
453
450
901
127
662
991
801
397
888
264
354
249
230
615
955
730
299
782
37
935
447
340
181
1000
996
12
790
906
193
567
319
709
158
232
418
621
955
971
290
863
827
540
977
101
580
44
868
290
684
99
209
135
798
730
312
508
493
603
580
674
581
620
248
870
765
912
995
286
314
995
920
665
678
468
416
319
384
399
683
552
519
123
289
518
271
908
660
936
225
656
963
270
273
148
751
547
8
573
48
957
575
547
966
613
976
661
771
734
809
522
966
927
127
424
392
332
515
566
29
211
86
685
637
349
196
259
393
949
217
180
268
855
309
599
339
971
938
359
115
861
33
100
951
540
809
441
99
969
724
157
374
464
342
725
663
713
872
614
121
1
108
525
431
803
808
75
922
287
190
116
932
83
126
92
306
655
552
662
499
195
756
837
407
951
14
286
500
188
464
869
277
928
809
88
788
362
400
781
555
69
955
995
392
107
325
186
760
742
565
322
652
113
335
787
37
784
268
929
84
623
222
320
371
750
378
393
134
912
922
395
416
234
494
674
961
998
795
213
842
388
399
520
826
516
36
88
545
370
42
638
797
321
901
308
839
824
348
830
334
602
274
267
967
728
550
13
539
855
290
537
41
20
559
837
832
511
119
971
677
157
515
812
100
480
790
924
379
223
226
477
81
887
953
138
578
821
386
875
769
651
276
418
176
238
925
720
611
83
500
745
29
158
579
724
457
517
181
184
530
950
354
79
511
846
415
739
653
284
566
730
60
969
551
372
442
762
632
945
22
103
664
772
647
372
888
494
226
844
687
432
958
73
518
844
588
992
784
24
211
297
307
525
416
116
56
403
247
114
84
801
543
201
132
965
349
608
5
763
479
633
446
109
250
756
649
537
948
530
659
232
4
975
145
441
71
534
343
616
494
657
456
152
796
580
409
308
443
602
282
859
976
329
291
161
991
344
468
597
274
836
956
888
316
545
186
756
647
223
375
54
811
698
51
980
192
689
386
878
872
658
945
980
571
845
584
132
13
452
965
777
283
574
272
859
657
332
113
563
513
589
61
122
366
545
983
329
173
717
282
696
90
790
77
549
826
830
67
659
74
423
899
66
792
923
330
625
603
271
453
360
109
101
437
804
303
462
150
532
22
869
404
497
154
333
553
479
398
548
995
604
459
378
76
264
982
178
335
850
853
682
147
617
460
506
7
545
10
811
560
108
506
462
212
377
525
558
559
346
452
696
420
847
879
217
813
842
494
802
269
34
235
450
12
498
399
241
136
143
121
609
448
621
14
880
159
401
286
601
840
891
460
380
647
407
342
404
143
377
839
610
80
662
109
136
990
985
591
557
911
947
931
720
583
686
913
528
966
766
552
179
937
872
102
603
712
601
159
97
818
734
877
589
997
308
651
174
754
22
500
331
160
891
417
229
993
894
350
876
323
395
171
96
98
984
19
164
315
822
905
30
200
127
881
346
518
890
685
578
16
25
483
479
908
99
156
597
493
157
576
62
19
235
440
361
928
686
694
400
523
497
597
759
982
121
461
790
596
265
697
266
905
191
762
613
939
722
352
321
601
253
82
328
64
327
389
504
143
502
975
68
601
739
906
688
337
384
475
801
131
423
882
530
967
717
959
829
375
497
52
780
134
854
220
745
751
937
762
324
271
525
186
216
291
471
170
5
71
90
425
197
359
708
749
794
129
494
277
308
146
555
711
840
350
88
582
961
778
501
409
350
221
880
112
448
410
111
780
103
753
974
204
486
926
248
231
291
214
870
289
265
697
867
174
752
90
132
754
452
867
304
34
784
63
705
609
831
330
669
757
923
682
954
232
644
388
161
998
699
243
114
529
953
936
694
259
340
648
806
874
639
177
956
659
141
882
119
164
757
264
173
53
441
618
94
258
440
890
846
479
967
365
962
16
157
17
662
239
526
988
476
292
808
340
444
582
706
717
737
924
200
297
618
371
483
617
786
838
949
181
405
850
236
775
463
433
340
95
138
744
582
722
35
605
510
943
217
215
402
879
666
970
491
418
823
796
394
853
304
144
263
827
677
444
39
314
654
706
535
555
309
446
543
268
116
504
255
904
866
980
96
48
993
137
980
257
47
275
13
23
942
577
652
67
237
122
62
700
563
607
249
80
94
276
977
989
274
962
634
314
104
868
269
941
734
35
970
736
948
328
158
528
716
294
530
492
129823.0
474
962
622
231
883
954
69
872
897
840
574
771
267
967
23
427
260
40
312
525
793
309
304
101
449
7
895
883
229
167
969
428
57
854
722
375
831
809
331
669
753
863
930
809
545
420
501
315
778
909
948
271
759
132
122
411
440
226
211
925
525
815
141
140
292
224
895
59
681
435
423
916
242
269
650
762
820
926
29
655
808
942
280
601
105
143
407
711
260
345
618
535
925
592
439
551
279
163
392
665
527
923
863
249
733
883
152
579
535
422
629
470
844
725
657
436
50
328
17
353
251
739
126
257
843
864
845
341
865
666
381
31
208
124
942
662
187
984
742
924
392
748
105
734
715
976
471
222
702
467
696
421
983
83
711
15
880
636
203
125
867
332
198
189
859
222
286
315
667
404
343
939
961
213
744
41
502
931
345
776
213
188
783
708
27
447
83
313
818
629
920
807
234
187
378
131
365
381
229
801
684
889
779
187
427
871
820
118
378
348
107
558
320
524
999
658
604
399
67
15
966
471
893
537
374
257
425
863
998
705
551
353
734
559
986
990
110
316
835
361
463
819
709
523
560
613
413
242
669
56
978
213
990
69
110
240
861
464
176
334
404
88
440
913
137
419
157
545
401
915
399
761
868
879
320
308
261
860
411
53
464
527
967
79
290
784
482
975
816
938
826
327
690
315
850
238
115
912
475
482
555
455
949
213
759
124
775
526
543
738
353
46
851
769
32
595
939
52
428
764
768
303
251
187
870
126
590
901
656
552
330
300
858
794
793
302
964
218
840
850
380
598
418
524
6
98
403
641
204
454
494
200
867
510
401
427
643
576
600
417
265
666
415
637
925
135
355
542
458
460
485
643
956
61
657
697
983
555
370
912
896
231
689
605
423
897
138
493
307
611
712
747
898
209
722
382
663
437
686
106
78
197
967
34
673
522
668
105
220
417
661
50
973
397
833
389
477
342
674
596
898
983
412
710
69
104
663
45
11
157
211
290
429
443
748
504
964
818
431
337
26
423
662
219
475
940
902
350
660
985
565
510
572
282
982
949
54
382
184
146
430
661
976
357
240
756
797
28
976
120
930
463
974
792
603
921
815
640
917
545
426
83
146
865
324
293
651
320
110
640
665
13
927
515
281
28
847
292
346
978
855
158
994
314
915
103
882
28
878
821
809
42
160
110
391
959
201
849
337
269
659
636
853
447
930
145
23
338
428
371
77
88
461
42
783
310
474
225
694
594
467
442
690
1000
406
456
804
21
861
925
20
294
908
953
8
170
34
517
98
24
96
104
577
552
655
467
375
307
835
476
618
523
361
428
212
415
97
790
315
869
927
492
287
256
674
301
217
14
819
474
45
41
390
43
979
459
63
66
605
169
737
318
683
853
110
536
786
696
248
333
361
114
309
839
467
112
870
185
599
903
932
521
210
940
374
941
815
676
190
994
281
955
666
534
759
876
772
95
715
797
273
183
949
728
707
953
876
976
709
740
65
811
625
477
757
169
457
460
62
901
421
379
350
302
406
214
638
12
603
53
311
362
221
966
188
186
269
846
157
508
81
768
780
41
72
538
911
859
457
192
593
540
829
496
889
76
145
357
834
997
924
762
281
432
98
598
951
924
799
527
408
511
385
669
764
933
164
667
164
939
771
415
79
582
171
75
431
127
768
470
122
113
150
912
670
540
176
952
32
426
436
499
437
101
643
934
545
880
647
958
523
406
852
95
622
186
262
189
797
849
151
737
345
252
319
219
545
300
159
109
937
52
793
360
291
402
667
732
339
80
359
210
395
216
376
790
189
360
189
496
367
872
947
476
570
250
163
73
829
450
869
823
967
662
730
236
140
852
455
238
964
177
499
233
925
755
858
142
563
104
105
680
361
780
788
35
895
80
899
654
50
231
543
738
708
636
608
327
37
433
959
988
74
175
20
620
131
970
227
263
653
656
774
932
923
143
1
635
892
864
158
148
81
360
29
105
375
524
840
243
908
965
501
491
838
350
564
22
210
92
100
139
145
944
621
311
168
336
271
614
14
694
25
843
93
284
181
341
98
642
508
887
649
126
594
877
493
795
590
410
258
95
974
663
161
734
748
539
82
909
69
212
551
815
951
983
23
453
556
713
582
769
590
177
797
756
655
399
547
383
790
720
290
558
903
443
613
349
240
476
202
880
388
999
913
24
765
97
644
273
39
214
242
13
410
661
814
7
850
48
247
742
617
609
129
34
114
247
909
968
635
894
776
377
360
794
107
847
861
75
771
738
955
354
603
586
432
346
2
486
117606.0
17
934
254
213
338
865
999
855
436
930
607
709
474
937
381
373
613
88
451
576
789
318
341
95
966
33
499
885
261
119
324
431
21
911
497
324
555
887
978
575
403
895
198
903
96
455
648
271
370
925
920
178
107
107
487
447
854
274
634
906
628
852
380
78
265
312
446
157
459
470
245
996
725
362
629
756
619
958
490
566
823
906
487
578
149
83
626
800
274
281
22
558
957
547
206
531
295
213
14
647
505
931
859
174
555
891
797
620
175
498
179
391
169
734
516
356
813
365
728
405
22
729
277
281
363
870
403
379
191
688
358
105
983
195
513
570
145
909
847
855
21
812
68
667
143
960
460
133
473
444
697
517
248
9
381
82
563
550
381
123
738
379
283
162
421
219
124
355
208
399
582
991
262
232
496
113
335
868
153
854
87
216
893
763
675
356
190
317
902
667
892
906
845
120
161
34
9
404
819
713
770
975
308
275
828
832
21
174
877
311
619
572
307
593
860
714
66
340
709
106
89
522
593
444
533
307
701
807
442
680
909
343
97
581
79
999
371
363
749
282
965
909
169
608
674
582
672
235
867
24
422
166
918
37
357
181
33
520
112
377
700
147
924
953
92
507
269
468
876
904
967
831
85
931
255
383
847
767
757
123
690
610
407
74
862
871
438
993
432
844
377
383
198
272
110
275
438
864
609
564
152
491
391
150
148
61
2
556
798
656
927
36
9
774
76
665
138
22
272
719
611
358
428
194
954
74
374
933
45
508
366
324
241
834
977
273
794
128
778
850
405
558
207
552
728
73
601
739
330
554
893
295
342
568
706
459
329
664
42
474
826
656
450
681
114
100
198
447
18
500
296
545
294
161
270
644
521
494
581
993
871
161
486
506
541
945
297
586
338
543
774
847
196
112
173
327
682
446
262
116
537
105
181
89
603
423
756
70
652
428
144
47
304
351
518
339
360
258
765
661
814
968
420
613
717
122
933
54
602
171
20
293
299
432
89
486
530
821
30
405
176
385
281
294
673
854
49
278
11
968
765
557
950
237
855
952
128
420
329
53
898
626
648
295
678
744
499
6
14
178
741
533
871
795
90
951
513
645
515
645
88
163
867
766
760
387
402
346
890
740
714
59
636
584
865
66
221
387
926
974
373
112
981
326
170
42
917
85
454
800
1
63
862
127
93
886
285
898
64
292
259
676
456
508
939
245
455
399
935
401
454
155
534
72
896
356
398
324
844
566
882
461
996
989
644
458
298
97
692
898
381
261
198
911
399
137
320
562
255
103
362
10
722
630
515
440
808
284
139
404
934
617
662
380
22
356
55
821
364
932
502
580
358
247
270
259
628
5
914
556
729
66
783
8
150
430
544
101
807
153
267
295
168
938
507
574
451
733
89
283
583
125
378
747
291
172
817
268
207
915
359
450
844
982
672
973
57
645
448
894
746
863
958
505
261
820
133
43
744
773
259
220
613
730
329
888
163
934
10
728
264
812
888
398
376
115
234
372
665
803
495
349
266
402
798
250
101
16
292
53
853
351
919
945
156
199
787
777
887
502
405
733
985
138
492
611
46
885
324
219
84
479
532
460
479
174
43
283
144
959
988
683
100
383
857
646
851
860
569
586
331
433
574
632
105
919
616
721
995
879
758
468
599
682
797
42
23
213
287
562
354
201
324
837
177
598
669
935
456
449
866
592
930
69
101
955
843
887
284
975
638
330
783
66
221
211
895
228
313
874
138
825
385
214
169
257
64
368
991
110
201
66
929
423
342
482
726
641
433
149
71
238
276
207
104
705
91
419
613
595
191
807
217
437
689
237
365
70
300
521
636
818
680
594
312
188
633
771
550
141
222
115
864
294
99
709
900
49
744
145
364
666
1
816
914
20
377
51
281
627
777
132
91
681
974
659
411
294
296
445
134
942
36
216
109
650
509
913
774
291
465
687
159
964
822
181
392
584
767
816
318
79
724
299
60
197
849
506
511
276
379
941
544
442
527
346
665
25
189
55
855
101
712
909
128
273
201
312
20
565
528
704
366
803
601
330
57
410
562
723
357
909
622
31
709
808
533
732
499
500
33
5
327
729
121
815
889
629
15
981
745
146
661
719
116
953
179
376
323
743
398
799
481
164
576
716
411
394
565
441
339
735
697
532
486
478
15
413
652
398
391
965
384
918
550
48
735
43
626
210
387
159
811
106
815
709
32
62
850
96
968
833
892
608
616
105
250
276
630
942
158
848
96
445
943
729
679
765
805
57
753
822
69
374
5
540
107
431
457
469
127701.5
859
872
429
248
290
918
57
898
100
913
721
795
357
953
479
277
98
57
427
666
955
288
278
135
472
5
96
948
720
102
145
435
211
946
476
383
917
928
710
521
805
867
480
841
541
502
976
219
428
989
293
102
374
175
729
445
974
351
518
807
778
755
636
165
608
315
856
143
97
543
481
972
467
329
726
727
326
942
795
476
497
806
703
632
257
164
945
837
845
332
64
580
128
480
829
625
480
143
876
737
330
973
205
245
968
889
575
713
597
465
582
450
674
726
158
258
440
420
41
394
220
754
703
278
677
930
374
479
748
640
879
45
212
291
162
538
963
821
806
857
947
712
524
637
285
870
251
67
753
447
926
509
515
6
734
70
142
522
507
24
177
341
55
117
50
161
853
402
214
312
845
988
588
270
352
24
559
781
255
926
318
288
560
845
192
394
219
299
843
701
192
942
512
74
897
60
905
357
683
624
787
920
717
375
298
767
577
270
976
326
552
523
27
497
502
667
985
392
112
201
897
589
482
381
306
369
787
763
691
711
778
319
503
675
983
928
440
293
326
203
980
818
96
626
218
603
72
250
343
88
804
69
982
9
384
129
404
424
202
422
706
82
257
866
342
407
77
490
903
984
666
781
791
859
861
417
459
715
538
114
349
528
541
80
875
966
461
966
845
747
309
328
6
369
651
318
225
877
825
515
123
533
373
169
77
116
175
500
146
704
329
49
141
869
989
607
593
53
256
651
957
263
73
126
200
119
678
876
680
596
972
311
886
838
670
312
491
212
532
835
245
585
552
534
59
41
617
693
884
567
456
249
759
653
77
542
468
566
700
561
490
755
888
657
12
193
599
459
144
473
613
645
55
174
84
561
216
502
900
915
124
191
904
532
732
916
773
641
262
514
814
749
167
104
198
353
504
382
328
90
177
5
23
6
597
447
376
165
245
403
141
121
889
440
539
373
828
286
385
744
405
980
105
591
414
44
167
26
770
135
983
256
601
470
665
499
805
902
38
423
500
296
940
222
150
924
124
285
689
917
863
619
92
319
95
858
727
359
100
102
215
532
208
234
796
723
795
85
241
162
849
541
9
838
634
976
78
627
635
608
934
243
654
736
116
423
728
387
27
711
683
28
729
567
213
39
635
375
137
993
692
201
186
388
326
61
807
161
753
720
997
96
573
98
873
966
459
965
908
376
638
698
643
472
484
288
124
481
173
399
168
68
992
3
674
353
496
393
668
504
122
498
800
970
422
478
610
3
783
911
790
326
987
972
829
152
649
592
246
58
730
20
96
568
773
537
135
298
877
382
824
707
468
347
646
295
830
889
712
919
475
580
561
328
782
332
321
83
261
461
847
55
236
15
450
467
51
148
727
126
398
304
368
987
661
636
327
793
825
207
743
138
791
814
835
76
103
262
1000
925
794
429
9
892
858
955
535
627
168
987
264
900
100
585
168
881
458
33
451
778
204
172
553
756
846
923
135
861
184
760
981
774
455
369
53
186
892
311
840
901
122
349
800
494
643
307
791
1
633
30
94
277
87
935
593
136
472
875
651
509
129
765
511
38
945
523
951
935
862
205
683
385
97
396
686
146
637
268
316
980
742
744
90
348
141
609
809
784
823
610
763
514
273
642
673
831
968
639
716
799
295
548
578
627
851
112
889
286
301
562
654
265
245
827
659
642
19
856
952
502
781
574
207
68
433
878
387
892
938
952
892
238
36
53
20
184
359
134
455
927
637
862
892
136
900
177
840
335
703
37
208
85
218
411
392
462
252
736
480
83
104
179
777
177
783
653
690
511
306
677
501
716
493
458
515
173
351
89
638
584
878
759
691
635
626
104
459
739
419
41
126
211
847
306
374
744
628
61
256
193
430
718
783
899
173
68
166
10
934
582
442
193
997
730
602
704
482
291
134
428
218
900
457
275
130
669
560
816
5
390
834
661
272
898
772
90
667
624
204
849
355
169
440
242
752
269
41
428
921
241
655
920
963
459
384
321
564
77
264
30
710
175
839
850
472
325
650
369
830
623
571
729
362
803
904
232
472
330
905
654
592
870
294
15
916
869
514
636
768
459
360
71
739
634
564
719
329
723
801
930
604
149
246
709
189
962
306
353
545
755
569
879
866
144
477
684
878
390
172
347
327
721
468
613
606
460
507
458
582
458
652
990
369
873
320
144
506
34
35
155
491
187
914
41
838
687
28
6
378
108
4
804
74
549
34
104
139
248
23
847
871
822
891
390
841
662
393
796
25
151
662
873
959
473
587
587
72
396
365
542
123043.5
162
804
381
216
127
957
648
941
831
902
311
822
360
870
727
366
358
28
377
624
143
305
859
157
677
96
990
882
551
198
612
480
959
982
678
399
556
854
57
549
754
907
790
772
172
426
642
195
842
984
433
68
112
170
292
499
27
332
254
771
577
723
761
224
907
348
85
132
568
469
9
981
847
388
948
679
515
944
387
500
771
714
633
596
138
64
867
846
423
371
526
653
133
405
996
676
250
219
131
825
749
986
936
267
879
911
402
715
525
508
416
550
604
808
234
277
834
441
606
469
72
670
419
325
534
941
244
420
794
727
196
71
911
291
375
629
880
744
593
757
890
743
279
733
482
930
422
135
906
356
883
431
8
83
989
106
905
521
151
123
642
281
608
145
179
76
310
492
108
218
698
892
405
320
374
120
575
753
408
981
223
317
334
855
339
319
475
375
481
771
110
943
204
95
644
10
106
422
216
719
917
953
36
411
498
855
479
284
273
236
484
541
63
559
996
752
986
377
654
142
757
687
209
329
297
354
820
811
54
621
284
342
847
720
420
893
779
354
570
175
324
872
962
679
783
667
987
315
633
100
464
57
547
96
726
126
542
362
505
425
674
80
686
883
320
342
62
488
569
983
549
710
196
905
424
353
343
757
288
157
299
459
186
174
666
975
402
883
81
789
704
374
428
392
255
226
316
828
147
615
91
457
170
142
183
191
811
569
872
743
361
67
237
828
2
580
360
25
575
597
933
331
403
89
531
101
525
965
445
634
8
381
359
754
366
353
624
180
757
912
803
577
937
511
498
74
887
664
762
565
469
206
983
579
741
443
52
534
562
658
266
662
425
610
877
253
798
483
457
385
666
597
146
171
201
564
782
414
37
845
76
221
515
453
847
923
727
552
189
552
681
781
973
76
90
364
177
282
406
41
887
52
823
18
76
375
382
155
612
434
492
122
358
378
997
352
115
213
568
783
994
909
215
555
798
81
383
81
945
208
67
269
175
512
390
582
6
998
187
332
739
236
669
271
5
978
732
231
444
831
957
665
837
285
128
926
819
450
135
103
893
630
569
253
240
793
326
14
762
88
685
626
784
852
95
912
382
584
473
557
346
192
190
652
375
377
246
472
277
807
685
55
798
469
116
14
191
373
182
894
309
224
106
393
24
160
901
108
502
778
91
61
667
44
76
901
947
897
516
347
676
606
150
450
250
379
287
385
593
312
574
122
440
87
280
412
910
389
866
422
135
515
813
872
230
564
122
49
173
828
216
261
731
921
567
52
831
596
862
38
48
46
784
614
716
558
906
224
771
315
758
613
541
370
187
209
430
916
264
872
775
633
169
263
163
286
909
177
343
398
518
63
958
14
611
440
276
118
681
154
354
349
264
974
651
675
494
858
993
285
44
213
552
796
537
79
463
241
361
973
458
490
677
926
282
967
402
551
295
982
384
857
839
565
734
971
604
119
425
842
590
167
135
733
83
941
415
864
793
726
540
808
613
381
161
188
162
388
333
858
323
392
187
395
384
260
749
60
21
15
12
257
247
884
717
189
750
935
931
437
305
843
376
8
628
605
961
860
821
126
330
430
160
456
417
100
338
188
377
890
365
704
627
309
328
694
806
786
771
574
445
557
815
676
977
909
795
590
51
729
63
590
322
673
969
74
108
261
153
516
741
256
518
777
540
587
273
884
313
480
769
504
760
109
666
808
328
864
66
878
843
189
687
95
684
263
845
219
768
982
188
840
941
140
833
193
953
355
32
106
806
172
399
473
22
395
902
704
610
55
508
201
90
161
457
718
165
457
430
741
668
672
214
508
622
118
466
120
564
578
857
754
221
619
408
115
932
750
557
82
660
224
477
286
996
763
662
39
143
150
351
778
547
992
377
156
343
49
302
529
406
213
522
695
275
760
71
225
138
391
313
900
571
180
606
736
430
870
312
447
472
691
296
942
563
163
901
657
880
831
209
114
615
234
609
197
151
399
350
263
969
917
438
495
569
339
156
98
557
68
32
93
150
939
91
410
880
417
885
685
581
660
122
839
914
245
513
426
123
588
941
773
859
46
909
844
393
558
879
362
6
97
940
680
528
717
234
670
811
918
654
98
825
757
318
879
770
287
833
771
62
790
599
79
112
782
917
313
557
304
335
694
352
598
757
410
507
509
659
419
897
945
29
778
994
73
189
106
716
76
545
242
308
103
831
704
714
36
251
74
349
718
168
575
355
42
411
213
696
822
543
916
306
352
475
611
894
848
675
52
81
827
794
450
228
622
115
406
277
613
123880.5
801
775
99
160
88
969
501
913
463
922
980
907
119
829
830
341
855
101
133
559
10
375
678
247
371
158
557
905
194
265
964
461
638
968
1
406
913
779
919
510
308
849
439
844
15
371
813
177
912
948
160
65
241
265
659
550
207
406
532
768
559
682
678
127
20
360
170
93
462
426
950
945
365
297
455
741
88
912
72
401
179
665
17
591
647
141
299
872
431
364
993
571
518
352
684
776
799
192
847
789
865
895
736
338
482
925
516
794
702
426
324
535
629
771
921
292
558
518
91
557
747
749
836
328
3
931
969
354
897
796
906
38
272
211
545
578
238
674
830
824
921
733
918
722
971
939
879
55
774
344
925
377
527
104
540
157
614
470
967
215
459
289
332
157
317
164
707
565
807
167
434
955
41
402
152
179
182
790
147
892
602
374
190
807
323
225
835
337
340
698
988
1000
984
103
526
20
479
330
77
705
111
952
711
361
465
955
83
290
688
205
204
540
773
607
932
806
492
319
462
192
370
661
804
271
583
388
975
771
631
663
980
271
954
660
313
793
301
395
686
138
548
873
942
597
628
667
121
374
459
83
465
107
724
9
242
28
719
395
441
355
643
50
386
897
153
410
84
429
573
979
75
751
435
921
281
317
532
790
143
145
409
448
191
215
929
959
726
899
421
763
33
430
274
441
908
249
58
911
600
701
253
539
645
188
125
208
579
654
446
795
247
36
336
738
50
624
788
74
749
518
747
363
864
167
625
55
140
976
556
648
13
349
225
733
394
408
947
105
75
819
357
538
406
542
241
45
265
602
490
568
628
147
371
510
186
385
754
573
919
565
598
654
355
541
268
320
967
406
781
442
206
671
324
244
585
527
496
321
498
831
464
296
454
421
658
926
917
512
105
518
597
866
257
128
727
336
768
378
558
94
365
127
409
28
710
472
889
108
884
467
697
68
598
315
48
305
132
185
335
873
436
861
692
522
562
170
98
45
988
121
957
232
81
581
453
554
674
906
494
322
119
326
198
208
233
950
330
259
674
776
836
648
349
245
695
855
810
510
525
16
243
644
79
236
54
862
469
48
522
36
592
556
707
801
442
868
752
531
495
561
896
287
889
721
244
287
311
472
520
721
436
10
557
437
520
66
590
426
210
879
415
281
5
322
116
155
54
174
255
683
333
70
440
13
941
974
24
841
972
289
354
664
61
450
641
433
470
361
871
405
897
128
530
100
102
378
8
359
199
418
833
420
871
972
461
647
279
107
311
898
228
211
328
845
668
23
623
630
302
70
43
106
436
533
844
460
819
126
953
317
318
580
573
428
109
149
515
972
26
898
897
663
946
334
962
296
600
265
458
473
274
121
902
4
559
349
264
73
642
120
659
435
952
969
8
767
141
774
21
228
812
190
635
741
12
23
734
170
520
890
666
423
871
854
714
991
485
476
964
923
409
870
210
493
293
979
901
97
744
833
252
264
314
760
82
952
918
915
144
720
747
846
750
286
720
250
197
441
490
867
526
302
719
301
588
280
119
89
239
16
60
288
752
896
351
147
417
878
911
465
18
852
731
64
124
687
394
825
122
72
268
518
462
471
883
17
369
184
15
899
76
611
153
295
447
599
574
828
277
557
861
510
967
625
436
833
514
580
594
672
836
626
83
695
809
60
457
357
67
440
858
182
697
692
512
523
594
825
686
463
862
568
159
16
101
765
844
819
534
877
38
174
79
86
213
165
519
155
687
943
992
910
1000
177
443
269
892
311
933
195
792
144
57
469
505
363
673
663
308
126
140
134
404
85
368
684
314
419
596
646
426
731
782
593
766
58
72
146
731
567
48
845
698
686
109
103
803
723
677
21
384
241
846
279
32
820
45
75
84
215
253
709
844
988
284
256
118
144
638
450
33
251
761
767
696
676
375
168
441
491
197
883
805
190
927
727
801
904
616
513
544
789
370
958
441
177
128
572
273
830
996
29
127
205
696
176
718
341
761
361
543
926
385
492
903
438
484
10
834
47
308
48
72
868
999
434
23
441
127
638
774
599
110
756
903
293
466
477
760
608
206
841
981
89
695
877
988
498
657
337
62
87
232
773
303
666
444
726
252
922
588
130
95
665
901
947
307
358
700
753
616
829
608
119
802
700
603
380
18
309
117
636
247
537
708
336
100
608
73
418
620
951
492
792
344
134
994
51
663
126
965
180
432
93
454
727
364
72
681
159
570
625
662
544
956
24
441
312
791
733
713
919
564
364
418
569
11
857
179
152
109
782
528
354
471
694
256
426
505
708
126339.5
553
875
994
175
620
970
404
938
467
830
135
848
485
905
255
251
774
115
362
573
673
343
207
238
92
152
296
817
207
312
805
482
209
934
659
388
488
818
116
581
700
908
401
853
290
448
533
179
245
907
127
1
853
203
283
559
70
450
347
859
663
782
721
164
93
393
924
20
176
498
547
867
813
223
5
707
482
996
96
378
562
746
351
573
515
86
821
797
4
461
488
491
967
397
802
762
758
273
306
828
508
960
279
355
74
946
438
857
616
338
691
548
932
697
489
225
707
518
183
514
616
835
607
289
511
868
719
292
708
721
731
102
631
242
806
616
604
756
962
830
432
636
640
803
496
905
597
149
292
280
106
354
288
142
105
232
758
488
995
307
267
297
597
224
177
225
19
554
464
248
588
916
375
319
492
210
708
871
407
959
262
473
658
761
327
157
196
356
839
704
759
967
749
38
875
16
111
251
403
660
930
983
709
270
270
935
323
197
213
182
124
547
394
636
807
810
662
387
355
130
250
709
785
241
737
296
107
713
109
716
577
193
100
748
635
759
437
368
851
61
569
881
381
573
303
641
539
431
337
126
817
30
343
84
673
56
64
398
855
301
306
72
929
905
256
425
35
474
998
922
663
676
586
950
576
354
639
852
812
211
552
395
567
175
174
966
180
848
233
722
258
401
424
387
165
229
638
939
722
794
905
465
564
108
386
157
426
742
633
769
710
42
590
760
328
668
804
88
863
424
582
381
566
113
928
71
107
962
702
603
908
393
651
664
655
454
860
61
504
819
966
522
600
547
961
15
65
627
696
522
799
141
585
492
933
352
87
488
716
500
293
725
781
608
19
333
481
394
965
526
350
663
923
309
701
581
215
236
515
846
479
336
277
361
99
957
984
501
803
513
43
956
814
34
825
349
376
316
999
13
819
202
396
126
866
540
385
199
296
498
327
73
432
270
68
376
429
202
372
795
763
823
23
491
80
185
427
111
187
145
759
173
158
513
373
613
174
853
779
364
898
248
485
299
98
945
652
306
977
778
303
668
745
257
113
854
243
425
453
9
206
654
592
329
57
916
211
113
891
58
81
638
619
778
30
930
253
584
899
570
936
376
675
639
657
328
331
422
538
811
840
21
116
363
552
92
607
385
340
801
338
216
299
263
773
72
22
190
348
756
930
109
362
2
320
976
398
744
538
246
387
723
487
406
581
350
573
441
721
414
431
169
120
118
459
284
994
273
768
487
795
460
801
962
301
586
560
66
409
867
524
117
344
889
244
49
879
682
356
132
252
54
456
626
479
509
718
70
652
399
846
547
553
434
97
242
103
912
117
901
785
613
194
420
682
211
272
279
246
417
392
96
749
71
897
390
931
67
769
152
19
405
567
937
289
748
192
865
602
209
569
157
89
792
511
113
168
97
663
888
578
387
970
790
278
948
608
417
775
830
668
943
845
580
262
885
549
147
824
834
22
191
805
714
709
910
829
997
558
798
629
898
975
386
256
299
997
417
729
781
100
240
842
400
335
367
110
47
364
67
301
251
195
878
589
194
349
947
663
366
482
922
114
64
196
654
556
780
302
107
458
589
317
429
678
42
658
247
116
950
426
614
918
242
803
571
206
830
297
488
190
607
181
567
6
839
140
607
126
605
922
591
734
713
534
127
165
317
527
358
811
110
839
658
793
517
485
756
474
544
775
543
74
69
702
672
769
814
52
795
75
114
3
134
617
166
551
183
113
990
429
850
868
86
658
290
301
216
393
179
554
87
394
433
878
313
782
709
298
38
968
49
239
141
450
677
368
341
536
603
935
691
664
518
725
73
769
76
617
495
738
901
382
650
822
166
229
744
375
95
542
237
875
258
469
838
241
23
3
121
746
615
730
906
887
348
518
195
462
525
911
261
921
832
266
625
643
266
490
452
698
849
395
250
402
781
428
934
436
438
288
790
730
971
107
186
532
609
414
733
961
102
881
293
390
159
310
386
111
286
630
955
627
475
723
417
207
81
470
60
435
74
832
957
624
504
986
431
515
591
356
632
566
680
26
259
410
411
235
532
413
755
789
111
315
812
558
524
405
393
948
176
799
817
770
703
760
656
478
975
850
79
503
628
735
1000
303
379
67
771
367
926
999
145
265
648
302
395
137
265
653
638
57
599
568
400
470
589
208
381
171
971
613
827
756
74
852
34
248
193
967
128
757
96
312
785
759
83
563
144
982
594
666
455
416
89
770
222
193
682
335
831
659
439
595
626
977
883
872
249
457
772
29
256
584
671
469
476
297
643
119048.0
639
795
85
178
389
937
651
945
460
833
326
759
243
930
63
199
117
189
523
664
87
367
348
142
836
145
892
732
844
367
677
386
976
861
930
324
199
886
405
609
524
860
2
861
30
400
857
257
497
976
133
9
985
161
305
596
578
407
618
944
409
747
450
245
506
335
568
87
410
439
576
848
351
314
385
635
927
924
336
334
631
740
668
606
889
150
753
781
467
496
775
468
255
497
600
855
429
303
139
822
862
974
354
311
756
986
450
767
871
397
994
504
302
776
190
249
104
422
153
487
646
808
218
373
180
813
847
292
173
748
397
138
171
225
735
596
778
671
734
782
115
691
55
728
942
850
300
82
613
336
343
422
374
50
495
258
179
423
605
334
14
369
185
193
588
161
618
613
721
242
885
898
496
327
467
159
753
834
119
956
235
493
300
836
82
218
298
411
745
655
623
942
726
11
318
70
193
322
356
680
940
933
743
217
351
981
611
191
493
169
250
516
639
666
727
840
314
401
83
110
91
681
291
300
760
265
679
687
16
680
183
291
157
823
685
793
470
411
569
73
413
826
975
625
986
665
45
368
552
53
758
127
93
144
13
58
513
415
549
239
503
79
559
981
56
362
594
517
549
977
67
611
703
991
123
356
227
771
282
165
275
395
979
266
323
925
415
792
422
680
249
410
470
298
503
314
886
866
775
748
337
549
952
52
417
217
888
831
272
790
196
126
542
806
413
642
935
128
988
461
540
383
301
192
312
12
767
868
427
607
940
416
282
665
365
446
461
116
187
837
157
473
818
565
870
26
498
684
871
464
122
231
380
441
987
338
255
402
938
581
430
711
40
533
948
281
225
383
606
608
27
613
986
286
658
659
797
197
718
929
709
290
122
398
494
963
350
574
9
577
16
857
280
16
140
362
570
233
194
63
57
156
999
151
2
621
978
106
67
450
203
16
354
184
10
466
457
296
846
877
571
727
360
410
925
149
251
116
181
134
800
198
240
438
353
670
257
768
235
287
336
210
877
348
416
911
718
355
257
784
386
675
547
196
810
764
686
456
70
22
177
626
617
309
59
843
657
18
821
5
167
684
37
812
603
929
541
514
282
479
28
473
795
674
8
401
766
495
998
747
9
60
502
284
362
141
467
430
787
731
262
300
600
303
63
80
425
280
115
733
941
78
83
57
380
969
370
797
176
226
544
745
422
494
465
268
31
388
535
359
172
166
830
152
284
196
696
307
542
549
699
491
242
951
572
486
636
1
283
914
672
162
464
915
488
121
732
585
309
172
484
114
661
645
770
513
223
49
731
355
386
646
534
509
104
244
951
824
750
885
950
661
56
340
224
180
555
184
312
389
252
102
892
40
642
316
826
101
368
196
335
492
4
854
379
822
290
937
142
211
184
58
381
760
57
116
486
1
132
952
762
406
331
712
631
994
257
471
377
774
985
940
966
604
719
872
588
113
912
839
549
135
91
703
293
982
607
948
687
814
245
989
839
476
970
290
754
434
887
737
149
206
370
334
435
428
302
3
199
73
317
199
726
809
689
155
96
962
114
456
30
832
134
70
723
616
932
818
941
50
680
552
484
479
122
116
946
239
30
955
602
581
54
330
932
505
694
750
839
494
718
513
619
624
558
799
716
702
841
644
877
682
606
783
25
221
234
307
385
453
201
98
897
743
99
419
508
762
387
444
735
466
194
4
205
575
838
760
859
698
310
184
619
90
969
256
196
136
702
906
360
856
524
72
472
348
64
155
593
189
121
180
380
345
158
372
811
758
317
39
518
34
291
184
255
639
101
253
445
670
790
654
284
440
936
40
225
55
613
553
12
922
975
621
408
174
299
842
670
167
600
274
117
287
35
803
550
48
129
161
487
534
849
978
125
377
865
243
240
502
611
202
674
910
169
631
286
285
867
416
756
788
354
323
996
758
895
888
492
441
814
734
188
953
464
126
576
532
909
685
78
81
642
333
491
158
497
301
28
352
671
875
917
449
121
398
852
34
386
12
810
107
452
983
276
409
384
508
598
505
534
547
590
592
38
187
461
345
734
578
785
720
47
184
153
719
670
540
566
322
289
252
823
842
826
646
533
572
143
962
101
44
624
555
562
918
935
433
3
858
128
908
377
146
702
606
337
299
87
276
656
578
211
523
64
448
808
634
838
348
658
976
42
905
33
167
575
80
148
145
867
116
87
64
232
857
818
104
946
165
579
593
304
524
197
13
792
154
698
648
939
800
11
534
419
559
958
970
933
309
797
855
393
315
986
611
719
514
106
663
125823.5
110
702
889
113
609
891
222
873
973
926
377
705
147
901
565
169
55
186
142
648
256
308
319
153
192
168
784
685
415
268
318
396
427
878
752
395
249
973
441
544
24
809
226
953
619
435
681
338
829
962
290
74
622
138
623
645
287
361
678
995
881
727
409
317
152
255
169
132
655
403
700
924
534
326
345
680
762
993
364
279
437
763
800
643
508
109
525
775
280
416
335
548
168
485
934
890
276
292
274
729
84
908
297
285
221
953
450
752
101
441
882
546
612
854
419
160
505
456
581
583
206
761
69
378
831
714
746
286
140
744
279
185
991
168
29
595
745
672
618
790
436
764
445
777
620
887
108
179
607
308
94
433
644
132
506
167
637
360
100
262
168
461
380
209
85
129
666
590
921
146
169
953
866
291
185
147
105
897
951
882
929
435
513
821
955
166
503
363
811
721
242
969
293
48
943
38
606
328
638
651
188
966
572
276
475
936
910
93
685
216
687
481
74
579
535
928
557
352
459
77
278
585
475
229
434
203
936
667
689
678
637
288
654
834
4
711
532
317
319
79
246
755
669
572
421
617
697
297
54
125
159
100
326
174
756
20
664
422
237
304
319
28
24
889
543
381
818
483
153
980
982
587
965
989
542
396
393
773
467
194
697
431
654
203
194
925
791
707
534
712
605
480
139
369
302
258
528
903
82
724
589
453
428
112
26
134
902
888
744
854
345
58
324
816
12
590
282
156
664
430
480
306
24
141
191
38
409
942
268
519
421
323
767
717
852
510
887
168
859
923
532
472
210
498
280
39
631
631
523
512
49
316
383
371
469
391
249
496
449
485
489
795
897
500
967
241
607
314
142
600
888
535
983
329
577
605
286
220
553
866
395
202
793
314
699
883
57
541
640
564
529
943
845
34
324
316
535
286
178
54
780
58
122
214
629
576
264
75
979
487
77
63
886
138
744
416
706
330
129
874
575
685
329
376
494
169
981
210
114
200
157
165
452
468
284
668
75
705
48
339
430
165
58
274
716
941
13
295
162
790
948
617
520
182
182
803
518
550
214
80
383
685
747
255
791
898
961
22
86
20
77
681
669
788
906
992
523
488
364
438
494
482
876
733
305
386
512
556
573
679
753
72
882
375
185
159
958
397
549
789
513
249
816
255
260
19
580
262
640
695
575
48
764
15
800
939
354
701
740
322
910
758
470
463
785
264
860
313
690
343
851
162
269
155
434
284
441
307
406
564
149
555
925
918
134
509
325
34
797
870
716
105
131
952
321
217
947
527
204
175
769
185
969
587
421
486
155
137
436
318
268
744
529
455
980
234
295
912
238
831
600
612
192
422
380
135
412
203
380
404
347
80
348
113
781
394
947
137
371
208
162
443
476
795
709
894
389
912
137
287
497
100
349
700
930
72
823
52
292
882
514
444
132
703
58
898
27
461
535
760
895
969
341
552
441
870
22
151
606
750
309
133
112
633
885
952
65
920
764
808
324
898
726
570
958
272
477
375
911
763
770
131
900
281
278
405
353
91
852
48
398
283
243
754
556
173
614
892
67
474
833
770
447
54
262
580
78
844
941
61
543
467
67
448
1000
164
573
184
1000
889
175
540
370
378
654
426
491
807
712
469
921
535
205
556
167
789
769
779
758
602
799
729
537
713
5
141
421
263
791
429
393
116
508
648
473
386
980
791
546
379
296
458
416
2
186
480
408
815
853
724
84
245
637
166
874
175
658
231
131
938
952
852
136
96
924
327
767
249
260
147
829
147
569
266
441
396
942
789
216
56
102
108
257
206
584
548
729
334
551
570
561
725
876
363
990
22
129
101
729
558
276
891
743
551
120
187
865
923
820
177
215
362
219
298
724
772
85
55
127
218
828
507
513
890
586
338
397
145
43
438
538
211
347
845
987
608
617
271
425
477
810
836
327
320
207
749
865
874
711
405
910
634
912
869
702
65
367
620
232
676
633
148
569
287
422
241
536
222
350
333
5
871
113
499
133
455
842
108
682
83
676
150
555
885
824
324
189
489
348
518
736
570
722
590
240
115
244
272
645
492
918
796
651
210
341
744
843
467
528
416
406
275
462
844
447
695
646
529
748
947
470
77
546
506
953
884
747
475
491
796
208
934
400
203
847
627
851
301
84
245
280
584
773
426
469
425
15
634
557
415
988
1000
346
871
958
203
935
3
458
59
666
30
952
80
418
937
451
115
200
254
844
598
502
600
523
96
772
201
621
625
875
743
821
589
656
659
707
954
517
231
32
851
672
311
879
581
313
437
415
715
123856.0
676
616
469
170
932
930
175
904
375
927
778
633
70
891
588
232
197
128
145
703
314
298
287
56
333
121
482
765
938
353
544
296
281
840
41
442
998
910
44
528
51
877
822
981
513
349
835
416
40
993
320
29
274
183
385
648
486
266
983
916
753
807
28
371
101
192
97
124
658
370
322
855
221
337
200
748
137
925
540
253
848
685
311
704
998
130
810
720
87
340
314
594
479
565
645
817
407
355
722
726
672
958
554
207
698
983
373
840
428
530
157
610
742
812
375
102
500
497
499
666
88
681
276
371
482
764
58
298
276
716
623
229
597
163
623
637
813
639
320
827
354
669
26
826
753
911
504
109
559
310
536
416
992
189
522
87
933
352
535
271
278
477
556
223
146
101
514
664
667
242
1
990
834
224
978
176
255
945
929
791
967
373
83
834
362
110
944
265
184
770
905
899
658
148
669
7
460
293
437
573
238
940
95
320
284
843
633
112
567
129
646
515
237
632
817
964
728
259
353
163
251
561
169
297
265
231
580
585
935
664
422
362
60
890
61
619
322
226
690
159
431
742
867
665
710
596
351
359
376
39
537
185
64
142
70
101
629
510
734
263
23
45
349
943
280
404
612
539
21
962
658
646
810
958
37
474
645
718
181
224
834
489
148
274
421
933
780
631
893
793
343
565
221
460
643
232
640
836
748
814
313
418
60
59
329
150
341
985
47
760
386
94
805
824
427
568
954
187
182
466
816
354
798
162
788
100
325
883
709
479
789
354
172
718
867
587
823
112
162
888
687
462
801
398
676
117
53
720
377
557
897
393
718
353
431
425
526
562
542
555
451
775
813
516
695
252
169
307
98
561
152
441
143
247
411
524
19
275
17
777
714
302
280
304
965
815
776
461
570
626
304
956
83
37
271
407
523
293
244
119
588
84
375
137
147
482
298
86
401
563
771
65
717
229
656
446
945
408
612
939
964
686
94
291
239
243
497
241
434
183
511
117
452
373
553
615
608
791
905
267
973
213
818
221
569
953
535
208
545
785
610
597
896
224
250
819
790
496
154
36
368
586
811
328
615
917
789
109
619
94
73
589
353
772
90
909
90
459
637
487
647
554
899
717
418
302
623
588
865
678
902
156
821
372
53
210
497
417
595
885
613
306
917
174
163
101
909
347
625
715
491
102
19
85
848
900
777
753
851
308
949
811
886
491
869
187
568
257
921
305
6
190
897
206
373
331
960
263
558
568
857
566
136
847
445
435
192
22
965
916
138
95
128
878
284
128
621
452
118
152
933
241
515
524
117
496
664
47
532
370
328
750
991
458
685
320
611
983
158
731
549
560
106
368
694
68
726
174
302
497
100
28
107
30
864
349
210
236
198
245
154
401
538
784
536
895
397
842
785
254
64
164
144
740
152
162
973
151
457
794
989
528
521
665
695
928
815
456
317
734
28
942
921
587
204
809
893
169
962
694
472
63
323
664
878
866
85
852
87
764
273
957
747
498
101
261
251
446
119
853
157
223
165
347
490
406
280
111
542
48
285
371
736
661
476
202
438
953
103
515
492
698
453
154
967
515
606
939
566
140
812
369
367
497
989
77
488
210
351
923
388
522
689
377
797
371
963
811
974
557
679
568
497
474
679
769
338
775
482
545
182
819
173
653
828
76
28
346
369
519
306
188
323
731
749
357
692
757
984
384
410
538
521
57
606
435
671
859
235
763
132
305
96
135
889
144
167
193
336
898
495
945
446
192
205
344
446
166
611
134
661
230
559
222
133
464
98
752
83
25
190
57
600
279
379
543
351
256
486
623
183
725
797
302
10
31
700
146
623
512
763
924
564
625
46
256
368
911
675
89
718
302
871
249
461
756
959
118
193
286
13
600
677
879
67
295
474
66
142
352
494
275
536
868
387
598
355
200
534
490
473
771
150
295
498
752
265
808
600
374
885
539
800
969
408
147
656
567
755
655
224
161
526
291
518
149
397
290
911
338
700
859
749
528
510
480
411
127
945
183
895
153
410
836
403
411
41
575
497
587
680
528
586
632
795
106
964
179
935
519
183
834
612
135
825
842
436
379
639
343
685
334
689
850
803
704
900
503
324
905
511
143
925
494
456
956
206
407
646
792
887
857
839
139
893
716
33
209
174
288
427
642
815
346
158
334
347
620
134
498
586
986
982
829
156
153
994
19
656
97
855
46
225
72
184
845
706
64
67
172
523
509
361
692
89
117
14
110
765
683
650
786
532
507
918
630
638
954
657
245
718
887
306
247
351
526
312
366
350
776
