500
14
126654.0
716
52
154
348
853
660
556
125
494
968
621
477
825
503
297
418
115
848
168
989
424
294
281
575
189
951
496
914
916
750
732
921
100
738
561
245
137
359
145
804
879
408
355
247
448
850
872
136
315
810
387
669
294
185
755
110
439
616
148
211
425
76
605
241
212
314
946
616
706
629
729
49
739
333
661
115
819
312
449
560
131
459
6
639
358
495
735
685
124
913
596
25
847
262
197
408
555
749
749
935
658
74
918
944
422
416
18
898
804
764
769
201
463
832
18
519
449
874
612
628
275
853
2
116
398
267
884
540
7
49
890
84
76
546
878
448
119
437
15
524
908
975
896
920
133
386
69
971
681
359
588
587
388
805
965
442
522
835
443
582
3
912
667
53
863
787
764
878
238
756
862
211
533
937
417
861
575
8
955
130
635
249
423
515
266
714
812
859
469
379
977
925
178
950
157
429
735
540
42
692
100
669
390
214
783
587
764
864
38
604
729
978
744
64
829
744
713
967
430
955
364
930
976
836
385
56
344
41
937
110
384
286
489
614
34
720
907
106
332
665
288
588
425
189
595
918
501
324
313
578
454
675
463
276
791
982
453
290
824
319
104
875
84
234
617
217
656
624
35
1
551
512
246
732
986
71
208
961
315
540
927
263
986
58
2
388
938
495
394
846
208
134
918
400
252
503
395
545
951
342
553
81
483
378
718
32
81
918
560
401
63
72
861
231
194
354
641
429
689
435
327
67
359
468
640
984
998
938
667
939
310
903
967
958
382
69
576
182
248
386
109
611
959
919
852
107
728
228
312
862
329
317
950
312
338
196
372
597
626
563
727
94
704
124
594
440
673
414
894
190
214
10
139
631
935
385
679
751
430
734
457
356
110
157
667
189
647
641
625
81
425
726
432
966
214
914
603
574
198
529
165
800
538
237
498
918
463
739
681
441
549
783
891
778
78
942
161
821
285
777
708
190
730
19
315
728
817
351
737
406
911
341
453
471
122
443
464
985
955
770
481
909
564
266
95
955
338
500
554
966
469
387
719
964
893
298
47
347
509
706
383
20
93
360
525
940
625
930
818
166
430
294
71
493
450
10
360
758
94
788
520
397
736
383
90
611
926
371
907
789
589
229
945
474
329
941
738
398
76
657
208
966
533
811
454
939
591
804
199
242
356
875
757
589
177
36
293
314
48
2
325
457
659
364
399
296
968
261
318
59
151
257
650
599
35
615
563
547
43
962
458
842
918
784
493
449
547
37
745
463
967
149
966
441
654
417
982
741
24
318
300
729
469
149
218
50
3
515
890
233
522
688
88
857
429
845
765
411
585
144
630
951
308
186
555
950
121
954
195
3
312
426
742
274
231
688
67
760
546
747
703
507
680
829
310
106
516
648
209
242
329
462
363
445
420
474
689
753
941
131
605
160
90
33
880
819
14
15
420
284
248
114
560
302
506
570
208
669
1
491
863
451
71
642
173
786
589
261
713
166
31
989
93
372
553
376
578
130
860
613
360
213
494
100
979
345
219
15
242
84
520
343
986
492
908
606
101
276
81
296
899
573
340
541
561
338
204
208
957
361
910
519
433
505
831
962
280
964
695
341
984
120
584
229
969
250
588
968
447
825
192
78
809
794
124
93
510
823
523
265
605
892
486
944
611
22
229
950
851
469
196
377
886
553
448
695
701
629
772
856
118
166
549
184
883
466
596
363
890
795
760
423
349
314
947
935
764
66
143
747
791
431
181
566
862
783
913
383
341
508
192
62
872
994
369
288
990
944
969
381
194
304
84
220
27
114
745
364
121
652
531
941
116
292
392
396
722
111
692
326
739
440
177
360
459
578
535
847
495
92
900
358
891
271
778
678
830
675
909
337
214
980
468
491
437
876
550
108
694
265
783
524
763
536
650
535
316
407
615
934
992
448
974
714
327
890
937
652
451
955
614
682
837
401
268
826
266
843
955
233
35
107
305
32
243
632
805
844
639
285
646
507
747
942
363
914
175
987
817
310
636
417
304
503
330
722
253
642
260
266
25
913
736
375
166
312
667
60
303
621
421
325
566
781
221
134
588
895
432
227
321
897
264
479
274
884
629
62
256
679
849
522
407
863
520
375
36
278
335
51
852
507
254
700
982
458
556
24
250
983
136
944
168
608
297
171
540
570
482
581
84
119
754
733
947
199
359
476
389
723
995
667
169
132
141
260
947
408
935
490
378
240
451
973
852
735
504
994
620
602
255
137
938
660
994
614
735
142
507
613
691
951
420
345
983
633
643
752
605
374
127853.0
296
993
35
745
389
307
167
933
738
54
824
442
863
491
543
675
878
216
623
53
722
669
173
465
370
74
776
67
144
229
66
128
300
295
280
765
233
708
79
283
419
585
180
700
925
149
536
901
181
163
826
430
96
753
174
810
312
408
653
723
959
984
732
843
527
677
485
360
623
341
636
895
917
631
549
828
604
754
90
452
415
493
301
301
317
411
659
288
8
21
265
933
461
828
903
520
96
178
241
3
491
846
768
142
808
671
12
133
271
203
70
849
187
152
576
569
408
103
809
353
373
132
793
923
197
715
554
421
564
894
85
832
227
545
881
633
468
528
754
495
54
77
899
17
410
560
182
93
868
632
151
435
670
119
480
516
914
165
392
383
442
153
892
895
985
204
345
92
364
234
170
793
668
135
190
50
239
932
642
842
159
756
497
497
355
322
465
118
500
666
205
94
818
23
50
653
683
494
803
343
886
240
286
824
626
434
993
213
450
452
530
97
895
920
277
250
778
131
277
49
481
115
402
167
709
940
368
948
937
803
299
777
663
317
484
304
172
874
291
302
110
419
109
733
953
160
547
735
114
439
489
288
985
658
613
49
732
745
496
598
303
47
774
819
539
762
409
401
407
953
169
410
51
284
272
942
180
50
142
545
286
773
703
892
328
691
757
537
119
232
626
925
204
517
539
496
968
529
509
568
225
865
847
704
865
933
134
164
50
636
802
859
491
813
906
585
486
474
334
505
259
881
975
495
126
54
126
140
403
1
795
153
559
5
559
901
117
887
933
549
432
309
953
1
714
871
807
814
269
176
761
765
732
706
634
707
664
351
950
413
859
941
299
974
63
617
181
660
912
819
628
992
291
394
270
570
811
173
911
261
925
561
321
825
950
839
208
351
243
957
539
312
850
112
913
122
362
338
50
402
622
111
170
676
589
59
327
299
121
604
391
281
810
246
13
48
780
271
810
247
375
811
912
971
590
185
493
719
79
507
25
692
412
552
979
507
33
59
75
232
355
13
971
654
993
65
572
448
464
16
971
712
855
101
913
786
149
724
700
205
132
897
343
679
455
115
935
113
351
860
456
731
413
593
285
949
531
320
442
142
289
688
723
532
119
426
215
597
53
152
411
817
934
530
84
7
1
691
845
352
336
49
896
288
285
83
670
152
689
838
50
113
651
408
989
883
387
606
969
907
492
505
769
539
895
665
483
707
551
911
189
745
729
374
558
428
298
495
245
138
480
144
424
144
849
534
289
959
978
491
767
895
689
484
944
550
349
306
680
735
490
191
683
822
829
994
576
440
269
785
693
244
791
56
2
211
214
613
671
757
28
145
843
725
870
5
54
58
259
917
814
583
823
817
579
278
103
183
332
220
492
508
751
136
637
805
54
382
485
674
51
556
663
509
388
498
127
218
39
941
951
909
381
920
811
202
775
967
337
662
791
941
807
660
321
513
283
417
802
471
753
635
629
312
755
150
482
757
469
883
812
81
892
545
931
616
997
777
421
405
165
776
108
958
941
596
570
914
184
981
103
639
181
551
456
328
756
765
898
651
958
475
610
366
134
639
783
861
691
546
623
506
703
583
239
129
717
107
963
650
376
947
720
720
322
657
938
71
124
235
581
936
829
287
894
810
543
149
628
727
829
132
146
100
818
961
630
142
639
434
549
647
736
478
869
321
284
372
335
95
822
934
358
752
643
516
91
671
484
112
493
514
925
709
331
146
65
925
935
303
386
638
110
525
988
198
267
699
588
475
473
869
554
42
910
634
576
150
330
615
642
602
790
859
85
796
43
620
729
432
972
105
236
702
827
607
895
801
236
636
187
552
962
678
97
488
250
61
1000
995
902
565
872
676
753
355
458
402
133
685
866
47
164
432
373
121
111
936
986
705
536
403
850
546
860
486
371
518
47
28
2
456
314
297
626
127
376
251
597
56
118
250
520
653
988
74
801
148
588
810
274
896
125
970
633
352
442
169
929
625
290
511
663
12
205
134
757
64
333
679
325
525
967
482
186
239
454
349
345
739
597
38
133
661
675
677
935
960
164
304
186
640
841
126
628
840
962
203
886
690
704
7
669
485
690
207
596
841
274
261
796
471
337
216
590
645
805
816
31
866
419
501
244
375
419
554
112
951
194
4
46
137
530
412
158
745
478
495
23
502
290
923
783
171
852
859
729
593
113
192
871
332
946
873
459
826
610
501
99
525
243
860
524
28
280
196
332
64
821
298
304
791
823
384
662
434
988
760
310
324
802
121
740
561
745
359
995
203
6
660
128924.5
834
10
477
296
191
601
112
82
760
975
998
609
801
489
626
366
616
807
120
873
20
308
281
529
796
969
493
899
482
755
547
914
972
784
871
177
247
293
976
762
569
512
651
300
268
948
263
104
972
756
666
608
235
210
114
100
299
662
921
273
456
38
610
168
980
393
229
586
398
618
856
152
967
439
259
256
621
174
912
463
959
578
384
709
974
495
625
660
460
884
604
155
67
219
499
476
642
913
636
996
108
250
505
921
113
290
624
856
139
826
50
216
906
824
45
514
461
900
684
588
76
852
873
145
534
349
408
518
715
27
751
187
491
535
209
435
968
451
247
474
44
826
20
970
183
377
226
928
555
376
412
560
831
960
429
554
766
875
729
597
800
793
250
123
951
719
736
858
596
736
38
189
46
836
997
948
867
100
673
69
609
243
783
484
929
688
374
940
142
361
438
940
744
949
771
406
162
598
737
704
752
835
866
142
117
583
540
853
436
524
777
920
145
100
506
808
627
969
652
873
684
979
410
911
582
6
673
109
54
127
109
266
828
636
127
650
341
181
163
616
320
570
324
336
31
888
729
347
802
488
283
767
549
299
192
970
819
224
777
473
577
874
644
153
568
214
586
558
245
37
741
524
180
668
164
130
257
992
131
433
129
139
718
76
818
248
913
436
274
849
62
14
407
438
443
446
210
443
706
494
894
125
620
299
905
13
842
844
620
379
704
193
876
105
368
380
404
477
32
555
847
99
55
476
237
898
833
876
115
911
182
755
79
924
667
133
656
98
416
542
140
640
1
972
617
193
558
140
106
908
617
149
882
310
613
294
8
736
75
683
715
128
638
11
414
392
643
418
536
90
806
12
537
568
675
469
443
840
950
709
221
509
187
219
740
155
711
717
858
44
970
680
828
856
346
790
936
759
245
636
840
985
191
277
102
952
174
705
94
421
626
763
990
849
524
897
386
654
54
780
860
256
874
129
962
748
90
263
914
455
757
216
952
405
43
567
4
919
25
826
586
887
423
256
976
908
363
642
32
922
342
194
960
859
484
175
627
257
750
865
27
138
628
221
94
850
290
898
869
132
817
238
858
414
179
113
126
636
714
939
884
331
608
381
81
494
304
316
280
921
983
184
150
487
313
897
265
371
679
682
216
971
79
613
762
942
291
915
825
231
476
903
594
692
588
173
856
459
163
70
21
457
383
523
640
291
711
342
486
111
418
174
356
534
340
500
407
427
788
873
238
820
434
851
507
540
567
57
990
446
441
119
368
450
468
437
290
633
874
284
480
895
540
92
697
77
794
532
44
147
406
766
693
993
347
853
638
480
422
338
597
773
922
276
651
915
555
920
329
105
540
494
649
274
680
744
278
879
609
827
748
578
239
904
883
144
495
713
411
360
414
464
400
513
112
406
902
860
195
81
116
133
799
58
946
731
261
51
308
293
372
80
969
358
512
414
4
530
970
603
942
426
363
678
769
918
633
218
857
213
980
920
32
377
184
484
674
236
722
639
309
322
707
1
95
487
154
99
177
10
437
438
336
463
196
665
860
138
848
408
565
549
84
577
152
422
74
91
125
379
76
410
301
317
261
899
968
892
759
395
884
121
66
193
93
389
582
851
684
678
534
101
503
755
259
254
573
938
656
304
167
909
514
841
276
22
582
947
953
518
171
436
38
549
438
693
562
682
147
986
360
40
694
275
506
557
152
298
978
880
479
493
937
205
682
767
915
104
678
692
414
363
303
422
727
717
675
286
888
607
179
42
537
963
405
286
295
919
23
484
400
460
197
188
824
212
646
384
515
666
750
914
826
321
694
371
717
107
854
293
209
428
962
285
367
511
158
862
189
22
865
472
62
365
278
576
638
677
733
358
862
886
480
522
684
877
900
162
896
214
435
602
313
550
888
507
848
433
75
891
711
594
740
707
348
912
607
753
998
975
573
769
750
338
605
952
814
919
723
95
270
132
967
76
873
647
899
852
845
448
479
416
142
922
985
831
821
850
737
407
114
508
949
475
151
760
245
737
559
327
556
887
472
242
944
266
768
22
647
670
835
266
855
915
305
210
216
766
773
372
454
990
73
521
440
749
73
232
28
764
246
531
830
689
604
329
709
136
823
173
565
530
423
663
976
424
714
107
264
961
949
775
334
559
567
183
224
523
712
432
449
138
743
748
926
64
447
453
677
853
2
654
912
218
690
82
294
566
953
483
92
92
188
893
516
789
375
893
464
801
915
145
792
684
262
542
430
208
909
743
748
928
163
523
204
677
257
798
668
339
125573.5
164
948
545
770
657
478
957
955
966
79
843
345
445
429
561
688
85
289
405
90
982
748
68
410
535
55
328
136
301
204
827
82
375
266
333
880
42
671
597
152
111
413
906
674
735
148
855
916
661
338
915
322
336
841
876
967
476
287
470
698
897
983
902
905
133
561
337
469
430
422
642
915
62
546
351
774
457
774
617
630
955
370
990
387
266
449
425
375
142
114
61
825
3
837
696
574
944
167
974
14
463
754
615
20
435
668
699
114
385
132
625
824
689
194
619
466
263
16
484
416
176
139
186
890
364
568
820
549
491
913
98
721
286
548
179
528
435
491
228
436
218
197
86
48
451
720
452
80
617
554
621
489
48
54
752
481
916
125
215
422
55
136
950
958
217
311
29
226
42
225
800
828
503
131
220
143
48
836
513
971
53
764
107
575
263
318
737
82
498
735
625
121
939
100
625
515
498
423
616
303
452
76
839
773
981
489
561
230
387
459
861
154
594
951
641
149
687
55
376
70
804
109
888
177
627
902
627
829
328
801
918
776
97
290
695
280
370
814
900
366
928
368
478
752
502
34
525
694
97
579
802
269
571
791
500
74
731
866
563
534
405
112
792
763
337
749
779
416
717
879
931
466
640
259
477
940
948
19
483
626
922
956
592
937
773
810
641
557
601
227
292
975
572
660
48
592
300
608
962
544
78
922
761
690
388
957
569
191
646
532
308
795
386
897
354
554
533
483
56
495
598
926
775
467
908
47
999
45
751
188
87
247
397
81
160
838
721
812
594
409
961
274
355
97
369
846
467
898
555
178
717
938
270
601
861
628
767
219
424
366
682
794
89
999
914
621
972
646
808
920
570
952
676
416
279
536
114
134
517
389
309
517
319
729
379
902
617
371
562
890
976
338
524
189
352
139
667
214
524
357
452
99
853
672
455
90
60
366
189
515
244
261
777
169
391
110
358
287
538
258
304
712
451
844
530
237
944
663
223
472
885
820
396
533
839
340
702
9
418
123
771
154
643
826
874
49
112
385
64
44
201
755
924
77
248
819
46
736
217
160
287
790
39
868
219
231
994
117
490
888
564
816
711
633
711
875
127
457
472
80
374
729
952
602
448
601
587
669
425
57
325
844
29
439
760
107
671
588
997
225
133
62
223
382
308
115
323
37
721
800
269
22
721
333
460
788
540
533
83
923
223
534
502
393
865
659
30
658
319
922
19
876
267
520
129
553
624
622
301
224
667
129
623
232
980
518
105
881
765
510
420
858
323
522
118
638
947
333
644
747
118
48
197
871
346
881
934
395
981
852
237
228
711
46
260
61
916
438
40
651
846
241
575
745
78
165
508
39
577
931
672
453
987
741
899
200
595
125
147
118
353
448
618
142
27
861
534
207
954
540
129
512
256
436
298
539
598
102
338
981
203
807
133
880
175
301
48
942
667
736
239
937
463
638
227
581
844
459
482
487
410
529
742
297
926
59
69
742
391
853
318
42
762
589
336
439
784
799
763
282
491
590
794
934
40
531
71
884
191
934
96
548
777
611
888
248
828
962
711
607
218
401
904
407
461
577
840
959
316
631
246
537
40
657
159
115
680
63
449
554
146
979
644
867
663
691
483
221
815
373
853
953
699
240
607
740
976
18
147
699
805
12
887
69
619
945
310
136
122
400
235
613
300
532
794
364
610
318
452
33
848
945
699
781
504
463
890
634
807
192
293
531
320
795
615
318
275
955
39
240
439
669
105
620
752
239
580
689
915
350
679
917
230
3
651
720
904
173
489
561
260
521
12
816
519
839
872
687
864
364
807
64
59
766
296
720
545
929
857
721
500
499
623
704
686
535
916
92
194
898
691
472
59
667
597
516
971
327
692
589
573
166
580
436
55
160
472
795
503
866
491
490
164
456
245
480
686
556
78
94
889
317
948
258
67
74
145
227
618
17
335
162
650
737
827
146
864
117
405
993
813
870
333
955
495
314
253
124
260
499
22
668
612
7
558
124
644
86
970
562
541
459
645
474
404
208
701
342
46
622
627
148
259
851
629
657
653
942
186
282
143
675
990
57
419
852
321
163
38
550
864
88
289
534
807
243
966
677
83
164
248
512
909
366
847
658
539
822
357
906
779
439
144
343
675
480
403
912
344
110
507
247
391
500
614
864
402
556
53
649
278
929
346
285
72
924
695
494
582
209
431
254
143
799
840
985
270
496
956
521
807
897
930
79
331
162
3
87
178
209
265
893
758
235
456
512
958
706
522
282
294
129
730
447
182
284
295
291
270
700
126307.0
152
134
804
243
723
581
81
95
434
860
459
581
869
608
721
320
353
631
713
945
1
217
20
519
445
861
661
935
920
768
628
915
167
825
294
182
126
232
270
814
834
491
638
243
526
940
558
47
842
688
101
760
855
64
52
6
467
627
100
377
242
106
56
19
841
530
953
523
984
678
353
15
949
501
757
260
319
318
185
469
621
569
844
625
342
569
230
713
672
941
410
148
649
111
139
403
836
737
374
887
438
159
301
990
41
339
876
967
497
895
115
151
321
825
851
571
108
896
210
505
74
923
959
152
744
528
779
492
806
166
952
282
709
390
855
453
689
516
1
481
961
772
112
890
755
245
699
851
341
477
358
546
79
905
510
458
969
915
637
603
766
806
502
95
304
708
202
727
616
796
642
146
868
955
231
919
908
147
680
4
791
247
510
376
145
693
288
967
586
303
516
896
989
870
7
493
193
622
732
757
325
950
514
153
840
481
38
683
234
588
390
747
458
132
46
802
206
991
411
960
572
983
786
800
971
96
583
229
740
247
889
293
16
752
540
657
337
126
273
656
253
629
732
176
167
875
171
351
525
464
374
800
951
166
550
940
667
223
795
367
995
915
879
293
43
289
411
523
396
51
393
599
393
718
497
112
694
922
402
437
653
32
835
9
915
128
900
415
109
793
414
17
223
360
981
309
508
319
764
385
688
83
88
229
963
42
661
843
19
474
712
142
165
152
683
532
394
521
929
547
173
62
448
610
397
942
900
914
189
848
660
755
269
946
601
189
932
93
662
542
573
712
450
944
752
64
490
187
143
889
281
56
742
412
453
302
846
726
154
622
581
295
834
55
863
479
231
321
836
62
836
89
55
511
351
529
100
963
108
513
442
509
860
319
82
76
372
694
719
57
720
643
789
728
485
783
272
858
49
736
297
810
760
404
616
830
837
586
849
444
338
736
817
780
95
846
110
720
251
684
730
286
560
207
626
817
804
361
497
521
618
274
827
394
410
597
967
912
223
891
446
763
685
237
361
854
147
629
271
907
946
180
489
828
323
161
191
248
49
818
787
162
770
72
683
787
593
896
313
193
250
104
745
392
71
128
53
599
17
863
616
283
156
310
399
300
953
344
96
927
43
170
898
541
319
904
855
464
692
795
834
872
951
636
778
866
333
868
733
267
177
947
253
686
717
186
948
374
286
79
371
385
591
550
195
360
753
285
245
133
295
59
414
548
884
354
466
282
133
803
494
899
614
715
34
386
863
209
253
523
28
223
317
464
798
336
214
728
637
267
912
889
821
176
715
185
57
550
307
238
477
750
617
925
227
865
129
660
888
449
862
762
683
206
879
809
615
928
174
52
110
491
82
299
205
792
260
806
547
844
483
492
967
867
352
54
886
789
762
430
59
436
961
597
7
407
766
866
193
94
996
229
139
67
744
765
65
89
199
291
675
141
915
401
672
477
938
579
873
539
613
448
222
708
50
999
764
292
292
47
811
949
523
463
542
632
368
138
938
672
743
447
113
23
349
401
402
51
572
78
590
391
185
292
385
851
270
11
433
402
685
635
877
598
798
347
120
72
773
279
773
495
228
362
772
801
271
975
887
472
356
84
625
173
829
402
55
797
451
557
630
68
361
681
994
244
811
993
38
287
857
981
89
902
158
153
793
936
198
670
475
468
947
440
361
570
534
695
878
930
135
42
673
200
406
442
673
351
928
877
53
548
331
275
772
623
175
83
656
682
797
294
112
475
825
839
93
359
894
569
713
148
864
999
881
232
958
819
109
434
278
429
629
110
45
67
530
218
13
623
535
989
40
266
324
220
25
22
108
227
645
532
645
200
172
563
424
873
429
58
847
608
335
388
962
582
699
720
786
323
188
780
664
497
905
856
991
206
169
128
769
602
518
516
981
493
524
512
162
927
517
763
459
680
884
896
716
733
310
903
850
753
381
275
611
836
1
886
974
63
436
148
521
73
5
687
89
885
526
571
166
266
853
960
440
817
486
937
86
400
366
531
217
504
107
813
412
689
154
284
821
817
376
89
173
282
767
99
558
711
832
246
706
993
932
208
410
848
944
538
766
881
391
500
785
697
972
234
95
845
97
553
41
706
202
436
852
123
911
91
628
479
317
711
309
524
318
86
344
913
134
833
190
545
195
173
699
371
141
398
967
111
30
810
963
16
936
573
649
742
297
651
25
154
94
6
466
493
865
402
878
165
908
969
96
834
933
889
736
769
903
69
694
845
429
445
463
230
434
736
579
897
327
547
94
783
480
807
885
393
126432.5
608
782
882
785
575
420
292
926
726
161
305
367
128
343
752
707
584
434
250
55
12
724
712
523
394
212
313
60
234
264
495
23
438
126
655
813
322
697
198
258
677
433
343
804
196
127
136
998
753
306
921
275
730
866
677
929
642
469
60
695
775
851
316
921
365
522
515
496
591
335
10
968
257
593
281
667
393
768
95
540
140
404
744
458
725
350
523
225
370
7
215
931
873
977
951
540
473
256
718
75
761
825
98
32
762
639
982
65
163
125
965
883
612
255
441
362
49
143
155
481
178
103
921
903
440
406
595
443
675
841
635
789
431
554
745
447
674
470
431
540
618
186
750
141
914
800
460
228
964
613
70
492
319
93
346
500
817
160
197
437
401
242
638
960
556
351
875
370
255
217
103
952
135
129
439
41
179
915
131
924
459
818
748
572
131
391
398
61
23
704
140
20
546
144
103
583
682
414
436
244
65
135
956
849
376
475
546
353
723
472
373
248
114
847
508
171
183
29
673
61
833
108
638
196
290
989
39
836
372
713
841
725
400
163
207
433
759
952
150
434
528
288
981
778
156
73
207
593
563
474
322
239
763
798
49
48
976
739
894
722
752
146
605
703
200
796
773
386
1000
853
359
453
690
311
540
825
561
169
908
504
754
903
309
968
729
933
763
667
945
291
507
982
508
731
948
624
341
747
506
604
784
946
30
802
15
866
673
160
64
456
403
791
134
925
790
372
770
441
799
495
39
895
526
480
693
45
727
112
154
176
353
189
369
59
430
813
633
897
321
539
420
216
556
57
602
955
951
767
777
126
318
915
916
612
691
713
402
333
861
424
571
746
478
850
862
604
249
767
748
852
257
980
287
443
190
377
412
51
745
394
889
529
453
754
320
918
793
350
832
956
983
283
740
220
70
252
710
148
557
316
167
103
623
536
167
116
247
485
855
517
69
187
372
166
819
219
548
231
531
325
404
622
972
773
734
87
572
541
977
522
235
675
532
549
721
465
679
125
955
169
142
177
446
743
891
93
843
388
704
113
742
800
728
214
567
866
667
671
859
107
683
813
505
958
350
305
638
202
834
868
544
839
673
558
32
819
697
376
708
44
203
639
741
772
438
707
345
620
606
142
462
796
294
455
170
138
271
537
640
148
993
172
427
389
294
221
360
189
292
769
914
19
957
342
796
906
354
595
434
926
576
632
436
477
719
722
969
623
854
773
989
926
550
369
475
675
954
751
387
145
750
24
567
202
151
583
759
749
286
403
705
688
512
625
330
677
576
243
467
762
332
51
311
904
405
800
227
428
932
808
597
253
472
108
653
142
179
333
95
474
217
211
43
882
629
97
361
11
829
881
730
550
125
681
811
300
410
129
204
86
39
466
669
124
581
857
312
168
399
624
233
470
454
423
272
685
197
114
839
976
277
806
270
913
787
265
292
826
874
740
716
808
149
679
873
430
286
412
500
430
656
575
969
218
119
74
834
781
121
996
452
95
480
524
227
382
250
855
750
404
978
608
767
883
780
537
367
868
7
979
49
650
767
746
594
80
295
991
946
529
60
361
775
468
213
634
310
921
638
727
795
555
270
702
143
234
280
14
576
542
167
823
995
742
345
611
576
277
204
396
904
923
833
248
609
745
982
103
908
765
450
16
709
19
371
755
334
17
30
415
943
586
685
592
610
356
294
259
422
51
480
946
445
764
803
541
898
669
607
220
790
393
607
761
318
363
25
950
255
286
935
655
9
600
801
218
507
717
460
400
76
847
376
99
591
736
718
117
572
495
538
639
573
891
802
912
538
697
729
333
454
30
86
804
636
797
614
900
802
703
310
496
997
763
196
523
867
71
251
913
119
391
579
574
935
494
201
271
167
620
569
126
232
598
297
71
595
825
869
776
743
426
686
521
481
605
23
449
276
135
366
273
60
393
164
124
676
240
729
118
807
326
168
727
265
155
112
75
308
851
838
822
966
929
790
307
172
108
292
478
734
673
289
111
17
185
405
155
598
596
564
551
896
487
530
174
999
352
660
778
762
156
708
946
257
639
181
831
65
316
724
802
584
5
478
709
376
133
319
549
509
95
116
552
174
355
341
718
78
89
871
377
404
346
355
573
954
851
24
893
947
618
477
241
347
419
335
929
122
32
762
68
870
418
95
897
831
615
542
563
602
873
809
118
928
956
155
418
653
169
233
449
328
842
520
945
147
557
461
543
946
855
999
84
682
167
165
50
581
225
728
860
10
55
839
487
309
731
603
165
213
155
366
456
244
272
120
278
502
646
125736.0
495
147
753
115
118
494
139
120
273
930
26
648
980
620
781
329
143
563
626
922
270
224
979
423
204
713
954
890
45
644
624
929
681
785
817
259
632
264
667
761
486
597
481
151
992
915
877
50
368
792
45
708
828
192
162
109
974
543
600
401
75
53
766
144
699
525
170
408
483
763
163
12
561
400
923
327
406
185
808
431
904
629
730
483
616
665
95
679
77
951
904
44
308
96
106
367
577
843
454
926
949
113
834
890
242
433
943
943
525
805
261
59
961
701
565
552
939
822
850
438
504
987
181
5
611
665
493
602
822
202
954
125
161
450
290
648
413
455
786
558
488
897
166
805
129
284
384
696
48
373
686
482
130
807
139
442
32
889
901
484
64
786
223
25
53
687
813
654
739
768
66
79
985
945
420
922
559
184
117
132
980
116
123
487
96
554
313
965
815
387
437
945
653
935
30
499
402
528
302
741
563
886
953
151
880
589
622
734
406
624
424
700
268
63
986
875
14
963
612
915
367
984
440
739
938
57
710
126
271
270
846
290
65
793
468
499
90
57
959
517
816
715
551
255
173
892
651
440
198
428
509
733
285
160
423
887
82
242
884
183
998
914
62
395
807
189
553
708
635
132
271
577
681
664
285
252
676
761
642
529
90
184
30
92
581
81
566
239
833
683
465
72
1000
351
355
423
711
334
516
464
18
129
145
125
327
192
74
841
555
483
822
137
164
140
488
706
903
648
373
431
930
66
888
445
44
974
892
825
401
744
303
885
430
973
2
102
91
107
351
538
273
821
676
933
551
30
582
269
575
905
34
111
975
323
388
245
496
738
270
618
329
196
525
110
454
318
797
187
408
203
491
41
828
654
164
607
673
868
56
642
583
466
217
314
226
42
944
692
652
1
157
771
563
688
193
715
955
934
979
674
434
917
708
550
391
900
477
538
456
550
24
897
90
885
419
689
991
867
506
718
481
440
320
314
827
935
343
547
135
382
207
258
279
459
343
590
566
915
846
863
258
762
936
224
252
987
238
617
280
836
746
259
694
788
421
195
207
355
583
954
760
221
153
115
298
774
21
896
441
97
898
183
262
364
830
126
344
666
709
928
590
274
811
235
139
368
781
462
209
826
999
225
195
644
156
834
39
536
322
894
493
791
193
643
676
763
452
886
338
233
929
951
975
613
57
117
898
458
287
32
694
405
118
525
869
230
422
465
321
205
865
128
633
703
503
389
239
192
16
949
433
991
96
721
946
484
684
320
736
689
407
394
673
444
273
320
809
760
432
150
870
958
29
120
73
182
478
520
946
132
984
776
120
802
745
780
528
574
725
567
376
705
419
120
160
936
391
947
920
27
212
498
510
383
19
703
460
964
468
944
63
627
451
866
888
45
356
789
871
291
564
485
594
616
881
238
895
892
603
94
940
247
194
1
113
699
341
141
413
317
617
185
859
224
687
564
137
647
843
617
588
365
506
801
370
873
753
313
651
81
306
933
322
459
55
676
617
58
336
628
675
471
780
44
171
411
267
221
923
86
341
358
41
186
257
824
709
77
158
521
901
730
208
436
972
415
905
99
56
210
578
518
314
252
34
768
846
924
121
467
872
78
185
264
796
463
846
804
875
687
339
156
869
697
865
239
225
962
487
186
711
893
579
968
466
260
873
936
435
614
921
514
619
367
101
704
358
743
364
853
493
79
397
312
263
489
676
362
747
818
154
661
627
145
57
687
454
133
734
732
364
301
841
323
682
783
665
268
159
611
387
202
710
862
924
327
361
978
500
433
471
321
863
198
185
50
816
369
922
697
318
914
447
257
482
115
515
35
620
231
185
460
578
235
431
408
911
943
952
34
351
604
639
519
477
541
947
710
373
451
593
912
362
388
984
898
436
261
522
151
901
649
651
395
956
471
154
542
626
944
858
824
730
539
493
923
282
698
777
812
926
635
316
320
142
844
863
992
11
201
60
153
600
80
608
614
226
824
497
475
432
372
897
913
89
742
74
818
639
500
259
478
344
458
786
799
294
597
67
164
132
769
442
17
653
378
182
198
113
758
960
200
167
962
408
207
510
933
127
525
366
829
887
539
865
575
686
303
733
833
103
640
991
683
759
444
662
161
781
27
104
388
470
822
112
652
90
142
833
969
270
899
489
497
821
91
943
421
407
476
294
170
134
945
799
83
215
621
362
749
790
492
686
200
54
21
80
440
967
484
781
80
893
945
908
841
754
887
752
729
373
179
634
990
972
582
436
216
322
831
399
905
502
625
439
696
861
643
846
308
130225.5
209
791
246
797
231
551
785
847
302
13
967
261
706
282
578
706
489
341
179
121
236
726
129
542
477
207
574
208
136
273
850
54
822
303
710
756
558
647
362
208
982
463
387
767
754
83
894
936
676
197
246
353
174
890
719
874
438
556
9
553
317
891
893
812
993
549
605
653
687
144
980
965
961
570
798
759
395
726
906
605
807
340
676
421
917
422
859
360
529
116
246
986
555
907
448
693
74
159
325
77
603
832
141
94
998
559
50
64
860
245
703
922
180
200
719
395
436
196
923
493
183
27
785
983
346
241
823
353
216
781
637
919
267
471
162
342
533
474
568
407
445
202
427
179
767
743
612
373
521
620
418
587
367
278
930
496
206
66
489
571
572
162
68
941
585
385
315
264
357
315
831
956
386
114
209
114
421
798
907
916
170
816
476
496
639
487
941
14
236
652
761
102
715
142
643
581
102
471
546
221
607
91
869
914
78
368
658
334
249
304
400
239
949
946
292
177
714
55
985
80
458
66
325
186
7
968
178
822
202
738
125
691
153
173
173
570
999
909
761
438
953
374
426
769
161
77
517
569
136
479
239
215
537
841
193
147
187
746
875
874
521
167
245
579
217
766
45
284
11
879
279
374
957
272
697
789
20
331
156
501
590
837
643
815
383
883
386
772
236
313
96
997
904
628
778
548
286
715
894
438
925
862
834
909
61
895
51
188
939
496
251
904
705
801
651
370
848
293
391
666
529
835
713
524
906
1
733
113
444
332
820
167
414
37
998
859
872
921
511
537
26
170
630
62
308
890
815
831
827
91
417
865
263
613
296
826
412
211
4
364
991
895
602
934
756
681
354
813
878
876
910
976
685
372
884
420
90
226
934
367
923
590
258
774
714
921
712
289
184
995
639
175
390
357
749
385
678
45
257
372
365
111
161
400
402
76
410
486
210
414
705
54
495
177
570
389
854
148
903
297
855
488
630
643
332
133
636
371
486
617
381
774
464
506
881
467
416
97
720
62
824
186
308
872
579
30
441
467
489
151
383
728
334
172
779
839
864
709
225
141
283
707
203
949
23
250
936
101
345
866
414
727
785
726
120
970
901
376
68
2
929
632
907
782
924
594
179
439
395
85
323
793
98
283
838
122
193
521
654
127
294
134
278
401
784
229
68
137
597
668
486
146
92
321
581
893
316
521
547
957
11
680
947
479
748
734
703
439
225
778
319
895
724
267
805
679
292
801
730
129
675
94
906
377
753
528
867
656
179
377
491
651
613
650
362
685
951
226
443
752
13
12
718
817
556
874
889
440
808
867
377
217
829
280
272
306
941
521
772
339
645
236
554
946
629
164
801
80
345
889
405
553
24
691
934
221
480
35
256
72
889
405
407
134
340
906
304
154
404
674
947
496
530
304
785
710
575
110
937
809
176
834
46
982
349
338
373
955
745
637
289
895
808
700
486
360
245
270
608
317
149
587
321
295
584
137
751
785
842
865
948
71
515
539
252
258
974
843
628
378
317
527
927
938
108
594
976
801
132
846
197
640
738
771
743
97
78
937
292
421
928
200
434
627
898
592
557
840
886
692
644
400
457
783
189
299
596
128
672
573
785
980
48
669
119
607
666
208
851
311
777
756
320
379
308
746
480
106
869
814
308
169
15
36
907
778
324
117
405
428
835
464
414
568
685
220
446
250
84
205
922
937
510
788
221
538
989
690
610
223
682
270
280
832
128
289
258
834
604
288
273
685
434
602
478
196
294
817
492
355
654
744
433
218
43
646
693
110
575
534
869
733
790
702
950
890
444
564
265
251
902
52
186
697
885
821
976
874
643
716
903
451
946
825
46
566
565
32
378
922
626
452
840
455
573
446
592
319
417
570
506
82
312
676
222
200
428
789
402
794
486
301
231
611
907
531
771
519
442
123
458
245
885
372
422
4
619
209
477
122
491
380
574
734
334
125
925
70
531
751
79
806
781
963
831
440
726
168
335
458
944
546
720
141
815
256
563
120
903
424
332
463
610
520
98
106
929
309
144
764
101
328
940
889
571
675
53
883
987
333
278
895
949
77
662
726
427
112
927
473
788
253
199
442
445
359
120
670
353
208
380
369
616
355
699
646
599
755
750
989
195
576
658
217
901
326
227
904
172
70
205
127
169
549
454
890
466
503
477
449
490
880
847
112
74
976
54
322
387
332
67
483
311
832
622
900
625
576
786
487
200
882
666
87
369
200
328
149
635
342
574
869
189
109
440
378
599
835
708
134
499
70
560
381
97
355
545
263
209
718
124120.5
820
240
453
213
70
491
441
192
613
921
593
782
215
624
678
383
585
703
67
918
335
355
859
503
830
857
825
759
344
744
691
889
534
624
132
233
664
280
475
831
173
553
135
183
972
963
502
137
208
831
30
601
968
189
969
195
129
431
769
531
968
143
514
283
379
362
771
393
368
950
381
7
113
388
61
331
957
208
202
462
484
661
649
535
682
639
313
549
267
911
906
4
5
127
462
396
994
823
639
908
740
229
722
926
132
446
440
845
661
663
512
94
301
783
300
664
605
826
828
425
524
937
836
18
341
794
657
742
67
197
212
117
950
442
519
712
132
466
657
626
493
702
247
904
596
159
470
667
785
291
515
376
488
633
193
439
763
887
335
387
488
886
499
157
178
524
290
748
842
770
262
28
916
883
65
804
105
201
13
15
532
115
377
450
695
416
617
928
965
309
706
982
918
869
904
470
518
619
39
776
175
839
768
11
1000
710
89
653
177
628
313
790
951
27
641
776
538
913
175
846
339
915
529
913
201
7
508
90
596
232
371
392
357
734
447
486
706
70
552
642
381
684
218
170
224
848
86
504
667
457
315
789
174
212
41
916
367
258
121
60
897
901
153
455
16
244
911
652
428
88
328
563
420
739
227
163
620
764
698
460
46
140
372
269
882
159
868
207
614
618
857
93
263
401
943
487
689
318
708
519
212
220
810
7
424
201
995
798
86
482
537
40
859
165
25
625
340
760
11
423
89
127
407
466
876
934
114
789
994
755
574
900
825
896
257
48
681
87
502
406
414
743
472
940
392
108
917
177
513
901
737
111
905
388
461
202
260
868
74
693
823
187
662
49
416
308
491
149
893
169
306
99
844
600
133
671
845
695
359
687
725
400
838
264
36
113
545
719
361
84
274
872
661
580
367
631
367
918
475
643
919
819
535
689
420
940
468
484
840
535
805
943
233
913
922
522
65
901
868
688
367
590
329
292
875
801
538
704
545
464
293
128
886
408
448
487
946
881
413
964
272
748
489
49
540
873
27
569
762
870
520
320
175
883
462
234
685
297
913
860
819
342
511
122
100
747
780
849
746
185
33
228
312
248
371
14
221
622
589
947
873
399
713
163
495
492
883
529
520
952
58
279
961
663
353
940
743
453
833
851
429
857
911
636
596
672
629
958
951
310
64
888
606
776
877
43
370
439
322
22
510
261
608
518
789
263
683
540
408
245
780
104
139
808
781
222
997
278
9
897
415
815
595
695
80
392
68
426
442
704
412
385
951
328
939
382
468
733
412
169
54
930
255
240
242
213
22
585
52
143
222
739
324
815
126
616
322
394
248
690
358
666
878
148
990
891
723
882
700
182
27
423
612
397
507
838
285
972
676
906
830
670
248
911
824
193
770
771
182
382
100
425
232
647
898
316
543
944
809
270
277
193
978
24
970
652
12
46
38
324
251
99
570
218
100
647
416
684
336
710
501
491
157
631
406
798
27
255
474
114
825
999
663
465
587
642
93
170
285
686
804
407
714
42
317
325
944
256
908
142
355
395
134
307
30
938
620
61
505
571
431
843
107
336
674
500
531
206
797
320
426
610
485
202
586
749
236
866
787
340
284
98
860
347
47
358
324
772
935
597
462
220
443
648
687
324
902
861
556
209
623
857
326
966
677
197
920
886
537
641
858
512
262
457
791
819
691
756
91
870
62
72
520
292
135
555
149
355
930
714
123
638
213
225
60
654
6
80
763
792
456
243
893
305
941
780
521
227
459
583
149
295
193
871
543
259
215
918
607
552
922
231
632
213
352
64
646
499
511
653
667
980
936
342
480
216
240
205
21
266
937
496
928
178
129
421
990
977
257
55
276
593
317
578
111
557
248
738
854
490
406
834
860
258
903
845
494
295
520
158
274
649
150
466
246
532
751
574
509
923
881
738
735
637
290
909
813
818
237
971
405
602
103
251
775
777
200
909
853
191
268
287
8
67
69
556
112
810
926
442
825
524
663
869
46
766
775
835
988
494
513
448
688
386
759
919
908
676
856
272
658
578
426
147
312
405
347
210
791
713
1
158
252
874
347
289
571
930
488
512
837
660
126
504
154
666
56
406
561
751
391
687
503
573
592
317
19
294
678
37
977
407
145
798
973
724
586
29
658
898
52
838
851
490
228
186
361
441
132
487
829
45
334
946
592
56
822
723
542
665
279
468
747
259
544
91
386
516
853
583
649
90
302
938
613
754
374
902
129
727
563
214
874
894
743
714
376
192
284
804
150
910
798
646
796
693
594
710
92
250
120561.0
776
732
409
839
185
585
781
821
656
6
220
277
957
345
436
577
300
310
513
72
539
585
682
420
644
161
491
174
979
356
494
168
556
351
299
803
175
721
389
241
769
528
763
779
417
29
951
856
162
266
999
337
131
743
152
855
337
540
278
408
275
941
821
756
297
725
767
519
126
1
976
900
321
662
833
759
887
795
91
565
183
363
61
536
248
441
284
478
322
98
56
991
932
884
232
527
127
218
578
160
354
839
326
98
594
588
322
188
304
337
433
928
239
160
5
323
88
261
346
560
260
128
166
913
710
252
254
329
316
892
163
960
521
544
326
243
43
561
949
360
376
357
433
2
624
896
719
275
496
744
232
611
70
293
76
476
734
122
434
531
15
17
671
846
104
431
162
274
647
187
320
897
414
106
401
239
986
799
149
972
382
868
198
576
438
515
122
88
105
692
592
102
875
129
734
430
6
408
373
315
199
214
169
929
271
301
52
270
807
419
314
128
813
881
173
183
619
40
556
117
889
15
618
164
865
959
990
907
363
706
768
646
303
273
177
481
303
995
148
270
722
218
926
777
722
242
914
547
571
499
126
198
391
851
535
100
64
652
350
939
657
17
171
477
976
854
441
416
87
972
47
461
429
230
656
851
9
324
447
533
20
944
957
755
735
902
356
756
508
393
160
843
233
511
187
430
897
699
152
534
484
710
462
964
382
850
836
104
293
425
350
916
859
854
28
340
394
250
228
510
914
828
610
463
994
29
578
221
915
174
45
144
486
24
469
943
778
978
115
527
149
346
256
8
828
879
742
841
41
117
82
846
852
524
178
754
402
114
543
300
47
716
107
988
858
662
82
790
287
876
215
879
266
474
811
259
627
250
104
340
120
525
293
746
610
821
454
371
455
909
550
40
446
365
452
344
429
92
846
376
680
227
150
306
949
142
580
550
376
522
905
129
642
77
772
416
322
147
711
219
208
336
3
714
640
280
498
237
830
609
4
862
145
561
960
440
934
26
761
42
212
302
952
910
973
151
438
473
554
131
860
762
947
53
549
783
21
762
494
84
378
636
923
866
89
249
906
197
237
819
391
816
415
713
740
889
627
386
526
134
957
539
166
889
81
512
402
537
202
32
625
646
795
273
817
154
364
451
368
73
445
50
373
375
1000
397
407
55
440
635
856
21
864
129
714
901
71
633
435
933
367
788
191
541
788
717
679
442
553
678
1
953
135
125
772
826
656
635
216
191
625
197
219
320
325
696
146
521
212
340
614
705
853
658
178
637
925
336
169
897
656
156
332
676
268
732
803
375
589
853
945
314
486
113
754
336
131
577
397
246
417
295
933
783
270
155
28
51
618
854
567
605
517
643
982
111
332
3
55
5
832
352
835
139
242
728
810
219
323
595
731
533
811
299
308
635
690
32
615
808
521
898
334
940
337
262
286
934
496
743
646
872
813
835
720
322
450
305
646
324
549
435
168
408
389
237
653
806
63
866
201
50
738
565
400
428
770
913
276
336
450
606
683
898
607
754
864
844
702
815
627
663
822
664
904
73
249
905
726
451
830
67
500
673
434
484
207
695
549
674
41
397
83
813
973
225
287
125
606
617
838
861
310
662
107
555
147
305
451
426
777
688
909
303
886
751
998
163
337
747
419
176
703
2
636
895
525
167
183
291
339
565
532
445
66
230
190
262
452
156
789
848
398
757
420
469
375
580
218
290
253
424
424
722
211
398
552
834
364
217
320
677
612
778
571
181
712
862
76
485
688
791
316
34
764
743
417
85
880
540
912
836
824
864
269
995
69
464
844
301
509
38
408
574
156
870
523
776
638
783
28
570
698
865
557
612
472
122
388
912
920
347
559
380
911
400
295
348
381
514
155
240
573
692
659
137
745
700
872
845
313
353
878
519
543
469
764
493
513
98
97
300
925
283
64
68
260
95
848
69
643
483
857
765
819
168
350
107
921
854
24
759
245
920
475
359
165
194
334
562
507
477
326
203
532
284
672
67
889
591
133
567
153
575
323
101
892
325
675
717
394
377
761
828
72
552
27
703
132
343
36
772
873
136
468
640
351
137
261
544
1000
378
876
563
903
423
320
629
373
261
656
315
95
335
903
729
575
722
230
970
200
567
971
125
306
283
713
923
621
163
185
220
324
602
871
734
884
655
197
497
155
911
414
2
723
882
128
237
64
351
322
619
932
776
432
935
304
510
309
325
902
932
654
64
780
165
398
149
674
252
395
865
584
193
621
359
625
773
612
279
706
95
255
293
695
326
704
267
642
793
129872.5
906
329
28
243
642
514
3
124
436
901
823
719
80
681
429
487
703
628
252
910
921
363
597
558
561
833
657
790
252
712
36
850
385
558
542
185
684
266
666
727
926
478
153
269
37
978
922
129
696
749
460
761
178
326
506
222
533
392
775
555
709
21
989
250
859
219
602
523
234
987
205
195
268
417
902
239
634
191
252
468
123
567
575
450
528
547
768
437
461
918
317
89
960
120
9
376
274
823
949
832
483
83
561
971
631
441
841
841
851
661
15
62
865
748
811
584
938
805
682
506
401
942
242
94
903
790
27
632
826
63
560
68
673
471
862
844
582
407
101
574
741
550
91
923
848
45
923
686
29
208
551
336
888
651
364
502
259
820
582
421
604
936
604
164
448
531
359
697
860
765
919
102
616
810
260
739
526
237
613
121
340
52
534
513
46
460
534
978
742
336
57
933
628
928
304
581
782
585
252
665
940
726
829
170
43
609
976
729
76
547
239
840
188
91
314
889
634
996
141
941
426
990
495
917
239
16
618
126
652
268
366
412
391
765
826
518
569
85
965
736
761
862
643
293
829
821
89
470
129
460
128
872
897
88
904
959
174
325
174
66
989
947
580
596
500
74
467
546
893
95
525
553
364
742
863
66
790
728
208
483
957
54
727
319
764
133
546
326
948
621
348
164
136
493
717
607
376
235
553
379
115
241
536
133
144
104
358
967
349
565
454
84
995
202
831
735
73
734
31
563
300
222
1000
612
414
872
878
783
128
835
698
916
242
992
999
8
5
41
417
520
494
584
898
971
237
166
978
83
625
841
367
178
282
393
580
269
943
936
337
781
231
204
535
87
378
323
273
302
680
35
270
126
977
441
513
657
31
771
303
759
995
405
246
299
214
155
373
643
411
115
275
953
141
646
931
709
639
851
470
635
62
744
64
768
531
848
199
510
509
529
769
946
951
827
227
486
487
880
707
754
896
578
248
304
80
777
826
826
702
468
478
38
49
428
178
627
651
893
650
990
956
671
564
95
904
786
248
504
471
769
639
255
952
865
635
282
518
281
765
850
412
451
144
91
304
825
864
764
494
96
690
231
837
265
24
14
750
539
872
863
428
538
561
40
811
422
537
558
82
872
587
273
25
812
901
936
941
613
919
976
901
963
695
706
792
567
546
928
459
420
500
892
413
858
157
57
651
466
143
92
316
244
951
425
620
366
802
658
371
271
193
78
910
975
383
145
120
364
835
744
246
766
351
674
731
351
472
574
616
737
412
327
686
423
157
374
760
744
252
31
616
881
779
285
679
235
544
681
816
202
809
766
911
967
48
645
644
410
12
836
821
770
195
292
861
836
854
891
826
154
606
402
789
388
436
867
397
908
151
916
839
691
799
879
952
180
823
748
849
467
53
367
725
740
771
402
775
940
760
186
388
147
28
112
652
655
193
118
2
288
312
117
304
188
306
598
724
776
396
661
818
527
254
622
32
666
437
103
882
205
87
884
338
405
912
594
163
119
425
682
934
440
850
162
375
257
565
162
639
209
854
311
638
339
951
866
840
136
803
484
35
949
833
371
443
459
49
368
372
407
908
546
98
182
626
787
464
781
53
453
645
200
829
344
471
536
546
678
661
655
38
282
180
738
629
268
981
911
544
217
868
771
377
997
300
171
413
793
984
769
139
455
880
531
665
855
57
809
871
763
298
182
97
187
460
570
697
351
927
758
697
532
723
339
312
555
635
217
325
857
837
406
316
167
865
761
163
76
810
520
882
155
207
948
787
338
339
846
228
475
799
229
492
54
954
81
721
628
218
626
195
885
872
389
570
57
575
286
642
301
777
431
987
172
692
325
549
810
692
40
418
711
190
623
854
532
556
556
219
525
340
819
755
387
955
879
502
209
16
218
843
694
246
520
770
562
816
492
193
894
924
674
437
694
371
849
595
816
429
857
735
481
349
197
409
805
419
947
111
46
648
239
340
150
228
636
996
827
973
496
383
583
301
703
316
711
614
950
96
465
749
419
951
346
7
826
623
658
309
298
768
593
978
261
807
429
568
312
29
567
167
167
638
832
139
382
336
865
21
473
972
694
309
480
435
644
727
375
938
769
373
589
514
728
894
215
527
335
677
45
129
478
998
821
103
743
31
80
196
865
455
732
68
334
256
279
794
404
813
446
294
19
766
995
896
58
75
832
900
671
666
422
108
167
413
72
521
555
29
606
61
107
38
878
288
827
174
867
678
821
880
163
151
891
440
606
446
299
283
794
327
807
703
618
185
747
516
666
114
138
123799.5
168
749
110
760
192
563
202
855
137
160
216
346
927
300
700
570
980
308
294
11
555
705
160
365
562
142
829
234
821
188
209
141
91
425
558
853
165
800
951
262
387
585
965
678
730
56
491
966
713
228
557
256
440
603
338
733
507
601
537
472
435
978
351
787
185
781
658
457
394
98
194
840
563
522
40
854
289
881
312
626
372
371
709
465
65
445
517
567
39
176
916
954
571
907
254
612
83
174
775
87
856
945
135
21
170
594
674
238
277
393
875
938
866
300
444
380
427
222
547
440
357
126
596
939
233
226
790
352
819
988
706
867
331
542
903
197
781
596
493
419
301
431
651
87
358
890
876
218
614
698
511
724
292
272
795
594
149
243
790
626
384
107
185
846
703
428
56
394
284
300
530
851
764
257
487
210
787
698
537
810
994
957
738
472
347
463
276
78
24
683
816
33
32
62
785
332
875
498
423
244
852
256
58
841
291
383
687
200
920
512
53
187
160
912
562
69
626
53
517
134
750
77
10
40
433
957
570
852
775
792
282
529
780
304
491
438
299
925
907
215
128
74
116
776
104
270
665
614
340
476
714
49
575
861
398
73
440
610
713
942
572
131
262
423
708
846
131
380
199
841
428
479
202
293
10
949
403
319
465
466
584
970
934
651
418
868
522
720
976
327
722
902
370
492
960
430
802
676
340
554
210
662
825
864
993
819
494
55
121
448
300
838
802
772
122
318
67
200
173
487
270
861
294
309
634
150
294
306
537
214
183
54
110
59
421
911
557
950
162
574
41
366
956
41
111
928
974
974
895
214
361
830
71
626
367
831
702
9
621
192
672
779
846
970
264
754
828
604
155
895
232
889
547
472
795
246
755
266
33
257
22
644
146
765
851
835
588
423
270
884
738
56
105
267
677
346
282
102
327
349
898
218
413
308
989
107
788
423
432
455
699
27
514
123
964
417
735
86
17
177
758
493
994
773
838
226
623
100
147
490
641
915
205
551
354
452
11
50
243
44
577
394
419
992
338
292
429
563
729
135
743
747
620
87
247
802
400
816
411
68
845
464
885
965
123
94
892
226
951
986
866
800
405
746
196
994
116
426
281
170
355
453
157
904
195
561
629
516
688
211
928
718
128
192
26
70
721
351
352
43
959
121
790
361
717
486
134
25
729
665
444
188
975
209
797
864
837
626
92
893
551
723
787
538
609
729
362
258
651
714
698
967
944
79
363
946
377
603
356
235
37
239
611
370
990
656
403
479
340
350
603
758
174
538
615
673
495
225
749
909
549
134
506
670
713
738
447
282
178
719
229
208
402
64
541
400
388
491
856
160
253
297
432
613
575
86
128
62
648
763
888
684
660
698
697
70
529
129
682
162
720
236
486
85
193
723
824
258
15
621
158
676
909
258
718
525
287
45
91
781
782
897
967
881
350
405
92
910
550
800
528
963
25
896
492
379
694
190
660
416
221
549
862
413
147
402
57
798
148
817
980
64
309
619
34
462
743
889
778
291
51
560
60
801
779
680
898
859
925
879
9
744
815
563
828
161
670
944
735
474
331
20
900
664
377
527
405
713
72
621
720
376
762
730
996
185
534
284
809
494
577
780
937
616
631
468
585
283
662
343
576
734
94
193
780
763
889
54
985
870
949
190
759
63
785
760
19
271
1
247
688
494
595
450
701
104
144
265
463
179
772
906
237
835
454
499
215
631
189
185
143
498
625
612
829
368
23
877
239
178
132
529
582
871
706
323
668
840
52
478
501
812
109
27
706
564
302
152
386
478
134
777
489
921
235
896
724
447
548
405
672
17
392
511
708
897
165
772
949
694
993
543
70
777
722
725
667
246
896
930
3
386
897
291
738
485
235
379
712
515
514
177
49
597
30
90
584
862
908
823
484
397
279
514
754
370
562
541
614
148
25
266
176
342
224
92
110
210
816
201
589
560
401
864
469
179
372
140
934
911
691
769
571
910
107
290
826
176
229
573
737
415
351
212
965
348
31
122
228
572
903
618
548
559
734
186
219
322
84
657
236
437
230
705
485
623
265
775
950
397
112
921
824
155
401
562
58
71
997
496
282
360
1000
604
221
441
268
666
437
147
924
334
37
257
82
802
35
675
153
997
336
612
758
139
258
249
212
885
231
134
784
170
572
578
565
798
464
516
2
512
861
907
493
80
900
942
119
104
730
397
866
612
282
852
625
846
890
493
501
344
57
907
203
110
382
108
976
83
740
171
194
741
972
51
820
301
927
723
614
162
303
95
613
302
106
324
801
361
904
919
124460.5
648
193
510
160
671
358
382
47
743
940
177
750
731
642
675
337
79
659
212
923
958
387
327
579
777
854
224
692
88
773
718
900
123
584
838
122
985
198
259
825
461
375
501
404
704
910
285
93
479
825
223
829
31
354
847
290
57
342
951
454
345
121
638
165
987
291
978
475
864
960
106
73
397
477
38
206
538
91
435
324
860
634
177
524
361
511
614
358
158
823
68
87
976
134
945
340
380
761
850
913
227
21
252
951
611
352
510
830
547
566
395
8
407
610
731
623
2
775
906
582
210
930
249
31
65
816
489
672
169
86
67
103
167
421
530
731
399
416
951
615
548
567
460
879
964
138
274
838
410
344
91
255
975
760
841
311
746
734
618
281
135
892
742
67
801
593
847
649
992
610
293
196
150
730
828
887
416
327
320
103
425
31
203
506
45
464
223
831
458
409
737
986
804
949
175
734
544
571
615
810
174
661
883
251
310
527
380
758
324
434
475
828
792
182
663
938
884
962
938
952
246
925
641
887
210
15
265
94
925
220
882
432
737
678
150
590
467
98
881
693
218
922
536
305
648
649
822
404
690
591
629
948
218
174
885
878
803
306
466
112
705
850
225
566
936
58
62
662
30
100
826
613
537
619
875
68
833
717
441
617
533
113
896
360
907
208
573
294
248
741
744
153
595
506
897
514
81
399
252
433
558
402
976
93
972
142
831
858
231
499
974
70
769
147
913
680
48
881
314
486
996
239
853
788
58
753
91
745
825
834
570
917
118
973
519
63
211
3
680
510
697
656
770
876
277
65
459
109
740
843
933
123
645
353
461
181
131
954
226
841
57
183
981
21
453
174
588
313
756
83
955
120
30
539
376
827
738
762
315
814
991
376
644
251
329
219
100
529
82
33
8
913
174
703
517
659
814
899
29
565
704
775
497
675
820
968
920
638
163
520
117
957
97
852
219
561
36
848
902
898
651
492
960
152
285
712
420
890
64
449
228
161
112
357
947
476
268
906
18
940
822
601
430
77
636
701
816
387
255
821
365
281
307
836
625
231
12
284
299
851
883
618
171
32
82
977
550
846
238
64
852
170
110
198
698
51
149
564
602
886
547
521
229
147
270
475
253
404
826
853
801
220
264
899
335
950
440
696
947
953
68
932
902
587
684
582
738
992
906
267
772
870
417
873
519
128
408
291
457
168
342
221
631
464
687
288
26
838
228
380
251
30
584
902
971
35
440
426
497
839
126
697
72
563
390
373
787
588
440
555
998
180
607
402
487
267
733
833
852
14
72
887
300
272
971
182
693
788
527
196
839
854
215
943
259
662
957
603
168
760
453
742
197
289
584
834
248
957
910
190
417
299
883
246
177
937
458
939
195
747
702
678
248
847
191
251
913
766
996
468
737
264
968
754
431
507
113
931
303
120
498
6
849
215
245
641
319
181
97
163
186
104
446
131
592
549
325
785
180
612
244
487
617
530
944
612
898
157
529
178
319
933
594
317
163
519
813
48
758
634
224
524
900
260
622
222
554
100
133
86
667
297
273
418
735
878
477
54
783
440
984
922
520
340
77
508
577
319
426
305
130
719
555
277
185
738
68
622
631
550
502
318
693
355
116
597
76
725
474
612
34
197
589
883
112
157
775
878
300
42
318
746
797
947
54
267
987
681
919
733
363
481
390
640
366
875
993
660
608
823
845
41
515
73
889
517
946
406
294
721
299
429
438
340
827
561
683
149
670
734
735
507
362
206
971
615
107
72
581
543
957
118
817
961
242
514
719
921
100
585
672
219
459
45
873
97
71
639
159
671
275
981
810
499
182
203
614
284
177
324
404
455
376
226
961
318
129
775
646
141
728
666
31
743
90
573
645
701
784
525
352
733
969
383
676
903
187
177
50
219
256
701
350
450
332
655
210
389
161
784
637
766
445
683
283
957
190
702
795
803
440
356
446
230
651
787
759
789
241
180
88
157
722
95
549
763
319
881
874
438
246
608
506
747
877
587
877
809
665
398
861
475
294
469
928
728
777
762
95
255
968
487
146
213
251
428
434
286
219
698
413
54
729
831
578
482
66
953
115
569
250
577
15
409
306
649
32
349
555
767
719
679
728
665
964
181
306
331
228
11
269
312
664
795
729
807
667
112
526
846
112
820
295
506
756
140
740
409
435
427
102
107
364
1000
116
31
145
957
326
511
634
336
192
245
549
146
377
488
919
673
442
19
411
949
367
914
50
827
480
814
992
348
832
863
496
675
643
270
481
935
923
939
975
612
621
656
643
670
381
59
127595.0
682
712
141
804
99
575
160
947
867
156
579
340
306
425
730
724
138
277
566
77
434
692
949
510
908
225
51
318
46
283
455
22
858
375
18
965
922
863
238
244
446
679
929
694
789
88
788
846
756
109
565
209
703
617
503
762
341
572
43
593
192
973
454
781
423
707
246
488
516
56
322
933
397
476
31
860
628
815
554
736
764
316
720
532
688
525
190
576
889
88
534
940
958
954
379
576
985
203
611
108
796
956
73
106
263
598
796
181
830
451
125
924
960
485
89
299
505
285
846
347
907
131
773
901
797
238
66
367
166
952
405
797
363
503
510
358
312
660
964
469
761
482
782
127
174
785
616
205
269
618
358
832
988
154
799
684
888
269
1
752
549
14
715
868
99
419
451
405
165
437
572
808
114
366
838
211
336
761
986
953
90
905
692
593
552
482
121
169
782
658
752
5
601
74
572
292
835
484
253
92
133
242
220
698
124
485
395
326
972
653
903
132
373
779
49
36
376
124
497
57
552
80
917
180
857
916
858
897
424
747
587
576
123
269
11
391
354
821
214
239
195
168
22
683
778
263
235
683
964
349
887
89
935
751
399
97
144
672
21
908
387
167
510
506
475
988
890
269
727
868
261
349
355
381
137
931
858
268
402
451
79
800
640
590
800
727
447
775
900
208
426
793
234
465
614
474
345
618
391
487
998
601
419
831
71
940
28
78
209
499
938
915
427
883
244
389
520
140
518
499
554
805
516
231
840
302
155
341
323
239
463
64
879
7
415
949
653
925
756
400
435
250
827
101
472
899
349
821
760
251
66
973
405
549
173
777
585
48
236
90
305
835
891
987
403
790
123
705
159
837
360
899
936
482
6
138
906
212
156
255
220
719
850
743
211
800
188
536
803
1000
588
53
457
278
421
328
828
65
627
387
306
301
663
414
142
65
212
285
300
395
809
44
275
199
640
445
735
217
908
32
379
597
979
855
404
237
677
74
790
451
44
907
962
566
422
592
69
185
39
126
773
428
11
892
626
305
845
619
134
215
428
781
460
219
543
785
200
734
982
86
99
482
660
877
922
3
289
156
854
870
72
788
891
833
433
985
479
385
860
113
703
438
997
788
513
536
190
559
861
232
941
735
307
152
159
81
958
326
497
62
862
39
465
463
427
395
988
27
315
682
481
72
917
44
651
801
453
772
360
887
601
705
655
507
883
811
509
151
286
529
53
871
458
192
825
963
469
476
649
209
265
231
999
518
389
589
283
378
156
376
964
839
356
673
321
693
534
222
990
899
384
33
972
736
308
816
564
279
56
855
165
210
433
82
606
394
632
322
886
231
237
228
266
748
697
88
996
25
43
781
677
759
291
665
714
136
460
32
466
240
155
405
847
90
222
686
379
241
965
546
637
817
426
223
558
531
353
30
477
953
432
934
911
804
754
263
486
754
910
824
460
882
467
796
506
377
187
207
701
365
240
480
4
433
520
306
975
907
64
813
526
33
417
715
196
501
154
926
528
363
509
390
451
735
546
788
99
917
796
962
189
693
928
610
594
25
844
881
522
461
87
109
265
747
256
586
33
766
733
660
335
210
396
808
385
264
240
336
890
488
837
758
681
624
256
371
716
219
15
374
576
899
420
217
585
840
678
142
619
870
768
277
120
150
731
668
615
376
570
279
499
578
928
312
934
149
331
339
247
204
388
932
483
889
346
503
416
566
737
374
773
588
46
678
274
343
674
813
287
360
241
574
927
848
506
362
350
917
813
512
751
976
953
13
516
448
370
110
998
333
17
822
665
858
242
984
84
319
797
233
130
84
477
524
725
846
697
652
576
701
420
576
854
691
965
749
528
129
566
923
369
349
487
239
121
360
673
326
930
457
602
327
899
549
207
143
817
724
624
750
51
296
487
553
289
276
818
656
483
283
785
253
543
297
481
94
771
351
503
251
780
638
810
772
817
113
398
265
47
795
959
775
87
953
205
211
949
156
742
549
996
445
935
255
881
453
450
144
865
631
747
458
363
572
26
267
932
259
282
684
667
451
483
757
888
628
620
698
58
387
504
949
520
185
298
504
486
128
385
503
208
427
1000
512
13
433
345
747
923
259
699
331
30
300
798
826
849
763
197
966
988
594
273
167
304
213
194
923
232
214
497
185
567
594
985
857
36
629
442
530
650
951
789
59
424
992
287
18
60
413
567
567
449
698
372
951
354
417
669
268
612
998
732
6
192
163
85
239
794
116
753
720
801
154
873
245
230
785
91
88
641
15
729
392
411
340
399
325
577
921
