500
10
125020.5
977
980
337
515
949
127
889
565
992
851
955
859
525
857
56
594
958
221
953
257
862
81
200
503
273
899
954
715
503
449
863
692
856
537
154
229
500
591
283
84
788
427
197
526
867
37
771
518
311
111
378
177
320
27
822
76
793
301
188
298
34
320
642
493
267
805
514
7
264
157
427
870
386
449
817
699
408
466
444
184
254
124
153
118
380
996
310
957
137
372
129
407
94
808
613
554
907
816
889
857
43
187
289
271
124
79
697
143
837
852
238
987
126
687
259
758
923
270
387
147
33
327
928
239
141
337
305
892
928
535
470
766
817
118
360
350
176
588
839
861
357
643
273
787
216
603
740
560
949
285
48
784
986
661
427
232
309
472
832
349
417
964
899
413
482
14
390
653
524
38
848
885
652
750
191
744
16
169
579
979
616
921
462
757
363
594
489
226
526
863
585
868
823
301
103
111
475
633
813
330
716
66
941
768
108
982
237
363
952
263
184
796
288
757
216
978
512
857
703
666
743
721
738
663
977
614
278
399
500
188
339
862
432
135
324
21
695
492
763
50
859
854
503
781
576
129
295
206
572
460
376
927
119
442
299
960
832
698
726
199
298
934
989
801
850
401
846
503
272
412
239
898
29
18
23
196
768
17
461
851
926
506
358
819
900
113
965
158
596
914
337
277
689
811
411
470
565
271
556
339
522
414
203
470
48
823
451
731
708
603
825
881
518
541
492
566
953
174
701
968
329
381
129
494
634
934
514
534
516
30
638
827
455
494
884
59
787
86
669
447
136
539
535
840
627
971
669
69
493
992
315
345
495
919
83
763
190
383
755
465
664
516
348
629
905
892
652
115
356
647
229
625
807
174
117
55
270
944
565
477
168
698
810
509
35
139
34
100
353
950
266
769
576
454
194
978
591
494
899
151
60
166
950
81
665
627
477
817
60
452
938
715
25
213
910
885
15
12
487
605
495
42
725
933
856
226
217
366
616
75
510
591
342
271
437
63
147
6
400
328
137
339
454
610
200
379
767
840
951
235
328
33
99
62
571
650
114
423
494
556
729
580
986
686
681
730
190
296
442
349
425
271
810
124
998
22
320
980
544
234
915
552
340
607
866
341
111
555
639
367
686
539
585
137
346
273
616
447
925
844
205
815
975
689
582
864
393
809
445
565
122
129
163
7
103
655
827
572
202
433
508
121
137
870
127
8
35
591
836
984
243
808
767
932
719
633
120
8
780
686
163
260
523
95
922
815
563
962
378
884
84
472
750
235
26
207
260
420
350
757
744
903
459
585
377
206
297
214
62
13
716
521
461
46
458
177
31
413
593
585
969
327
540
643
475
229
529
722
683
977
673
121
10
522
488
689
595
355
591
727
660
791
156
274
361
243
427
859
839
84
521
255
542
271
891
49
888
895
929
274
297
999
536
456
314
71
150
929
744
288
136
887
520
675
715
756
839
201
571
261
790
259
801
864
382
443
432
687
414
957
519
718
746
604
75
774
719
435
688
336
286
479
803
726
49
259
234
226
624
719
83
693
91
540
813
65
640
542
720
675
495
414
271
125
560
40
193
727
71
872
580
198
359
66
576
42
255
241
74
55
787
433
651
385
337
452
56
819
524
748
547
659
38
915
988
148
373
393
842
314
185
174
546
826
859
144
529
842
184
983
374
802
944
382
243
213
683
772
823
8
699
814
179
531
781
904
214
800
890
115
858
407
882
287
47
423
43
778
238
971
972
283
758
900
428
668
374
974
278
105
377
465
684
760
505
200
905
271
452
647
611
702
647
444
665
27
118
625
884
53
438
570
802
355
764
882
744
829
469
810
145
43
22
188
970
643
797
154
674
507
928
190
69
180
742
475
508
624
67
497
692
486
613
475
359
564
280
37
860
731
754
304
440
284
530
65
36
844
3
304
768
533
147
388
845
610
500
918
184
82
101
561
427
800
807
167
640
789
972
985
995
689
95
990
57
138
776
679
742
67
890
543
858
647
414
223
526
882
279
683
922
933
716
483
816
813
126
558
504
229
178
733
320
229
395
836
644
418
718
451
511
325
618
17
457
495
717
999
398
901
569
745
451
639
141
129
260
695
98
838
60
491
64
786
796
474
186
582
353
736
763
921
688
25
933
425
529
843
387
813
289
78
175
667
806
653
851
650
191
761
105
853
830
926
246
475
10
53
722
655
425
403
651
219
286
175
639
146
308
257
876
475
879
846
57
503
60
421
311
558
551
383
965
890
371
512
557
588
693
440
432
986
204
177
434
588
207
87
975
986
127888.0
283
53
985
386
340
804
172
430
456
165
541
56
488
191
131
315
823
734
950
764
758
826
524
436
415
102
34
368
627
513
170
294
309
520
909
766
855
395
123
844
123
475
31
486
294
969
718
452
644
857
845
796
407
905
631
847
347
717
200
777
854
771
659
596
121
109
675
936
216
775
673
84
85
595
526
354
731
575
312
876
706
973
329
863
94
45
780
104
644
671
202
573
981
211
235
442
72
199
64
139
228
788
479
814
636
864
491
858
928
153
737
61
859
217
486
265
264
790
696
938
387
607
617
808
564
710
496
28
864
465
112
273
503
842
730
722
532
395
670
72
497
346
123
137
805
312
890
419
371
639
905
309
398
320
472
754
873
524
257
619
937
44
484
675
751
896
274
420
198
950
390
161
728
196
14
331
883
797
595
60
86
179
772
188
304
447
926
745
676
122
94
77
588
770
579
807
707
456
671
672
166
962
184
224
622
74
206
559
595
757
653
210
2
171
201
121
194
183
869
382
156
225
122
421
695
294
796
512
667
790
671
184
489
778
867
966
630
522
288
928
923
88
47
122
46
890
520
745
741
544
125
41
418
606
450
62
834
359
324
798
605
59
110
241
850
611
812
482
539
656
956
130
713
938
216
897
791
915
184
170
923
441
260
120
362
822
84
936
637
14
887
774
679
142
811
516
532
633
985
662
464
633
511
455
316
129
970
272
363
463
592
85
565
540
945
461
127
814
624
79
143
687
431
496
846
97
22
381
684
870
334
236
960
420
97
980
19
869
884
502
204
477
285
171
649
6
324
852
662
100
72
684
220
112
140
260
719
566
53
483
74
482
709
387
810
102
163
886
910
358
147
369
671
761
218
986
718
152
596
618
799
380
713
415
141
904
826
902
161
150
862
184
412
488
726
38
385
538
320
834
342
930
593
890
754
430
289
144
529
552
919
201
602
815
341
170
438
957
708
298
753
956
558
15
318
855
564
717
680
870
345
343
503
685
28
867
400
902
783
764
928
622
873
309
962
528
394
152
494
699
331
908
43
944
105
311
471
573
567
408
829
504
692
379
613
208
937
693
51
575
315
811
750
847
331
992
274
101
307
796
160
509
706
424
1000
590
238
408
774
690
717
379
321
767
574
802
189
462
590
184
788
108
258
311
518
43
290
249
154
379
621
965
523
904
1
259
644
443
788
572
428
925
664
106
765
980
534
380
989
74
961
150
399
4
22
393
321
911
272
340
437
805
827
933
647
109
677
81
1000
77
25
504
974
726
271
809
1000
581
256
313
475
114
534
442
428
888
887
753
280
928
835
568
541
935
709
778
568
599
199
368
829
678
32
332
764
766
449
249
714
46
959
827
265
562
572
258
182
718
732
251
660
144
703
635
34
685
851
225
161
934
225
720
887
699
658
909
167
107
39
696
456
61
772
558
373
992
986
55
510
781
592
199
823
303
648
232
735
804
241
708
745
747
50
106
221
468
336
332
924
141
579
209
67
324
796
306
780
541
25
636
979
609
40
218
379
658
752
678
695
367
38
376
507
553
576
844
27
450
207
255
681
551
502
807
754
874
282
361
509
157
209
864
801
969
381
864
354
803
704
999
164
499
432
530
441
471
724
251
542
231
562
282
246
140
82
772
28
598
970
597
286
902
628
252
421
954
686
201
926
109
386
133
96
550
755
778
910
198
92
970
975
138
900
408
362
11
168
218
358
906
870
519
334
746
959
498
846
215
1
90
8
708
649
194
205
395
689
108
131
801
972
502
741
332
382
715
251
635
912
297
991
224
451
602
885
996
388
385
381
972
717
509
447
741
350
210
372
255
742
282
405
859
921
851
623
292
330
833
417
495
48
816
371
831
960
568
881
405
886
542
162
607
992
481
577
513
841
982
67
257
213
694
978
810
752
988
100
236
938
784
678
395
538
543
679
362
330
23
318
937
396
489
344
103
21
737
238
310
379
34
882
293
568
51
28
925
752
402
961
917
265
525
695
428
473
770
97
182
882
345
48
52
723
470
685
146
515
432
100
832
57
199
935
742
347
70
702
583
590
523
927
610
483
946
704
440
663
56
627
43
105
322
555
348
667
846
862
240
124
188
271
452
913
156
778
608
278
429
233
343
510
131
705
926
791
586
245
165
958
275
638
937
919
299
920
415
168
326
452
197
846
210
184
66
712
431
528
855
808
326
386
540
292
726
909
844
884
901
634
740
234
594
418
230
930
578
752
623
427
496
420
525
631
184
210
437
100
369
855
630
208
45
8
805
388
317
740
844
220
77
125992.5
831
940
782
569
110
211
552
507
501
901
284
848
422
784
637
604
805
281
471
199
128
105
822
569
828
956
84
602
536
476
515
694
399
486
478
320
92
657
313
123
141
437
870
450
972
128
449
495
570
134
530
173
744
81
268
71
614
285
909
155
864
226
196
336
38
852
292
115
796
181
683
956
848
390
600
612
779
347
758
175
338
70
621
193
260
970
102
811
352
429
541
425
300
825
246
488
737
739
239
779
603
253
38
186
701
64
477
160
760
900
949
865
194
855
553
787
345
236
243
158
574
380
294
215
820
196
384
980
677
460
652
807
128
135
651
324
909
615
870
851
894
722
521
949
1
606
755
577
352
359
406
629
963
698
483
162
58
378
372
434
722
893
773
379
844
96
533
677
415
121
659
829
374
888
366
734
136
295
211
880
982
785
627
849
601
472
90
304
642
939
535
925
718
232
660
102
474
491
261
297
623
98
469
735
998
857
386
479
366
250
449
794
691
775
268
839
276
745
819
594
212
815
155
563
447
768
483
404
888
240
69
848
641
136
667
127
904
565
533
87
77
882
579
913
820
37
641
336
36
543
217
907
982
478
990
887
824
663
232
116
546
899
573
820
430
472
823
473
467
266
688
862
779
119
412
17
428
122
370
903
97
606
261
930
4
106
822
79
747
904
269
147
542
857
112
387
136
440
958
343
83
306
970
603
323
856
486
670
885
445
857
848
475
372
685
553
804
242
596
950
670
390
439
588
410
957
146
520
807
96
40
852
632
613
880
38
748
173
604
426
33
514
852
929
87
983
501
204
810
836
803
300
164
908
58
716
991
373
70
444
386
524
805
643
159
955
502
163
651
688
902
703
916
190
554
114
711
942
744
414
104
572
243
615
373
32
971
56
207
832
213
716
674
474
211
987
113
414
833
137
272
94
844
111
733
496
880
904
250
370
566
884
358
225
12
841
130
44
577
683
698
75
68
892
236
91
898
210
294
131
440
707
796
222
348
124
713
140
211
187
314
379
37
605
933
446
500
856
774
301
651
30
2
112
374
776
434
375
492
657
30
530
549
710
341
753
656
231
787
485
738
137
607
88
726
108
998
838
796
134
722
558
147
659
242
496
999
607
273
219
756
695
570
161
201
274
457
522
732
730
784
814
345
674
611
968
473
805
789
691
175
40
262
124
200
812
689
650
151
332
105
151
593
834
834
66
765
525
378
1000
616
924
465
969
420
692
541
71
762
613
447
190
602
53
631
878
797
985
675
991
402
569
433
241
903
94
129
418
616
705
459
948
617
506
860
201
583
300
631
98
399
397
668
21
390
249
868
424
41
700
194
255
542
609
373
261
103
665
731
969
773
214
996
346
382
650
251
204
421
717
977
790
27
311
694
226
58
873
334
101
327
371
512
306
780
186
765
958
176
334
37
923
143
353
287
20
88
945
197
186
959
874
74
646
554
816
392
119
850
295
235
317
941
956
859
468
333
642
941
927
259
699
844
576
260
625
799
460
665
392
578
471
449
829
94
287
235
327
380
587
800
524
63
412
776
183
606
545
922
745
641
377
402
237
296
73
483
700
298
907
565
173
68
121
588
96
175
175
665
2
995
462
538
472
581
480
18
706
974
681
625
773
576
788
417
280
684
471
660
440
726
69
334
695
153
11
648
794
236
970
881
774
450
431
139
217
909
870
389
124
195
869
142
604
272
917
177
774
313
90
104
532
397
335
222
531
262
691
34
898
757
388
561
721
19
568
528
836
568
274
100
415
275
700
525
272
50
354
386
728
150
853
567
389
759
54
941
706
847
47
873
576
696
194
245
704
165
740
5
687
821
160
250
211
544
757
944
156
392
561
974
127
479
168
279
482
101
502
468
380
470
329
248
599
810
455
233
10
893
658
916
212
565
152
247
70
767
760
313
196
963
635
768
555
870
586
623
982
788
3
415
561
546
945
78
214
733
775
418
895
995
780
225
936
441
87
193
606
279
86
288
525
577
490
568
170
889
724
696
744
888
917
490
510
481
764
285
631
922
262
59
835
604
346
288
960
603
380
638
553
638
379
519
135
539
580
930
855
882
920
809
729
659
693
315
247
206
788
751
734
581
570
294
751
1000
320
35
584
201
727
161
804
782
144
72
439
678
763
95
814
900
3
41
705
366
626
97
665
603
768
449
826
646
915
916
485
130
163
416
763
883
527
852
298
342
181
452
66
164
226
904
416
479
712
567
505
348
343
64
563
548
549
37
824
711
540
748
625
928
280
238
916
851
189
422
736
337
169
634
872
123914.5
74
24
435
336
174
885
254
449
983
116
874
152
919
235
299
350
695
680
576
803
296
827
507
436
586
84
612
303
536
527
839
387
102
518
649
777
865
370
965
911
585
576
331
586
897
894
531
425
3
963
748
783
600
928
752
932
338
739
503
750
504
710
898
654
800
227
50
870
584
794
19
74
522
596
583
337
808
676
448
885
30
852
195
823
771
82
661
250
113
661
231
587
667
138
927
604
272
168
368
248
813
809
770
856
381
837
254
792
184
34
597
45
685
226
574
252
442
666
940
806
875
551
569
758
139
807
551
94
328
441
970
200
365
788
510
745
315
477
830
91
539
194
292
12
184
458
882
450
77
556
625
347
580
395
359
846
974
617
43
516
157
95
380
575
489
997
493
249
626
890
386
116
488
36
817
339
77
798
149
185
333
304
1000
220
7
515
132
690
45
66
205
22
93
785
501
858
969
488
784
763
302
974
559
227
971
101
422
585
381
849
420
149
300
177
368
167
295
266
63
379
650
243
228
510
179
181
325
693
823
796
892
164
512
879
511
960
202
521
239
925
431
25
297
51
280
971
424
591
517
469
259
1
280
459
589
44
451
404
718
930
742
133
356
178
449
594
169
506
486
784
245
104
857
846
911
977
611
857
954
191
353
302
970
55
322
842
424
979
422
63
133
847
942
98
849
550
477
498
481
585
745
650
65
478
121
140
293
373
264
644
565
171
164
670
380
545
375
731
971
87
894
645
38
480
626
95
379
439
279
918
866
118
530
371
989
894
412
814
768
482
627
541
110
25
837
39
436
699
112
143
603
606
379
99
471
198
860
581
510
487
526
573
492
279
932
94
734
797
890
321
202
263
229
818
274
828
11
42
67
532
585
420
319
383
210
874
322
870
119
200
285
291
412
622
222
11
288
547
364
887
972
820
949
834
444
554
225
95
742
726
238
160
282
745
372
113
991
920
909
380
622
997
129
63
820
887
960
804
178
864
130
322
255
829
654
834
160
813
506
889
578
688
215
466
661
573
966
169
947
688
812
975
238
827
676
263
670
599
662
257
156
414
71
332
610
244
326
738
821
601
512
888
466
909
574
857
181
240
763
767
834
398
947
248
727
589
100
471
54
840
950
326
348
742
299
656
993
521
614
225
713
162
658
246
37
11
870
106
482
374
13
906
474
958
133
190
296
383
422
651
992
906
837
153
128
959
357
527
811
44
254
11
661
101
785
324
875
857
63
430
421
887
384
958
522
125
36
115
719
28
789
486
816
708
939
827
83
659
420
350
805
12
422
539
482
719
206
652
287
900
616
551
560
999
190
695
732
516
821
316
924
788
641
413
342
641
108
275
211
80
918
724
499
565
113
418
453
746
793
235
167
261
11
726
37
706
565
125
413
897
7
622
282
783
596
842
824
124
941
665
85
138
330
697
703
953
411
54
344
884
22
210
95
367
968
273
990
787
704
677
928
731
597
83
690
558
592
432
829
68
238
298
781
523
658
388
882
548
520
543
294
603
665
138
191
736
967
717
465
379
754
381
678
522
3
760
659
426
781
305
271
542
327
669
290
988
298
279
504
193
161
799
839
918
408
946
199
751
70
898
219
456
115
607
924
442
602
279
294
319
230
304
932
186
412
807
442
556
629
660
443
971
11
365
56
961
744
173
973
47
622
229
707
600
570
772
926
30
460
871
931
108
200
371
924
152
325
195
393
975
588
377
56
589
215
525
330
238
774
11
59
691
759
356
636
339
291
208
867
776
931
526
46
325
989
774
435
724
297
233
435
229
914
521
693
999
201
245
884
996
214
380
318
783
686
268
411
335
156
265
410
867
226
756
759
326
695
807
780
445
84
825
131
859
479
430
671
421
643
566
200
693
932
407
663
454
648
979
853
422
669
699
788
806
485
861
937
147
205
823
595
334
241
351
202
510
241
55
490
937
959
464
489
77
505
782
503
169
333
89
567
126
582
87
259
990
265
344
535
887
167
526
971
593
661
822
902
335
613
330
315
107
259
506
622
159
829
393
865
707
666
182
552
577
964
67
463
712
600
354
311
632
929
915
63
500
580
106
440
44
845
197
538
341
997
821
489
122
230
216
58
493
841
232
44
664
403
370
247
217
632
232
390
816
328
556
301
145
420
242
791
980
52
286
111
402
324
312
11
175
650
85
30
104
40
516
810
859
142
298
819
464
431
667
711
901
215
965
137
727
767
518
752
206
938
400
636
747
127
484
501
445
595
149
379
380
102
359
834
632
993
141
645
824
321
237
487
863
244
220
126757.0
159
933
357
605
91
204
700
621
353
904
45
775
913
783
231
726
846
393
676
165
172
95
427
622
914
981
778
748
864
427
101
555
158
555
101
255
366
533
159
109
823
335
738
467
819
61
593
520
348
95
863
199
843
108
890
155
107
334
750
163
286
260
429
289
181
747
651
63
405
154
42
938
151
473
101
707
185
292
214
214
441
226
21
196
195
980
471
793
176
416
792
449
802
863
75
316
822
788
975
687
483
288
584
149
79
260
233
205
526
999
560
947
223
699
657
756
350
348
989
287
900
497
962
212
759
210
900
808
973
568
110
729
338
200
335
246
231
589
668
871
397
783
332
932
252
631
947
611
289
528
647
695
587
667
530
123
600
373
711
506
487
972
960
370
74
30
668
670
567
118
970
815
863
886
700
677
143
226
12
762
183
739
26
839
298
505
129
339
867
921
655
938
498
116
844
189
49
531
284
273
983
101
530
746
460
861
516
356
313
154
446
774
190
797
868
861
934
752
510
605
460
741
966
573
549
755
669
271
713
128
950
893
455
217
17
95
529
428
294
168
289
905
564
985
40
46
830
364
141
589
849
968
330
626
99
932
790
546
289
99
102
940
204
791
440
485
989
451
343
163
921
888
478
244
965
9
948
203
970
846
325
782
446
949
539
258
491
20
517
972
968
84
380
904
522
496
52
486
832
340
404
261
961
433
568
919
496
534
22
313
547
815
906
405
373
421
288
270
427
994
727
301
489
471
280
941
455
652
856
59
830
908
223
587
583
154
330
150
210
498
277
486
477
902
556
917
286
360
92
843
813
330
418
976
379
842
74
358
718
527
895
399
10
664
290
852
332
193
809
723
697
680
578
97
300
206
779
930
314
515
36
569
5
590
53
202
26
164
807
712
842
696
128
298
204
963
20
519
73
24
376
257
600
77
877
516
11
970
586
188
826
931
858
303
431
929
892
158
933
555
862
36
778
895
442
47
724
165
481
162
667
746
110
178
952
85
495
92
523
39
328
284
378
602
12
441
127
797
990
328
21
114
533
152
804
651
55
327
22
655
507
508
695
667
961
695
595
328
94
472
146
170
624
84
599
81
262
711
972
206
773
668
857
795
209
508
906
443
643
200
493
651
601
330
132
428
775
405
564
802
589
908
501
668
226
999
919
955
527
689
552
155
785
84
747
711
461
583
489
363
874
173
577
761
410
65
472
453
273
977
539
998
498
992
878
675
818
157
384
530
738
63
57
111
69
947
614
821
533
884
300
553
873
258
887
230
736
260
908
694
564
997
157
442
272
206
911
422
510
142
992
522
335
36
253
206
556
388
673
723
152
113
333
649
291
433
207
662
497
879
216
226
867
528
995
547
383
179
808
741
337
780
54
265
549
370
143
860
302
175
898
437
905
232
933
185
696
897
287
422
335
961
273
395
823
74
726
847
892
187
498
744
349
691
109
653
495
251
898
248
132
213
265
985
789
464
845
652
909
901
107
659
666
541
463
527
263
414
442
408
446
496
984
818
707
285
983
291
578
587
273
544
421
382
493
246
55
575
455
722
575
386
676
381
248
82
732
720
913
870
192
129
773
31
910
149
149
345
788
178
831
589
843
441
391
591
996
720
637
781
531
672
100
731
58
94
669
443
691
414
854
1
636
616
628
60
373
802
757
909
418
690
908
311
595
175
626
877
610
168
185
894
617
610
521
926
946
811
475
17
715
605
204
332
425
470
626
838
102
898
361
289
443
725
677
715
21
820
191
187
546
399
869
584
632
147
638
191
426
762
99
776
429
424
172
85
39
747
254
11
94
625
871
141
81
802
916
656
873
671
232
178
173
218
345
685
839
144
805
470
115
136
669
88
684
598
70
660
171
525
414
310
116
583
94
535
223
66
105
622
967
310
833
206
565
163
423
869
585
250
190
607
499
663
88
578
6
948
451
136
188
450
52
974
687
195
178
850
587
934
195
793
578
855
545
22
686
636
379
202
643
426
174
417
502
229
603
663
929
646
137
830
36
495
223
834
831
674
395
347
775
819
387
439
298
872
200
354
670
647
92
380
890
85
338
443
898
937
608
970
401
772
734
657
810
88
986
789
245
684
729
453
865
866
551
422
750
580
908
700
695
832
658
263
478
515
343
935
926
819
270
22
764
714
105
514
448
606
379
890
820
950
390
852
996
515
858
126
508
675
563
512
415
264
665
112
657
67
797
227
642
448
79
889
811
558
265
323
822
425
432
458
190
948
352
605
508
694
822
299
672
851
995
147
527
724
844
156
534
871
130113.0
359
163
990
462
411
862
530
360
669
129
652
177
243
312
961
343
843
536
680
793
177
960
793
456
557
53
345
178
18
524
613
502
337
413
139
769
746
524
930
987
629
583
265
543
527
958
642
523
138
941
848
788
551
823
771
923
515
761
342
926
838
839
756
800
827
158
568
841
500
806
775
25
793
473
436
390
439
608
592
870
968
750
46
746
707
34
671
207
282
586
595
546
764
225
591
695
801
117
60
324
80
677
991
934
497
782
538
721
423
38
667
9
542
307
171
267
485
676
710
781
663
581
506
865
927
721
328
279
551
521
542
260
927
751
532
827
177
381
352
109
794
123
938
25
949
337
184
374
558
500
125
244
377
417
943
820
313
674
757
566
198
56
949
630
573
999
764
358
459
936
834
98
85
174
125
314
210
686
723
150
158
184
70
192
226
546
111
582
690
85
687
68
29
808
145
785
588
561
341
820
639
805
779
276
603
48
591
728
950
835
665
278
457
280
482
90
739
230
664
427
297
252
385
336
29
173
249
630
65
834
601
84
710
853
166
816
166
514
904
759
205
34
833
70
166
924
838
624
510
391
259
116
728
355
832
46
255
452
289
857
827
67
504
111
757
486
659
605
180
787
897
72
644
814
790
938
969
861
348
156
403
168
985
47
267
788
229
957
932
12
631
870
911
83
265
531
776
416
688
599
859
772
900
660
659
42
885
475
821
762
619
208
563
627
7
579
527
800
319
46
154
633
153
477
881
118
561
316
758
994
555
71
233
387
838
796
564
769
872
551
203
425
169
96
192
39
984
670
639
173
605
734
833
78
926
159
234
727
432
550
433
641
647
311
904
173
841
894
625
195
889
232
753
994
120
831
42
37
576
555
478
504
637
459
297
878
705
754
719
261
628
368
664
735
735
6
820
416
786
994
726
835
89
861
352
526
655
65
688
795
336
91
619
621
11
42
315
855
775
521
332
920
456
78
373
957
856
899
326
756
826
296
444
818
608
868
254
917
265
939
505
706
844
359
347
587
140
183
847
652
707
836
363
815
836
251
946
679
217
405
549
440
741
428
304
315
510
642
136
439
829
858
7
960
97
834
372
326
607
850
847
334
944
123
615
548
869
476
896
869
522
438
569
718
942
556
150
603
539
247
634
69
879
431
753
48
865
89
104
261
555
827
565
820
730
191
873
328
72
556
694
837
271
262
158
962
290
571
548
91
560
76
34
57
180
281
149
820
820
435
408
872
287
974
490
23
526
164
550
80
476
494
394
842
508
860
3
699
505
326
648
60
396
475
394
736
767
534
272
785
283
576
952
912
795
820
788
544
42
303
456
861
82
339
733
490
367
324
588
77
209
791
259
417
367
437
814
745
785
200
60
277
773
688
26
564
351
131
232
901
826
662
715
802
556
766
318
70
809
650
868
63
782
637
688
882
149
209
213
889
955
302
675
298
682
440
348
657
436
751
648
687
180
8
582
584
793
400
660
135
640
257
279
374
497
403
736
682
247
568
605
467
123
137
846
786
225
667
137
440
639
449
808
601
16
796
762
403
41
333
737
711
43
636
229
957
346
187
470
171
292
864
524
974
386
938
167
718
352
922
623
423
225
552
849
465
97
291
349
217
266
381
908
296
185
982
956
466
177
610
349
930
865
401
164
863
283
277
539
167
437
269
888
721
56
742
576
132
834
921
853
20
730
349
958
62
11
197
567
931
431
449
640
706
640
612
488
168
764
143
872
791
737
358
634
314
906
240
835
742
199
602
680
361
151
814
523
887
733
297
900
172
476
674
719
912
449
280
160
946
939
376
576
910
649
227
862
375
602
284
704
851
470
714
949
370
911
841
546
479
491
926
145
954
18
335
898
358
652
534
518
728
259
404
977
374
151
910
846
422
89
789
479
834
148
796
186
189
639
796
856
356
252
355
679
481
281
28
777
916
790
640
632
73
448
887
807
200
558
113
731
199
301
54
655
978
185
296
822
879
727
520
979
660
320
718
973
321
50
274
254
265
98
495
755
250
630
417
10
752
856
227
917
658
751
83
165
720
781
419
921
719
456
824
248
593
693
79
285
122
975
294
206
341
789
838
950
220
123
319
122
460
963
61
6
497
137
438
422
356
263
121
308
805
196
388
587
58
37
266
28
882
342
187
199
432
9
383
370
163
839
42
696
160
196
432
134
796
148
275
731
477
170
672
800
921
685
947
226
849
252
636
712
34
551
386
753
772
112
663
571
442
283
44
907
342
790
208
946
654
519
91
181
797
142
257
97
770
567
86
129998.5
24
879
702
502
224
102
701
670
63
840
304
840
758
594
517
673
305
465
918
135
160
91
323
460
399
973
734
777
661
539
403
456
804
649
591
164
17
558
240
105
698
412
118
509
414
96
897
428
431
124
764
247
910
133
171
26
164
274
232
98
526
78
976
100
660
802
536
74
305
257
188
982
369
431
705
653
887
389
667
153
298
340
78
333
681
927
144
847
383
398
69
498
123
862
249
404
539
936
638
588
571
309
432
159
182
130
279
219
262
996
570
906
730
697
511
822
264
335
273
131
945
331
355
109
453
379
213
761
48
561
272
800
742
270
700
134
399
583
881
823
146
789
62
945
842
697
791
702
951
511
681
795
53
516
942
147
662
426
847
379
247
955
372
398
979
6
671
694
493
43
700
918
534
731
876
708
530
359
908
832
458
859
579
792
466
524
369
318
894
825
93
845
765
203
21
256
340
537
881
90
794
158
945
661
87
920
355
202
772
165
987
641
699
640
361
821
748
700
908
510
301
729
459
659
345
921
265
270
100
148
895
892
425
83
211
104
354
511
330
154
984
940
329
896
704
28
959
329
163
695
442
929
773
583
233
904
573
618
492
205
178
881
936
961
629
596
488
302
823
251
73
860
204
271
37
130
858
206
203
877
522
768
957
919
119
240
262
113
843
891
521
193
215
851
989
465
360
486
773
395
715
189
83
270
7
971
845
562
509
312
884
820
566
364
515
455
676
167
453
927
482
415
686
458
787
933
510
595
186
58
314
938
42
648
920
192
399
289
191
498
394
656
982
832
571
972
501
359
913
739
176
290
554
874
464
875
829
360
843
362
662
426
774
729
928
900
177
113
678
876
325
844
737
55
973
168
733
957
425
372
116
498
113
623
425
74
244
295
597
671
707
609
999
180
262
908
641
500
7
6
640
78
960
217
724
427
609
935
212
171
109
843
412
369
965
998
972
150
264
490
641
29
309
973
853
98
894
190
443
160
86
779
54
92
778
152
182
93
607
88
81
391
867
568
799
356
867
745
947
443
470
152
712
141
630
764
678
363
279
560
547
630
872
503
180
703
246
375
705
600
597
153
252
55
146
167
589
739
45
166
905
717
8
876
718
445
754
602
301
140
951
659
323
300
735
523
889
429
67
741
280
891
578
530
994
892
107
949
792
793
873
227
756
91
212
868
524
603
344
508
468
206
977
641
717
8
318
396
244
821
894
974
818
993
844
781
624
97
144
610
196
149
470
3
379
934
607
808
848
822
780
450
287
163
929
74
570
331
600
658
217
976
282
553
472
283
603
515
666
248
524
428
579
46
870
245
111
479
668
649
861
204
659
708
814
501
193
770
486
882
601
254
527
514
1000
655
366
195
17
768
53
806
182
389
16
526
4
889
521
27
459
319
22
212
228
283
840
857
281
298
499
887
673
320
241
184
849
822
581
176
994
599
983
746
957
634
342
303
851
255
548
402
456
969
231
514
386
617
32
959
189
746
640
527
713
604
611
353
304
337
728
587
639
789
671
233
293
397
549
491
462
462
280
456
535
169
833
649
953
698
243
194
774
336
557
143
311
894
475
835
669
135
749
100
909
11
568
305
939
147
464
607
129
523
563
481
676
788
882
737
134
576
288
791
817
114
926
515
834
326
8
61
616
688
667
115
199
802
437
810
293
828
814
239
977
294
218
898
934
63
186
973
248
637
336
952
926
737
165
27
672
456
57
224
235
485
608
839
194
802
568
295
198
549
660
624
89
700
79
316
509
484
984
550
723
284
988
123
158
690
939
875
407
267
117
175
483
734
30
15
888
584
62
140
581
797
34
632
639
786
845
93
127
306
865
648
284
136
198
540
594
101
665
29
776
758
710
703
241
531
436
291
891
607
532
703
624
128
574
551
688
141
518
216
925
245
196
760
848
214
138
703
307
688
961
479
414
930
545
10
46
435
344
827
739
55
785
891
880
935
474
892
782
853
695
16
191
803
787
133
456
563
730
438
550
357
873
696
654
681
174
779
367
542
402
786
896
619
541
219
335
728
910
391
369
943
747
360
216
636
802
206
50
227
943
403
719
885
927
913
811
646
743
704
400
242
234
719
760
645
359
468
882
962
135
490
407
605
515
642
617
793
876
126
774
660
356
928
99
789
81
134
911
863
451
622
899
573
984
752
988
995
223
769
514
646
881
202
587
799
486
564
474
385
360
114
941
40
667
86
53
270
786
961
60
532
547
190
751
268
661
470
639
870
194
563
465
886
82
322
103
842
236
136
392
712
641
299
254
900
129474.5
675
72
580
501
406
902
208
333
682
250
555
108
77
444
836
306
509
628
310
824
391
899
111
544
165
69
315
321
165
476
549
562
46
366
139
789
389
476
794
955
668
513
765
541
290
892
952
632
833
795
520
729
59
808
344
991
827
677
499
811
349
957
790
896
572
231
181
863
153
682
26
38
244
499
381
397
27
652
505
900
390
659
390
696
285
152
765
143
87
522
959
413
147
77
815
644
805
110
156
437
674
650
555
867
995
898
993
725
143
24
752
40
598
344
139
276
20
588
348
831
903
662
106
927
114
718
169
195
378
412
655
238
329
712
493
932
752
497
462
261
328
287
627
128
764
303
451
269
968
438
256
136
332
581
635
873
433
599
859
611
636
17
444
696
401
948
432
218
771
952
958
69
915
356
135
222
468
568
177
79
532
74
1000
192
87
432
165
724
943
239
444
231
284
734
583
669
142
549
276
866
443
889
353
336
77
77
51
816
464
829
17
311
330
455
657
114
291
220
443
576
607
192
653
417
894
38
477
786
433
934
494
93
768
970
942
803
71
572
680
811
724
97
260
138
642
940
504
694
592
258
554
40
157
399
111
192
967
480
804
744
916
63
879
74
701
374
981
611
162
787
433
60
118
812
917
774
816
764
1
170
770
170
735
86
97
785
57
838
858
34
317
790
356
125
919
586
941
610
946
657
255
763
46
764
192
81
727
353
279
655
636
231
497
724
702
446
19
768
136
2
973
608
477
592
816
150
191
390
61
884
664
2
574
267
254
804
744
725
839
534
847
256
882
220
457
5
568
594
278
299
499
806
601
62
285
59
821
649
239
655
855
674
488
291
62
73
154
974
360
33
979
130
350
948
866
738
875
5
186
680
842
510
150
405
430
985
608
742
976
315
558
455
314
798
906
54
550
423
529
913
876
926
902
823
537
662
484
114
914
826
387
91
585
563
840
40
418
889
510
544
596
910
871
44
465
832
745
908
552
782
3
224
199
954
954
924
38
947
269
923
298
620
781
487
303
688
422
280
607
514
432
915
125
841
853
262
688
604
42
354
964
427
664
567
179
379
551
567
635
351
676
808
203
883
995
917
500
307
923
879
306
345
932
49
965
588
869
326
22
846
904
268
767
640
597
406
14
554
503
206
436
69
50
373
647
180
570
131
257
257
265
719
973
976
608
146
527
429
978
450
763
870
158
453
521
963
685
528
543
220
804
48
683
50
437
226
920
951
504
357
89
927
868
902
193
125
516
101
637
203
330
570
804
825
725
932
678
718
496
249
864
49
975
423
862
686
545
459
995
823
714
656
220
937
976
827
309
441
13
343
262
701
714
291
276
499
300
227
124
42
588
781
946
456
643
309
312
800
649
144
406
131
283
623
788
477
793
113
82
970
143
629
62
800
71
718
91
74
925
614
679
207
450
731
285
858
732
120
637
893
35
343
566
188
556
270
229
713
847
770
798
660
630
11
825
429
892
425
680
92
302
295
610
553
443
369
562
696
652
603
186
446
980
123
357
823
143
623
338
421
647
457
945
552
54
746
400
302
843
273
424
752
578
641
825
838
492
97
527
160
325
835
267
897
632
960
958
778
952
840
958
327
857
448
466
606
268
239
15
298
607
494
827
250
347
899
895
416
968
632
258
947
261
387
779
938
768
236
174
270
279
189
254
762
585
762
874
123
213
929
206
32
689
319
49
144
183
269
546
979
275
447
859
781
827
570
54
187
715
221
377
780
771
452
101
293
108
321
898
714
253
562
52
449
180
677
521
838
716
290
990
148
180
754
383
844
940
357
680
903
866
337
574
818
364
167
426
432
234
243
383
886
63
721
438
297
606
914
707
434
349
803
741
935
179
148
603
201
714
390
571
624
191
412
303
286
738
876
144
512
564
958
276
734
376
779
717
169
29
719
584
337
157
365
170
597
431
132
936
903
429
638
124
168
570
881
647
152
851
111
989
46
1000
177
196
892
612
171
371
820
358
374
694
542
370
684
576
334
105
268
519
148
378
385
917
247
403
328
219
831
309
209
981
534
433
9
908
623
254
353
913
792
380
746
278
546
396
106
908
50
188
336
243
215
954
780
807
344
551
411
325
537
615
78
294
573
482
483
607
395
454
131
521
825
951
358
275
160
870
267
651
907
489
223
864
325
766
406
430
199
491
86
631
259
275
358
608
825
687
155
312
410
798
528
938
876
337
931
888
844
855
813
659
67
843
460
135
774
805
718
138
489
936
146
514
411
967
210
305
669
738
173
965
865
584
281
176
798
868
192
126106.5
384
911
384
522
359
116
191
740
904
661
575
956
878
532
366
735
341
392
216
170
969
193
414
356
815
984
976
666
822
586
800
460
472
732
124
254
457
470
320
124
341
530
115
553
294
160
340
295
394
141
346
214
97
202
939
42
684
343
773
112
649
122
615
102
367
715
647
189
937
227
285
999
490
481
376
680
429
340
421
111
356
318
898
263
866
765
742
773
365
548
944
510
903
871
375
394
572
967
190
652
621
442
970
195
857
152
718
356
359
991
480
874
338
726
40
667
466
471
226
83
641
344
965
18
598
328
921
820
789
612
479
721
595
259
835
100
909
407
37
723
496
624
232
830
83
713
532
671
343
513
758
819
986
455
750
89
246
416
73
321
358
923
165
287
903
96
428
688
685
65
575
1000
460
713
112
811
880
474
894
837
5
963
379
907
283
655
567
190
753
748
582
700
192
310
542
315
490
509
90
73
447
41
596
606
915
944
479
216
576
115
319
765
559
520
403
938
244
843
351
464
836
740
195
604
12
960
882
194
474
107
618
939
654
57
47
136
576
451
646
232
433
846
268
916
843
43
290
349
358
693
648
948
163
671
505
785
518
432
507
252
311
946
240
927
890
659
585
468
936
268
638
901
647
119
196
290
910
331
537
872
650
764
869
911
424
179
564
227
858
901
300
228
108
781
630
431
822
423
987
307
386
183
466
269
351
835
779
565
635
433
116
739
805
361
196
654
840
209
864
909
120
452
661
367
37
929
255
521
364
102
502
971
889
749
770
98
607
295
960
500
748
756
871
878
47
943
937
506
15
730
770
102
309
860
975
853
819
332
479
372
820
383
704
661
853
913
71
44
945
936
145
833
905
21
820
224
112
992
123
242
743
449
204
606
187
52
124
357
986
689
367
616
815
185
899
889
190
630
246
101
890
87
718
214
589
341
298
796
240
200
932
910
877
380
248
893
937
18
231
410
230
109
243
959
815
232
795
164
180
273
332
845
987
117
73
39
897
37
553
70
837
326
552
514
160
267
76
746
191
399
810
169
461
132
171
690
913
474
543
735
579
516
661
372
407
716
227
511
589
702
204
166
22
146
635
155
283
637
708
196
61
744
912
864
421
422
825
772
833
119
420
825
634
335
223
585
221
545
252
890
739
897
978
658
434
898
159
839
214
722
751
217
905
40
288
899
270
657
962
647
525
102
286
555
983
66
949
524
30
723
102
931
375
992
365
691
506
16
261
722
638
104
798
14
284
887
545
904
25
751
509
343
909
233
88
25
561
353
156
703
748
958
103
628
196
323
976
504
32
215
994
292
550
137
814
101
12
465
491
662
597
270
350
748
598
524
980
680
862
987
946
124
390
571
118
607
197
144
491
900
36
813
19
382
612
480
849
830
669
8
799
354
810
227
616
281
618
863
281
422
141
838
625
193
398
111
715
891
600
181
973
588
164
803
155
829
747
385
231
259
462
253
273
893
610
630
297
672
766
913
638
726
97
364
706
549
884
309
874
336
113
591
804
873
121
252
589
320
778
611
205
444
790
419
725
217
932
747
746
746
355
314
879
276
157
178
204
915
302
908
314
261
682
55
54
35
720
234
10
237
465
650
208
647
837
400
941
715
674
635
761
491
639
728
457
130
935
596
954
360
19
45
727
616
549
144
425
795
621
735
212
750
834
233
375
238
456
874
27
40
145
928
322
644
416
916
196
653
258
15
918
597
253
270
965
359
434
807
483
739
138
154
82
615
516
660
76
618
150
386
320
458
346
485
276
300
364
204
742
623
153
831
985
262
595
119
510
734
316
86
364
637
120
119
15
782
292
472
78
753
648
160
309
371
391
661
88
4
550
486
247
143
829
159
736
803
656
845
716
702
191
408
811
670
312
656
224
166
779
551
526
65
350
282
485
200
432
786
683
296
841
663
716
610
312
367
376
947
863
40
754
286
652
925
719
23
635
877
778
883
233
967
899
919
947
44
354
743
442
239
405
627
348
553
589
247
45
740
258
659
358
889
320
548
915
790
298
753
349
184
457
877
83
557
584
904
728
423
501
585
390
293
640
192
419
398
87
944
265
981
899
737
832
704
154
250
434
683
544
503
917
407
812
939
673
369
544
459
251
642
442
963
26
245
521
594
604
815
111
767
545
14
558
776
675
677
514
692
830
843
183
846
240
815
67
740
751
194
153
811
162
510
560
503
487
101
543
79
285
172
91
121
68
1000
860
619
722
189
295
327
158
416
411
819
902
686
897
742
826
281
849
829
527
200
819
761
76
206
348
908
121891.0
545
45
372
473
542
927
645
322
583
297
298
52
376
381
284
293
622
691
739
755
249
763
663
564
936
51
739
348
95
391
425
502
261
329
131
700
461
500
4
939
261
462
103
492
36
889
832
702
701
843
988
861
439
745
955
989
562
598
782
939
488
973
69
911
281
306
369
814
322
755
110
32
684
588
200
362
6
566
899
916
142
583
528
800
958
143
59
274
567
360
94
528
992
178
861
556
525
48
16
439
947
554
478
858
403
929
157
738
576
81
975
140
448
345
878
329
417
553
165
846
17
654
263
990
332
584
806
213
665
468
516
193
709
646
802
979
464
661
105
357
3
363
130
140
858
333
694
278
561
530
704
121
188
502
334
960
734
666
686
645
364
109
980
784
481
967
551
332
633
836
665
9
44
318
834
224
15
544
350
219
426
129
745
104
858
390
555
782
469
349
965
241
44
677
951
763
225
553
776
850
318
932
300
468
341
52
218
848
209
938
376
162
111
488
711
72
466
135
586
473
877
206
796
352
732
60
740
848
736
951
343
42
526
844
484
826
679
611
906
844
583
105
32
87
682
911
41
742
807
357
30
2
510
277
554
123
820
661
321
794
309
63
913
7
445
292
574
588
938
713
725
94
927
970
988
652
144
637
838
134
136
302
879
134
652
877
496
858
537
175
414
812
671
168
292
593
302
662
584
611
148
720
660
688
100
101
539
427
275
546
601
208
655
582
846
315
413
712
264
82
766
515
94
553
219
68
429
404
502
951
418
48
768
312
751
882
471
721
336
536
88
157
239
59
188
80
568
465
647
229
89
921
471
81
809
118
210
633
116
597
563
575
374
321
908
142
212
927
79
101
832
204
437
894
740
727
216
45
762
722
426
626
311
447
830
935
589
706
119
299
372
351
374
748
149
160
250
301
263
875
311
865
217
871
121
674
257
214
778
852
977
53
584
598
18
13
138
983
499
659
190
911
632
75
226
755
264
792
391
758
715
159
665
946
961
1000
45
885
176
890
336
685
843
549
489
702
369
295
311
606
374
931
832
849
952
234
967
483
893
165
748
405
281
573
720
305
227
395
447
267
862
769
615
899
529
923
799
386
720
792
79
315
290
66
436
556
942
292
531
858
99
240
238
681
930
416
800
525
352
108
543
121
372
308
164
119
209
94
460
218
252
878
926
924
580
118
432
267
497
362
668
969
456
421
106
908
203
409
153
203
702
140
346
107
219
339
154
942
324
220
502
950
718
942
429
146
465
8
404
284
43
724
24
707
455
942
237
663
608
246
607
116
114
274
391
711
427
561
266
789
379
620
248
882
34
816
67
503
212
327
106
724
687
239
968
455
908
234
681
45
103
927
658
365
409
403
411
888
982
48
804
112
712
560
128
537
509
172
987
958
292
676
61
721
552
675
530
79
627
491
234
199
286
729
997
913
882
133
479
773
880
445
192
235
13
244
294
652
353
818
226
710
464
185
482
415
949
371
928
97
137
290
863
646
529
442
614
699
137
575
282
474
331
176
354
789
765
638
271
447
485
571
800
642
117
714
892
209
505
199
123
713
360
788
357
854
852
16
960
13
774
831
232
898
642
986
932
812
357
798
119
279
473
443
597
644
374
329
411
399
802
526
464
331
22
861
395
384
378
699
294
927
915
324
155
943
901
172
82
311
310
291
919
743
931
835
634
102
816
959
923
23
623
328
156
151
980
273
478
915
64
341
214
789
493
628
652
258
255
287
630
925
995
419
117
256
588
444
737
656
363
531
987
516
318
710
231
846
957
471
260
206
257
703
740
896
865
210
716
905
943
298
618
949
260
285
417
510
848
169
13
914
261
664
841
363
899
908
229
569
123
951
202
883
264
183
431
189
283
249
90
554
561
238
640
246
732
776
430
480
236
909
440
629
423
762
736
262
513
751
479
333
917
480
621
639
465
141
687
945
562
719
939
18
825
982
350
50
947
22
776
4
296
35
64
948
936
350
482
749
480
359
893
486
90
729
784
329
307
242
920
147
330
500
344
299
940
265
37
892
458
140
6
470
292
130
574
491
18
506
254
752
904
719
167
545
485
85
753
69
682
236
104
279
706
757
285
227
727
463
693
693
24
59
342
678
636
459
245
328
159
107
900
708
518
441
624
200
994
173
718
952
751
323
129
415
24
387
604
90
598
89
293
178
73
273
463
885
557
182
493
571
625
566
174
834
961
892
505
740
22
975
191
44
98
339
786
747
729
588
380
529
803
276
309
243
849
318
977
746
244
264
525
723
495
196
712
841
802
158
