500
12
127323.0
178
442
436
319
662
624
634
108
653
786
494
435
334
222
66
205
82
47
896
809
27
129
488
330
591
608
688
332
882
872
331
705
609
226
48
796
495
327
929
61
426
388
227
825
217
980
194
838
134
326
117
597
617
625
138
490
819
642
698
394
553
415
519
812
302
600
613
619
570
732
831
687
506
915
625
5
271
256
803
166
644
193
462
878
498
571
658
245
73
310
720
198
464
785
366
99
846
901
8
932
835
839
768
645
410
215
640
953
905
320
916
974
181
309
595
107
278
369
961
542
389
682
700
353
558
784
850
110
39
117
769
863
834
699
684
979
690
543
304
48
267
933
80
148
68
392
929
856
214
865
449
712
918
964
891
751
368
106
702
118
940
803
332
613
231
363
715
616
713
922
965
851
64
858
444
305
891
657
881
153
468
482
189
601
582
792
849
472
403
731
240
553
380
694
954
152
214
773
678
798
811
158
31
16
91
953
205
401
715
743
667
439
740
153
194
765
809
89
141
639
212
82
719
222
379
238
405
243
98
370
92
48
215
452
547
895
788
248
651
141
511
17
52
281
171
465
435
411
930
759
820
714
758
312
795
3
997
665
831
568
487
394
634
974
241
645
54
94
97
46
294
345
761
530
799
767
464
15
434
860
545
514
934
705
727
776
843
413
61
844
894
493
650
575
995
853
738
490
314
568
413
294
695
565
978
921
538
931
918
290
533
434
80
985
28
810
421
552
69
98
656
506
688
172
63
118
865
571
336
83
651
911
696
363
939
543
296
429
799
750
11
169
930
494
504
968
670
664
506
88
716
887
100
362
530
66
568
634
608
827
323
16
383
649
716
545
496
634
665
112
855
711
412
663
616
607
395
476
284
551
656
278
940
308
251
392
394
419
323
255
667
544
229
479
828
367
446
106
161
783
974
122
114
597
486
663
130
811
139
770
247
810
49
847
385
418
812
377
477
120
397
684
588
222
543
556
548
434
381
341
81
241
24
415
194
241
554
318
92
325
764
273
196
390
654
919
507
214
766
614
138
339
41
60
443
923
280
837
27
679
44
52
664
365
669
330
683
613
62
376
137
589
541
661
359
589
855
308
654
85
33
546
363
636
158
650
920
631
673
418
67
969
255
601
588
770
70
415
159
970
912
796
246
42
394
481
255
270
422
794
277
857
777
566
247
851
682
947
364
643
922
654
505
912
29
478
139
372
685
370
15
572
856
230
774
582
979
196
546
419
65
918
142
96
359
98
235
974
194
192
374
983
187
763
950
723
792
978
620
223
346
691
837
910
813
10
601
466
320
313
878
76
481
52
862
212
403
626
976
735
952
402
174
678
668
25
449
182
145
595
695
500
576
432
243
84
14
686
823
470
775
992
73
940
172
9
403
400
387
176
971
943
182
648
15
895
662
227
218
998
281
163
752
244
696
63
463
963
904
127
92
728
20
167
498
941
305
873
951
204
894
277
402
513
319
649
391
700
514
619
873
822
873
636
657
703
489
566
483
893
869
919
630
935
698
275
373
117
370
971
884
352
757
978
732
384
248
813
412
925
727
54
691
751
51
4
272
436
347
384
998
739
879
681
651
540
50
725
473
147
852
182
739
129
734
945
747
877
105
765
480
817
405
308
684
843
276
228
32
399
674
821
981
304
850
505
29
372
790
142
551
126
214
134
766
597
44
721
161
504
853
577
191
453
447
314
16
338
609
762
632
249
70
845
953
175
659
887
770
362
534
547
20
930
142
565
326
383
484
992
1
740
862
362
335
254
644
577
137
591
693
620
403
253
653
740
809
498
472
485
822
392
795
977
555
741
28
676
932
561
510
691
753
581
505
250
715
114
726
190
248
561
360
443
769
158
188
522
177
569
722
303
482
27
581
502
985
702
186
911
671
687
981
342
581
448
776
697
433
747
289
443
140
998
229
260
872
248
826
916
630
230
103
391
994
118
619
484
684
146
944
520
639
252
256
718
407
563
114
766
332
952
33
469
538
17
299
95
278
342
149
213
920
635
106
964
523
289
414
496
929
925
201
397
996
867
149
959
496
219
402
2
901
706
890
730
626
480
351
438
395
560
735
268
628
45
724
677
638
97
373
400
178
643
529
257
878
673
117
42
260
832
40
628
920
730
273
385
923
656
475
422
872
820
978
853
458
441
531
151
883
721
482
269
837
840
933
383
525
870
646
420
436
159
278
617
898
614
764
265
688
107
786
794
737
239
674
369
173
274
833
692
318
973
588
121
984
721
804
898
898
323
859
329
588
733
312
805
808
377
129960.0
343
349
531
238
413
563
920
74
934
833
571
451
818
303
925
136
108
55
397
753
132
49
144
248
919
552
841
419
795
841
873
687
15
241
900
780
390
310
959
106
574
304
73
726
432
917
876
853
930
372
913
588
561
613
111
583
237
685
853
491
480
367
50
863
891
549
408
674
409
738
971
625
987
932
796
55
239
192
816
196
4
224
727
960
897
586
951
272
268
289
136
184
760
713
936
152
140
932
669
916
829
768
710
651
564
124
947
915
528
224
515
966
836
323
660
28
469
292
156
525
712
604
34
372
241
809
284
107
985
202
972
949
240
626
903
993
289
572
203
145
643
969
335
100
149
461
904
856
175
803
681
803
829
878
871
657
334
66
965
190
566
858
451
699
698
307
749
520
236
888
454
945
451
908
397
213
549
570
779
136
334
490
158
683
433
884
860
533
311
669
503
605
583
745
704
235
715
761
908
828
869
237
419
57
795
961
368
306
872
746
234
517
32
137
356
668
652
75
575
634
4
8
596
259
404
189
945
185
756
419
33
38
289
517
257
987
983
296
237
140
306
40
635
364
117
528
185
476
209
856
849
645
284
306
57
94
819
589
905
578
970
471
407
943
963
653
562
87
348
51
439
294
470
458
864
794
530
47
393
921
600
536
31
727
809
713
693
513
327
913
512
520
844
675
111
778
667
428
393
582
996
377
526
477
62
828
406
958
562
345
988
526
172
892
357
739
924
564
1
82
340
489
138
97
780
55
631
638
429
48
462
914
641
345
293
597
949
508
766
686
760
185
65
483
264
936
861
578
416
6
797
867
536
309
199
110
857
549
298
757
139
64
605
682
892
640
82
568
834
129
20
801
824
597
697
638
553
450
229
608
70
219
620
227
763
338
748
492
724
235
69
492
643
447
257
337
224
154
143
760
438
55
376
612
237
706
744
866
54
747
981
743
295
781
433
455
181
414
191
31
190
681
346
284
262
559
676
491
697
367
335
312
167
322
174
301
944
244
790
347
373
318
295
320
865
992
648
278
103
528
492
265
923
120
288
887
437
892
835
689
531
76
224
295
710
406
881
539
38
426
499
527
820
666
680
653
784
313
363
37
606
550
655
623
726
603
875
561
317
348
839
969
817
656
507
744
242
446
419
922
372
834
574
124
95
440
307
292
253
726
263
946
525
631
1000
908
476
945
203
648
320
560
974
822
233
475
256
460
459
420
882
502
889
183
475
627
569
226
196
407
759
972
452
151
544
109
607
886
840
106
676
883
526
758
317
813
998
900
397
129
790
741
212
821
754
49
127
407
991
403
469
127
713
123
589
232
413
672
86
833
391
396
580
738
573
95
981
281
173
510
698
494
583
512
519
125
694
648
953
462
382
933
778
905
120
67
136
419
672
158
423
911
619
685
33
990
732
256
525
998
997
202
421
280
303
54
415
902
946
201
121
795
752
187
272
919
938
945
675
212
490
353
446
520
214
700
872
729
848
542
66
783
617
544
622
733
782
657
954
913
813
871
53
893
131
359
722
86
265
959
801
320
10
900
666
393
806
714
650
827
801
120
640
788
992
5
286
515
615
316
400
746
729
664
629
618
642
768
316
202
574
238
65
141
229
939
575
957
215
773
155
804
629
242
516
887
188
144
639
335
684
764
687
219
887
526
510
470
224
124
361
79
40
191
948
566
740
727
852
511
394
572
181
359
980
369
76
292
697
759
593
315
591
852
399
138
673
799
463
285
505
594
188
832
602
642
90
397
12
954
689
808
468
439
426
201
580
592
385
612
817
634
367
249
508
828
164
547
989
529
383
327
365
993
896
770
161
670
877
507
984
645
251
549
553
343
558
190
670
197
231
536
220
506
525
241
96
541
480
564
365
258
284
39
709
521
998
673
191
891
903
734
304
326
992
494
247
761
21
655
718
476
615
906
209
317
31
270
72
977
545
194
28
429
899
65
428
479
863
110
660
583
185
243
831
627
908
499
643
726
931
928
912
568
413
62
474
124
953
314
110
167
702
633
436
961
194
285
327
485
867
970
170
334
663
868
828
877
866
264
48
6
284
612
843
650
464
466
278
514
955
472
675
206
561
38
346
663
530
54
506
405
51
677
341
309
832
609
262
119
463
886
441
696
20
670
485
335
296
715
167
413
784
754
516
799
839
362
381
60
396
712
776
283
914
917
491
396
822
803
653
415
962
74
162
561
217
566
517
242
768
10
502
890
201
336
486
453
471
340
524
702
505
885
262
99
773
701
408
847
96
285
846
428
473
633
152
721
296
291
128786.5
67
349
598
170
148
533
311
39
309
837
811
428
556
273
193
117
295
135
616
736
960
131
128
297
259
556
768
428
160
839
667
626
422
145
765
789
103
404
218
22
420
267
887
814
743
865
400
832
395
429
982
645
992
650
10
615
564
724
850
398
795
296
33
891
959
645
396
620
692
731
726
609
37
854
198
78
152
150
800
237
239
271
762
988
8
647
344
227
407
359
505
259
586
704
439
224
19
999
366
850
845
746
670
646
192
193
495
844
338
323
713
954
218
387
663
6
160
352
737
522
973
526
756
394
733
770
568
35
498
224
782
955
561
587
863
950
595
487
499
89
114
939
275
115
795
363
684
803
73
770
603
897
409
800
430
739
874
56
731
194
193
856
346
697
386
319
771
469
758
867
620
862
281
880
325
204
887
555
301
116
436
398
622
666
520
888
108
481
319
698
758
652
704
740
647
185
454
706
562
773
12
335
201
98
336
946
563
258
319
658
870
581
636
57
426
652
544
30
50
724
498
46
452
232
82
237
716
155
318
435
679
114
335
563
195
901
6
240
200
227
244
101
712
460
496
490
675
456
145
829
574
689
562
357
999
62
922
592
162
538
133
392
398
864
326
717
38
174
174
136
607
251
352
505
714
855
860
111
984
933
935
480
985
765
559
626
86
530
195
979
487
497
358
745
819
811
871
457
754
672
892
477
663
511
525
882
679
971
435
271
649
526
690
855
564
648
567
643
826
167
499
497
238
30
525
69
269
598
371
131
823
920
891
279
615
520
677
545
96
673
262
85
836
405
662
842
487
573
697
51
453
936
100
389
354
28
401
510
234
667
251
132
48
665
613
674
552
525
587
124
36
778
689
677
817
630
965
498
799
610
424
248
832
260
113
398
456
570
904
195
895
586
489
419
773
260
295
140
178
695
758
20
219
535
368
674
233
787
804
708
242
674
932
773
50
517
770
429
474
119
290
653
916
243
755
489
118
496
418
349
255
379
682
322
258
378
154
201
116
247
415
219
383
420
802
975
683
328
293
581
634
248
43
28
938
857
449
973
184
669
598
41
806
388
926
453
72
523
768
496
203
438
562
616
347
633
781
244
193
75
310
494
791
682
715
688
485
619
908
420
425
996
522
591
392
683
582
422
763
991
899
803
680
208
284
475
157
230
690
626
464
854
350
612
630
855
522
877
195
701
31
564
999
752
395
517
954
391
812
430
622
420
839
130
500
624
529
288
477
357
197
887
449
165
138
173
782
859
640
147
377
802
145
737
732
721
818
939
885
146
255
675
674
910
347
79
308
380
57
451
562
122
351
212
28
205
943
650
343
906
330
442
492
775
279
54
434
352
168
413
683
530
513
594
655
121
831
576
743
510
666
954
363
808
887
37
127
485
131
233
172
993
239
742
139
979
104
244
748
955
737
289
590
354
238
145
966
992
944
199
819
810
430
145
126
825
210
924
756
271
984
432
673
477
808
603
745
821
314
589
469
814
975
638
313
660
739
714
978
900
782
917
759
925
527
280
495
62
983
915
954
408
566
835
387
433
747
639
494
753
137
191
828
858
185
83
202
473
576
305
231
817
220
633
194
677
789
698
927
168
50
293
983
70
888
944
981
930
289
796
831
751
721
153
417
878
672
128
811
343
976
818
349
202
143
626
479
425
477
37
533
14
606
147
982
647
772
719
163
510
195
652
134
352
867
358
402
306
22
810
763
354
820
824
712
216
892
751
662
185
266
678
885
783
974
705
904
437
903
982
948
857
794
537
647
187
415
627
132
604
893
539
532
266
327
927
113
499
85
504
886
295
522
916
823
752
341
760
445
508
50
555
779
533
805
243
29
198
981
133
752
498
569
492
257
286
77
517
805
490
638
305
537
3
308
451
555
617
591
982
408
760
879
353
655
549
771
743
483
688
651
419
13
962
770
281
394
323
763
903
241
221
772
416
607
88
718
536
920
111
618
638
386
200
800
558
462
401
700
688
445
889
733
601
414
162
423
203
565
367
979
229
814
676
80
872
373
219
605
403
506
898
220
284
669
880
810
879
66
285
375
50
933
565
672
551
122
484
386
589
940
449
385
299
801
69
296
604
492
100
151
422
243
638
487
260
97
673
85
79
118
836
590
779
855
600
361
387
180
643
460
408
631
773
284
889
449
454
165
82
808
695
745
336
243
896
290
421
386
830
95
389
702
29
695
492
435
544
80
179
700
7
281
833
433
372
718
518
52
421
932
637
400
850
283
74
164
719
917
946
27
350
931
405
880
667
619
743
815
244
132725.0
709
298
883
171
309
549
239
13
695
922
215
337
426
286
835
83
588
49
376
790
90
228
924
322
941
627
259
419
596
794
184
568
65
55
849
867
763
311
457
73
357
205
400
736
8
946
993
806
637
529
295
703
945
566
995
585
53
772
647
304
185
341
984
839
480
714
74
598
680
755
908
612
957
798
478
150
332
245
133
305
182
315
255
967
431
732
960
173
972
415
570
320
464
701
653
196
94
916
785
916
745
675
533
549
373
145
459
789
81
263
935
966
633
304
230
87
322
284
546
459
431
547
667
488
173
856
458
93
736
184
250
941
582
620
762
944
492
554
388
21
705
980
655
103
715
300
420
739
875
739
704
957
898
797
206
700
390
91
411
285
567
868
439
787
345
271
936
479
973
901
473
954
656
840
785
195
731
631
46
57
977
388
538
572
902
980
932
412
513
749
912
675
113
706
732
204
957
728
708
799
48
387
474
82
131
858
554
281
921
678
642
508
909
99
302
598
460
35
452
711
585
91
169
166
644
257
400
163
384
502
681
143
513
662
130
876
351
226
984
173
230
1
164
364
60
409
571
408
752
768
753
601
104
334
820
136
748
576
463
519
411
302
280
948
272
792
738
223
419
117
863
281
144
435
201
914
911
13
199
858
803
501
37
704
63
699
32
613
222
931
858
475
822
762
150
888
261
421
59
719
716
558
453
470
55
936
313
932
950
322
424
432
215
947
271
624
701
555
237
212
378
510
495
20
554
44
450
541
107
182
586
856
903
315
648
607
744
575
567
631
78
11
491
322
768
868
878
561
134
63
626
885
40
456
74
73
169
420
842
759
756
158
683
725
855
741
269
582
956
32
267
759
285
687
770
614
182
463
945
611
604
250
405
351
918
484
494
484
754
291
829
648
972
450
37
217
865
145
828
602
853
52
692
581
643
686
434
883
829
738
874
772
430
835
903
420
770
477
529
35
651
682
268
268
634
408
376
447
408
251
778
478
505
344
739
374
64
129
681
296
243
195
507
383
67
963
368
357
900
569
601
302
22
55
938
825
907
982
485
757
857
23
13
416
991
470
920
576
217
560
307
419
757
654
42
621
623
271
947
20
497
576
884
708
470
717
913
565
505
459
291
939
660
686
870
669
750
370
748
988
683
758
36
128
963
542
37
203
123
637
207
876
790
663
878
947
477
872
292
720
333
610
714
668
45
588
90
484
608
434
183
362
734
90
350
696
365
205
883
316
527
916
423
197
680
231
891
940
272
139
621
795
257
830
298
651
830
970
219
68
563
637
299
958
864
16
444
386
370
497
244
101
621
294
553
239
465
684
278
971
595
481
460
790
999
46
806
399
910
442
222
599
422
595
443
117
168
596
528
542
390
864
902
878
227
81
358
500
740
166
698
926
573
759
125
906
54
205
741
856
900
263
526
352
981
138
151
924
2
283
634
750
672
141
910
850
582
949
40
346
667
509
897
476
306
568
453
804
484
576
814
887
832
659
216
695
850
750
59
954
909
854
870
966
722
330
692
155
626
826
762
337
785
898
46
383
592
697
238
673
484
288
402
804
205
106
933
454
742
279
434
854
757
699
369
679
202
755
38
126
347
265
869
52
327
996
204
994
89
785
226
743
44
145
229
892
316
80
432
265
773
757
463
281
968
547
898
450
954
18
418
96
852
240
97
589
901
652
836
546
630
612
822
384
559
414
403
337
179
907
773
386
702
752
155
293
729
652
131
90
759
585
615
792
240
646
955
514
596
993
774
812
306
604
741
222
732
582
937
606
954
618
517
286
22
898
4
551
960
519
229
283
602
828
965
739
521
732
285
557
901
607
687
502
376
335
349
179
162
91
791
528
822
569
955
315
383
528
938
552
125
285
59
34
147
461
935
633
578
973
32
786
48
326
69
537
491
677
403
615
772
358
572
963
568
185
308
341
512
946
213
285
537
460
45
35
788
633
642
35
183
652
71
268
753
504
848
423
890
591
899
856
253
675
212
152
386
239
412
274
827
212
762
711
965
843
312
297
898
303
789
970
764
310
356
886
427
788
305
355
702
26
34
654
411
526
440
399
289
671
998
507
522
245
271
125
756
672
353
2
500
341
619
730
560
316
750
575
819
17
741
826
687
722
609
580
779
396
383
700
358
309
734
852
128
967
859
525
258
26
174
650
52
313
830
970
941
447
83
806
539
309
191
101
808
480
587
487
995
269
672
105
997
777
316
464
986
447
665
436
833
676
898
794
957
112
494
810
910
885
767
339
654
419
283
708
272
789
405
161
127130.0
434
316
968
92
887
551
700
96
322
956
66
420
260
192
202
32
433
50
814
860
358
225
659
254
707
570
843
322
758
802
756
488
928
7
508
884
361
314
391
90
319
289
424
670
376
902
27
720
324
600
951
677
774
520
777
529
939
836
741
340
718
401
492
930
517
682
181
616
211
715
385
536
272
861
219
200
548
340
422
251
702
299
123
913
65
827
146
222
824
440
488
353
417
716
287
143
724
951
297
918
376
722
226
600
135
74
627
818
586
178
350
925
878
256
737
176
217
278
33
558
991
562
189
434
206
777
851
147
743
188
741
897
105
562
468
849
377
512
306
103
132
902
787
89
184
337
516
824
432
651
882
969
27
829
536
656
216
85
351
210
664
815
962
744
664
347
874
540
283
917
661
939
597
751
818
268
759
725
720
95
585
408
408
627
779
916
559
314
832
837
767
639
488
646
184
128
107
660
583
885
995
450
787
74
106
888
903
193
446
635
747
573
702
186
720
572
710
58
766
678
695
177
691
83
546
226
380
248
988
549
301
75
500
740
412
832
459
161
237
218
100
75
182
424
860
492
441
461
886
717
406
606
575
292
192
218
437
511
788
463
196
301
374
976
761
889
194
225
408
81
805
324
467
466
257
872
875
99
284
899
35
514
744
761
812
622
581
559
675
875
844
424
76
800
236
973
16
444
318
714
333
561
781
399
629
837
708
857
134
268
810
375
578
934
66
589
625
505
441
197
844
470
119
42
138
25
962
490
51
102
484
771
43
391
804
633
777
491
682
708
650
81
473
398
973
830
691
622
932
101
602
956
397
540
461
68
422
473
464
758
854
61
702
658
958
756
806
584
276
125
834
785
167
751
87
604
791
489
409
666
695
169
183
334
760
424
570
554
379
276
107
697
500
526
1000
187
647
152
980
506
16
27
262
556
579
625
283
847
578
642
596
843
483
863
818
356
101
477
298
92
920
767
361
176
842
469
296
361
706
291
105
498
722
392
945
472
739
188
409
386
407
273
842
379
582
992
248
317
449
640
848
399
38
55
466
877
978
984
239
705
109
26
972
509
153
448
601
602
486
500
997
361
743
617
411
697
993
287
959
104
949
544
408
705
112
717
539
511
289
407
721
983
496
600
961
679
465
423
150
999
683
699
945
100
691
564
198
300
287
672
90
972
137
649
378
863
83
947
660
817
738
706
92
615
813
620
43
415
614
376
188
359
866
190
208
750
736
145
262
377
854
822
697
232
808
252
320
857
953
216
362
808
933
811
628
618
751
940
757
15
530
597
297
925
19
36
230
439
998
570
689
76
569
217
29
151
912
584
3
888
971
514
37
709
786
37
119
401
704
447
228
547
906
683
95
185
456
543
672
631
59
955
917
796
460
9
437
402
325
139
299
984
206
829
218
876
257
183
273
859
516
309
275
424
884
172
99
894
931
295
769
765
311
62
479
821
34
997
262
339
884
566
202
549
188
628
834
882
258
663
874
842
937
748
618
651
605
790
125
997
273
908
316
975
780
400
760
56
182
884
847
310
360
954
272
376
579
631
34
621
92
194
237
721
201
67
104
390
337
300
276
943
448
771
737
746
482
713
98
213
362
331
978
134
345
930
848
924
797
740
405
700
454
50
141
810
246
114
66
233
20
709
681
353
948
527
283
512
96
106
749
106
550
144
752
617
286
608
371
549
782
635
838
386
863
474
280
432
855
849
369
399
478
668
965
341
873
558
696
63
976
684
70
723
927
613
744
414
323
997
90
885
296
588
800
321
667
540
245
540
897
648
975
356
900
843
577
530
22
605
428
368
274
765
511
727
917
798
232
470
15
573
650
565
983
309
309
218
641
91
78
474
457
574
176
270
319
571
733
579
965
194
312
110
134
559
431
668
817
931
43
696
364
253
4
614
652
681
790
543
309
404
999
998
197
88
588
399
728
956
35
203
494
374
470
105
658
583
871
119
365
710
404
266
666
419
136
366
314
500
433
941
590
595
845
109
185
150
117
288
659
164
589
748
165
817
329
206
905
221
366
887
16
241
964
954
827
705
70
327
501
122
807
744
479
542
625
314
485
717
893
468
403
161
393
110
911
603
468
65
16
339
537
789
688
267
791
634
206
93
887
747
998
756
875
554
859
489
876
742
778
397
58
773
535
890
826
537
359
10
389
582
48
281
192
993
726
388
201
729
631
376
923
150
82
388
493
548
542
335
948
178
281
691
192
513
663
473
402
395
937
694
272
697
740
25
731
747
644
885
528
318
41
432
33
715
239
742
828
203
127161.5
936
251
994
51
745
643
745
59
393
925
578
509
978
190
578
75
210
16
514
832
946
290
544
253
283
509
54
238
745
775
375
413
257
88
835
809
512
361
827
90
343
225
393
632
895
946
98
727
192
652
154
727
351
598
211
532
392
872
379
414
772
308
248
890
319
756
883
581
700
795
479
614
305
864
799
144
361
363
614
289
522
230
736
932
900
920
821
286
892
384
712
332
51
660
146
105
857
997
273
967
862
787
636
584
414
37
6
915
674
91
705
965
500
192
500
184
921
337
793
597
942
614
757
387
302
854
725
141
259
260
753
980
80
549
897
933
530
573
738
180
761
915
17
98
974
384
546
921
542
666
517
956
381
834
707
644
36
161
35
170
642
859
461
670
57
431
911
587
664
980
138
933
417
790
708
341
249
800
672
189
440
343
959
636
836
980
323
355
778
861
86
553
436
572
308
75
894
585
694
948
120
426
833
152
673
921
140
147
219
690
307
644
376
252
843
489
897
98
826
731
179
181
254
143
127
228
586
329
841
552
673
38
175
813
614
922
160
108
239
202
621
43
394
463
980
424
80
526
611
804
722
559
479
280
190
151
219
548
749
497
832
243
314
934
681
899
144
229
349
34
227
414
340
543
416
882
959
197
195
927
769
546
36
737
853
525
980
494
876
963
748
422
667
828
828
961
943
474
867
741
603
526
258
424
122
823
255
953
550
227
292
278
270
993
527
561
626
551
62
222
634
546
589
63
170
56
215
558
217
130
90
682
439
422
54
568
725
531
447
729
851
171
793
363
780
862
257
550
357
114
575
994
388
544
77
113
521
487
141
846
720
65
844
698
770
792
494
637
674
210
570
749
984
661
293
667
585
418
947
658
128
104
66
386
758
343
359
644
721
291
896
629
722
458
367
227
429
239
977
542
682
70
768
472
391
663
388
926
388
640
373
827
168
840
938
291
554
544
406
83
238
667
528
96
77
435
435
368
714
322
649
464
895
408
484
442
824
285
987
450
686
313
654
348
458
991
501
298
452
586
621
484
377
91
73
846
922
929
936
763
490
90
184
579
559
453
177
521
319
555
519
441
682
708
994
736
509
299
854
142
838
479
791
765
612
702
181
508
672
396
681
992
401
616
118
754
116
506
153
972
651
778
436
49
545
540
115
363
649
596
428
939
786
660
999
929
239
953
633
777
287
688
841
695
517
612
815
376
387
326
24
281
652
99
646
670
943
118
951
299
788
764
216
311
753
159
352
854
518
315
60
818
153
871
145
582
658
888
635
83
41
676
279
867
120
66
350
404
732
553
532
99
608
128
424
249
55
652
468
912
309
608
93
761
10
4
796
383
345
400
977
484
453
762
691
141
65
444
725
634
909
882
199
890
603
97
943
355
519
153
933
930
520
894
158
900
805
139
621
912
487
332
771
416
931
244
969
973
842
233
21
828
487
27
450
847
781
933
999
381
137
499
542
602
36
659
788
843
398
572
432
881
736
652
33
744
511
703
248
907
391
961
570
968
346
485
874
152
398
950
802
367
799
995
147
291
518
577
910
644
201
100
640
652
866
45
167
332
58
332
179
923
638
861
404
787
101
798
519
252
870
350
151
102
699
885
985
832
349
719
226
728
175
6
60
767
215
151
342
177
920
669
559
362
945
451
993
595
478
41
850
28
35
110
53
562
214
681
55
575
650
607
667
427
309
450
172
483
851
776
190
422
262
583
596
362
290
594
321
42
52
758
723
716
287
658
166
491
255
969
530
942
303
616
805
415
783
521
218
607
205
654
26
263
203
907
498
486
525
575
797
296
545
770
349
632
770
862
331
485
581
648
963
541
248
229
636
127
305
99
973
431
998
621
809
181
447
546
826
501
30
175
765
201
873
521
162
593
396
931
219
771
793
156
332
584
139
593
881
640
140
422
590
954
347
126
260
433
869
994
872
255
337
381
236
82
855
582
848
81
956
701
610
308
226
428
195
395
522
508
340
887
694
600
763
36
603
147
730
324
789
69
939
693
276
851
700
178
483
187
90
878
236
277
317
997
326
640
101
324
685
125
71
796
882
595
427
379
88
687
969
567
242
224
755
49
832
596
399
85
3
264
859
723
133
226
867
693
60
180
537
826
822
726
330
499
536
531
560
796
857
439
965
866
55
981
373
530
628
84
763
552
344
274
279
942
482
321
880
666
503
356
643
141
113
445
381
625
737
369
382
222
147
790
150
459
528
465
972
387
822
611
864
609
699
95
774
809
416
887
205
362
91
370
195
652
110
823
410
170
127170.5
601
232
57
121
977
554
793
28
975
831
928
435
493
153
411
73
242
79
45
845
816
270
546
169
931
501
602
146
520
688
214
499
753
56
240
789
727
444
272
96
871
224
580
717
945
893
598
755
113
724
516
815
344
630
442
483
354
925
286
408
650
215
800
852
711
794
745
633
892
836
901
685
260
942
360
142
808
299
191
269
279
329
799
923
3
945
11
220
952
371
801
243
150
572
339
187
830
974
711
911
125
795
107
545
406
37
211
833
516
184
577
943
350
156
139
151
796
338
246
527
325
688
739
413
777
837
197
63
216
200
148
990
923
471
292
887
844
632
856
180
477
862
589
28
58
463
648
841
667
632
118
874
834
805
987
557
654
69
640
235
948
850
915
631
909
412
87
679
387
939
206
976
832
707
85
418
937
805
344
289
330
281
796
679
170
975
51
332
506
887
823
516
824
615
546
35
893
491
851
996
20
437
948
66
426
999
910
175
236
719
804
703
637
157
308
552
597
110
778
720
555
272
547
62
873
245
860
360
373
473
363
124
823
828
57
840
940
202
523
107
604
83
527
488
278
448
498
546
257
885
328
650
57
261
104
206
364
563
985
430
598
341
675
969
878
904
550
316
693
101
753
371
384
622
423
966
880
237
489
869
994
631
239
759
104
473
902
543
957
939
790
481
414
761
747
904
64
520
473
703
863
599
587
422
46
860
711
898
370
216
324
212
696
971
289
598
931
504
54
198
306
584
492
48
338
91
957
648
32
150
119
733
156
406
680
541
242
464
481
694
259
227
865
448
483
888
418
461
327
128
929
959
419
453
810
196
654
462
914
865
582
146
738
661
252
778
246
680
289
276
923
809
911
720
494
701
199
376
207
573
766
109
340
287
770
300
220
692
563
359
135
692
634
397
567
317
250
294
80
583
92
131
391
560
108
625
311
860
246
727
490
812
729
851
232
313
460
592
483
69
918
703
230
41
585
379
472
377
37
284
270
378
492
466
60
371
195
320
721
543
518
290
920
365
306
962
646
294
975
678
108
556
714
20
295
884
905
917
702
710
920
151
330
561
581
421
149
533
318
653
412
442
509
733
690
759
111
279
634
78
353
428
211
825
886
624
993
492
636
439
184
979
870
554
942
695
255
465
427
931
761
857
920
81
687
482
920
389
747
612
243
842
101
706
580
852
171
944
212
755
21
626
403
669
757
512
242
373
149
391
165
216
204
117
384
629
118
197
783
356
262
856
513
345
629
109
855
873
894
293
452
916
226
956
50
592
978
931
867
130
621
720
888
782
737
28
954
355
208
642
926
176
217
65
942
255
30
626
313
841
388
651
40
716
276
91
497
410
159
412
790
463
748
846
332
44
811
505
355
570
729
952
839
977
853
21
250
391
478
231
654
922
963
811
85
941
875
169
741
986
593
262
941
498
994
191
899
967
139
322
62
900
122
31
599
780
291
898
50
305
228
540
125
571
881
752
565
935
239
662
887
787
842
588
345
739
348
608
812
862
668
876
199
920
450
547
248
212
249
880
367
380
821
950
246
246
530
597
506
598
935
105
393
613
572
34
129
293
872
415
358
877
911
820
550
695
999
714
393
306
146
283
305
152
946
877
514
931
906
662
124
629
94
101
219
724
333
198
602
272
946
736
489
355
461
361
231
583
987
131
571
39
861
14
975
602
75
746
29
533
772
515
755
420
925
509
701
468
321
695
450
463
297
675
840
448
422
639
399
17
493
686
445
796
457
595
530
509
301
914
740
971
832
558
649
336
729
481
791
615
539
618
396
289
124
842
270
530
31
589
588
333
712
672
209
636
211
945
328
492
721
591
761
542
831
148
671
149
192
25
695
350
748
705
403
170
67
463
363
426
181
150
952
250
856
455
495
560
326
875
359
769
562
192
910
671
907
578
870
723
683
395
496
985
111
41
521
531
189
906
317
222
924
400
113
173
895
572
324
82
762
615
763
329
572
463
375
486
298
581
713
936
122
582
265
80
308
130
730
277
489
103
229
699
84
919
125
128
557
168
427
965
106
309
720
942
82
591
324
348
180
45
901
769
361
641
993
373
710
756
581
595
788
186
980
22
219
526
603
104
442
217
682
627
298
260
512
711
188
102
209
798
747
819
465
417
283
543
435
841
606
411
762
870
486
921
427
439
756
132
732
460
472
215
121
960
236
275
908
737
627
362
173
158
846
406
138
557
474
461
64
225
555
744
101
359
313
536
157
292
116
601
623
624
104
109
606
904
834
787
70
422
920
459
510
648
584
891
713
140
121949.5
979
323
989
79
228
526
641
19
715
871
285
445
966
70
214
60
513
12
566
832
225
352
479
255
551
426
360
62
417
690
371
439
297
88
769
828
728
459
971
196
394
262
381
691
994
964
774
762
740
637
298
747
72
714
858
418
103
903
343
400
505
277
944
842
780
852
695
680
291
751
946
585
21
895
650
229
806
312
697
261
627
416
735
928
489
963
479
150
627
281
445
198
586
577
945
207
853
995
491
881
222
796
994
464
1000
12
407
795
409
199
625
933
106
137
281
122
885
336
976
471
454
698
649
476
379
825
869
10
80
276
109
900
990
533
874
840
85
703
766
228
545
785
903
20
285
484
785
749
788
534
349
903
103
893
620
470
361
123
469
142
501
754
354
594
359
386
113
616
464
950
830
985
244
787
976
466
270
816
494
350
241
197
187
737
449
951
217
291
409
966
409
438
439
708
910
35
60
426
998
913
423
386
811
100
202
1000
479
159
370
665
194
786
7
79
14
495
54
101
401
709
928
306
887
138
35
322
925
285
929
568
315
162
511
770
453
931
183
185
331
74
27
83
796
401
478
363
122
612
3
912
866
626
955
323
68
159
114
510
255
396
899
265
16
952
57
890
761
362
250
33
859
466
948
543
579
939
594
151
126
772
106
539
658
739
933
420
5
638
569
862
45
549
869
820
45
883
928
543
645
794
478
572
303
428
730
808
371
819
304
157
462
300
438
951
849
539
885
513
799
168
996
554
310
76
892
56
267
603
61
183
563
718
565
399
633
493
256
495
8
661
866
168
505
420
470
982
579
491
363
228
368
933
885
513
500
120
425
453
14
766
108
78
203
561
836
708
658
691
367
208
516
863
518
762
294
689
97
421
667
553
961
143
326
246
864
396
306
773
678
352
630
714
935
452
527
232
247
289
903
514
286
60
604
498
225
719
290
911
273
684
400
760
318
902
460
304
373
651
656
145
501
796
12
54
976
361
144
394
437
334
789
357
405
533
597
427
141
229
709
558
385
281
379
410
348
879
390
277
4
587
90
544
329
104
606
792
562
937
582
776
467
201
531
630
999
432
258
444
652
646
366
410
305
642
91
714
108
234
22
85
909
393
583
872
190
640
459
421
532
508
124
949
806
580
489
728
48
560
367
960
909
932
223
75
680
384
831
343
119
518
563
931
774
625
101
922
598
917
462
711
361
660
375
731
179
557
131
371
427
355
695
209
469
53
131
694
208
292
685
265
595
842
870
435
477
140
645
930
256
295
592
909
371
968
344
612
540
888
473
111
562
735
517
697
464
7
804
393
537
654
326
262
36
63
522
308
898
620
94
745
138
597
426
741
98
104
785
369
122
357
741
409
743
931
279
121
490
416
435
529
998
975
597
912
921
24
725
318
618
174
351
910
385
835
57
987
641
208
886
971
204
270
846
565
88
290
197
889
835
315
777
806
820
94
890
743
290
941
622
344
945
498
969
647
121
677
191
962
923
681
133
729
554
490
984
705
277
586
975
845
770
874
507
854
2
536
815
311
388
927
679
358
621
951
463
321
849
591
132
602
901
108
722
548
426
3
216
268
459
464
906
924
713
918
119
622
591
783
496
256
804
357
17
83
866
896
186
866
635
737
446
680
67
78
103
631
411
142
204
353
480
709
481
436
635
333
234
679
416
179
120
67
505
111
517
679
195
757
613
550
42
464
749
357
54
492
952
532
161
772
438
460
28
725
515
544
213
623
804
12
524
779
89
820
223
676
410
481
92
966
373
960
235
635
700
430
695
494
435
657
558
649
220
296
957
925
368
524
427
579
148
292
929
607
684
653
465
854
629
509
681
533
44
532
275
119
151
196
237
8
119
336
353
693
781
188
475
439
872
391
648
207
902
169
402
477
48
481
583
963
273
702
710
240
516
662
504
495
426
789
658
492
139
910
753
7
488
456
257
985
733
242
270
464
863
99
737
482
493
133
45
559
494
380
17
413
665
402
658
536
170
873
920
511
964
143
97
38
152
197
369
97
760
742
242
937
491
96
680
103
107
977
32
247
330
981
663
502
549
322
876
90
628
697
734
632
138
344
877
683
772
575
908
123
625
65
53
570
161
40
424
260
63
570
605
328
453
699
426
105
675
894
982
730
612
371
505
472
148
919
57
424
311
927
527
936
524
451
424
158
262
385
450
195
678
990
702
209
351
787
784
395
513
121
452
344
953
638
632
440
313
148
807
820
214
431
561
552
909
353
401
666
647
588
513
57
931
846
486
806
635
329
321
521
105
639
176
985
535
204
124758.5
786
297
698
58
173
469
58
2
222
853
983
507
287
41
786
115
641
102
770
758
359
367
3
241
864
503
245
16
193
749
460
482
371
182
998
827
590
391
518
235
843
324
924
711
864
872
34
699
150
699
112
835
895
794
978
493
442
867
193
478
990
334
587
766
951
922
3
742
282
685
158
567
32
823
424
152
525
216
787
290
91
395
861
916
153
932
659
228
211
190
594
123
332
495
242
249
367
960
186
813
305
793
564
477
795
20
28
824
166
147
564
843
642
158
525
201
313
237
672
467
289
629
651
483
226
729
34
52
911
211
828
974
62
544
790
754
371
799
902
309
815
882
170
62
603
511
835
715
920
569
432
922
394
853
894
549
851
206
325
170
221
822
65
669
87
377
34
665
582
879
319
944
837
696
377
374
400
801
11
331
651
274
806
709
507
942
116
238
67
884
366
499
574
744
938
3
107
507
511
872
534
332
519
106
814
924
591
215
85
690
359
761
807
124
233
543
791
91
188
790
979
238
57
152
847
314
976
350
343
618
741
90
922
755
783
929
659
165
740
132
309
113
169
403
360
461
168
614
416
997
718
683
700
273
186
81
59
536
966
356
509
216
694
972
676
967
610
266
998
128
308
374
298
495
804
894
982
114
224
715
57
505
114
764
254
445
501
642
857
919
116
593
110
894
817
973
453
611
693
791
371
589
468
396
772
785
778
748
815
79
418
305
721
860
85
466
915
498
195
172
82
553
15
146
431
51
610
513
507
143
669
643
221
335
827
439
580
425
601
591
514
141
808
442
324
937
375
402
766
184
805
839
357
478
50
160
518
482
178
828
263
143
820
535
881
640
801
620
570
153
856
810
847
848
193
652
861
426
686
543
690
152
67
165
140
422
818
866
434
317
915
798
874
418
376
176
87
377
510
526
674
99
733
532
497
723
792
982
149
751
630
759
220
971
909
336
205
618
889
224
219
803
957
27
305
378
350
370
249
288
204
258
149
496
887
329
597
224
555
520
536
225
185
315
871
787
404
365
160
497
619
595
799
83
146
807
71
944
359
676
653
219
220
622
239
455
216
502
14
558
89
411
616
666
533
780
742
214
51
161
535
310
77
777
434
634
123
372
157
431
79
891
647
678
76
647
144
596
535
889
477
881
320
71
645
462
507
340
494
487
243
865
920
595
531
969
772
872
899
672
399
734
638
820
784
580
368
425
670
403
932
129
902
97
187
640
685
301
86
316
734
860
246
489
101
144
872
959
521
317
319
967
300
936
366
624
352
983
688
70
616
825
700
721
466
65
100
422
641
619
142
294
465
3
966
377
836
567
795
783
50
508
158
641
170
50
452
386
805
440
984
339
959
848
919
29
806
500
552
465
732
923
543
949
856
65
706
342
841
100
790
952
98
765
421
968
635
268
536
913
535
253
273
656
643
308
323
888
577
247
834
754
260
38
5
745
894
914
547
413
399
421
633
667
793
619
370
957
495
589
825
690
239
416
625
683
670
620
752
794
768
931
251
928
352
601
595
353
185
966
360
259
430
983
371
274
864
545
255
584
470
65
390
640
1000
2
269
289
190
375
175
837
803
917
324
604
846
743
428
243
304
408
685
24
718
900
328
948
557
782
699
643
202
54
410
723
787
96
501
443
40
628
175
469
237
310
837
590
513
257
576
144
959
134
786
727
59
684
67
619
467
407
547
457
599
449
796
445
834
691
604
389
61
799
563
516
826
603
327
83
301
733
463
737
301
755
265
499
939
920
106
915
568
728
537
403
572
545
556
754
704
714
296
331
542
909
663
592
637
646
396
203
289
520
843
617
104
758
580
476
478
458
695
601
182
101
586
220
51
97
578
399
469
680
929
211
109
498
256
420
26
283
799
198
377
508
379
516
950
940
987
643
874
162
288
671
144
432
771
723
781
415
727
974
559
22
252
544
449
956
38
335
174
457
779
50
980
580
381
148
748
512
822
295
844
378
430
330
310
593
987
959
781
547
173
129
47
6
804
138
204
76
17
809
898
862
958
170
437
106
639
879
450
233
776
949
80
434
543
239
211
152
299
720
253
598
985
419
838
620
103
484
291
102
245
121
946
606
705
54
67
305
585
594
199
266
810
688
164
124
250
889
698
750
928
289
165
523
395
992
255
340
114
991
743
874
784
501
896
172
578
430
664
209
981
994
923
220
135
886
239
367
8
166
39
247
979
553
753
421
846
232
542
852
541
422
175
621
111
396
878
626
250
612
683
152
582
938
622
902
770
395
279
582
741
631
132
955
312
287
126538.0
911
352
333
151
959
492
996
59
348
842
85
509
632
136
128
29
91
58
36
775
258
279
406
167
622
408
972
96
456
674
338
573
998
102
666
916
148
323
52
315
275
396
664
771
986
936
195
605
707
610
630
768
548
841
179
585
966
863
536
537
645
337
311
790
484
835
585
738
488
682
197
656
757
750
804
150
345
291
439
247
375
353
393
953
403
915
734
199
690
267
351
125
515
452
173
200
782
928
354
902
426
841
498
513
979
14
175
760
725
137
304
810
258
146
930
187
971
334
299
406
888
592
435
541
956
708
370
136
878
291
352
994
148
508
702
672
241
785
591
397
206
832
514
60
374
452
759
656
518
577
683
900
571
775
87
480
124
235
441
245
545
765
504
760
347
377
526
632
755
952
659
963
639
796
853
450
524
718
535
269
465
216
787
744
106
965
119
207
463
918
83
467
714
834
712
64
225
585
623
784
998
300
49
138
135
883
177
200
562
615
54
821
975
108
224
488
17
71
494
796
703
299
37
164
157
299
678
392
421
612
499
159
933
724
808
959
72
177
854
175
290
40
534
336
393
459
229
713
408
943
449
779
367
221
575
47
298
474
349
263
780
216
876
950
255
869
374
265
402
106
23
289
437
583
70
891
769
199
846
668
476
488
716
719
467
415
756
574
543
866
572
572
957
962
55
963
318
572
705
782
746
557
942
303
257
852
562
763
263
121
846
380
478
951
308
372
993
431
867
237
653
619
794
223
501
87
695
474
140
231
432
703
560
418
963
339
541
342
161
541
584
183
636
467
49
889
941
418
544
213
857
808
213
551
568
227
6
555
557
766
275
74
211
465
506
554
420
617
344
136
45
818
40
805
53
736
568
494
166
518
479
74
791
252
194
486
557
859
42
259
41
855
603
434
888
125
195
324
119
583
357
10
459
587
345
632
714
973
477
822
836
778
85
990
64
412
237
702
701
300
952
899
653
115
936
332
587
460
716
378
634
331
116
533
865
336
651
129
136
564
822
270
300
346
274
823
792
300
910
481
376
541
178
98
66
754
326
910
412
717
88
137
729
721
110
436
167
534
450
474
727
498
800
739
468
728
573
239
544
112
989
273
149
805
11
728
549
427
208
452
287
816
344
605
743
662
10
557
873
908
594
816
135
21
193
450
677
417
428
420
594
955
299
549
343
889
568
953
732
698
470
697
530
724
347
585
720
515
14
338
400
117
836
181
498
711
481
220
831
390
299
854
780
519
498
55
750
993
526
285
151
937
149
836
696
574
812
937
938
53
777
830
311
693
306
121
556
373
204
590
435
277
95
56
334
394
7
567
975
718
536
439
211
573
275
52
107
382
920
383
497
254
629
820
313
67
622
545
98
503
799
935
867
866
959
126
379
272
566
106
316
995
478
700
873
922
882
262
960
971
733
336
152
617
945
321
903
816
150
340
414
699
45
52
6
741
460
910
60
502
673
340
250
591
851
684
333
994
440
513
967
681
283
411
452
758
134
578
500
726
746
939
403
936
871
572
145
418
705
910
585
341
678
930
882
195
223
533
541
549
776
62
714
587
632
10
260
334
990
384
56
779
723
825
343
559
108
745
621
312
731
456
712
59
964
986
964
864
746
797
363
700
542
72
988
632
76
124
983
478
936
687
529
386
518
301
936
572
698
177
618
121
361
182
166
800
960
772
966
663
926
417
583
467
140
497
740
452
499
691
560
376
202
853
567
537
209
635
511
36
921
780
770
703
467
759
607
554
609
943
251
833
938
686
397
382
917
620
369
828
149
660
134
326
495
837
455
560
901
582
927
260
432
446
265
713
205
730
331
547
710
525
827
539
671
151
835
300
131
92
481
314
541
655
529
289
924
405
526
380
660
341
446
230
69
579
77
464
974
982
718
599
931
114
363
731
865
400
451
635
467
355
572
890
281
67
463
642
956
981
322
297
944
480
645
2
943
515
277
170
959
573
357
223
966
370
64
298
324
562
219
896
933
539
494
67
471
65
33
67
618
32
258
811
554
869
747
95
863
61
916
797
984
319
336
921
387
366
542
215
271
54
186
655
190
580
436
475
210
522
777
442
816
157
112
207
56
659
646
48
424
337
464
522
414
339
490
607
570
188
310
971
659
805
380
258
866
486
765
997
241
330
468
942
291
952
208
412
971
153
731
495
376
297
598
982
98
307
411
957
755
304
213
213
559
209
445
458
355
511
895
132
173
893
274
417
447
638
938
446
112
694
962
603
126
217
428
919
558
874
845
357
724
553
836
692
158
928
992
374
126319.5
296
296
141
208
765
393
216
20
396
907
333
503
775
117
520
78
475
121
90
850
686
379
938
73
919
385
484
113
760
761
163
594
843
184
557
916
779
389
300
333
866
355
44
831
258
862
53
577
993
648
837
863
909
887
441
590
939
772
485
572
689
437
163
759
533
836
535
650
946
782
854
725
107
761
337
122
228
211
753
339
450
351
669
886
103
872
114
273
521
309
341
202
366
540
473
212
10
971
269
967
671
785
178
524
466
91
353
795
132
224
621
778
348
242
412
283
950
255
504
458
1000
529
56
481
30
704
557
136
109
391
724
993
620
461
185
628
758
796
222
339
468
871
842
39
523
484
866
617
574
575
428
850
894
781
981
453
517
146
968
298
533
733
961
842
524
475
288
548
422
895
755
975
767
711
206
428
946
713
972
178
649
229
542
771
427
866
630
150
775
875
473
417
752
840
886
54
502
634
157
696
229
393
920
39
839
885
973
207
23
540
777
802
143
86
676
440
307
51
79
867
418
368
818
240
545
223
628
325
636
539
734
175
704
810
327
881
305
162
919
204
169
136
508
255
76
424
280
701
595
930
437
702
922
224
395
81
270
460
818
273
811
161
607
887
190
772
380
293
238
185
619
231
918
539
495
939
325
178
242
582
192
579
431
632
811
369
930
507
454
855
972
589
657
921
706
868
385
650
638
702
711
512
240
247
719
754
305
815
154
209
886
362
624
889
402
438
989
339
828
247
678
540
194
186
266
112
590
515
450
133
132
715
708
440
794
322
535
262
243
573
185
150
364
483
980
876
567
331
708
235
507
904
197
630
398
287
340
530
138
808
14
27
326
556
548
608
72
619
278
227
699
816
531
774
159
649
951
443
730
462
947
43
727
209
425
551
408
911
785
203
473
850
695
531
672
82
481
330
137
603
551
17
825
521
730
594
859
951
498
823
755
829
588
967
836
453
181
750
209
350
239
944
234
118
189
334
698
462
152
381
689
277
78
571
505
404
637
125
628
572
817
171
428
439
626
793
534
291
67
534
739
522
594
60
243
785
1000
872
347
780
402
166
737
738
419
355
656
627
622
398
710
572
435
825
283
698
470
316
217
193
942
346
529
866
92
720
609
378
841
445
343
812
598
516
687
698
958
653
764
960
234
858
942
70
231
361
325
513
524
362
93
962
563
514
697
872
338
987
807
648
609
612
670
653
327
521
694
451
23
365
653
32
596
254
431
795
673
255
666
399
626
882
80
527
891
67
161
951
493
299
740
991
339
739
621
616
819
960
83
48
791
760
949
700
620
70
532
427
443
524
121
287
953
100
223
342
721
542
997
636
608
450
488
539
66
149
833
297
594
326
711
252
293
815
383
76
181
487
82
508
925
921
133
865
915
57
36
216
452
102
599
967
708
778
57
857
389
237
923
916
390
241
201
608
795
378
804
732
573
353
198
628
983
33
239
764
785
864
2
437
310
255
141
623
607
740
972
907
263
548
607
771
306
495
154
748
977
652
850
661
19
963
779
959
921
640
403
499
177
912
293
287
352
931
100
215
449
485
884
619
488
20
657
625
523
79
49
261
409
375
751
766
66
868
266
593
701
789
266
237
32
418
229
48
45
925
371
914
607
853
14
653
911
22
672
629
385
183
54
538
955
679
300
296
570
295
966
531
14
210
15
93
485
174
229
789
730
797
439
712
868
366
475
414
868
559
490
512
619
777
104
310
478
815
545
501
662
628
778
73
568
691
966
797
329
786
236
651
284
847
671
864
554
618
259
446
285
622
282
844
729
643
705
334
437
829
777
484
779
527
3
320
483
476
880
649
490
760
371
601
207
493
832
490
439
144
759
383
684
127
331
238
982
701
910
189
185
462
297
372
512
364
831
172
368
655
283
511
633
932
362
629
370
205
284
816
754
400
460
635
166
415
465
922
941
7
960
573
646
959
249
340
162
432
136
61
514
479
312
116
914
662
790
323
531
437
462
389
65
564
135
921
118
514
760
46
458
106
266
104
319
118
12
798
131
944
910
61
866
81
986
777
544
402
302
927
175
329
937
268
212
95
783
604
495
586
209
562
196
586
574
423
842
111
383
132
940
569
274
110
624
273
206
582
95
308
815
564
691
164
847
907
307
755
219
206
287
584
134
934
38
387
179
982
496
996
10
423
40
140
64
422
367
298
609
922
837
261
875
935
699
212
485
177
497
293
146
365
53
477
595
163
587
936
254
461
366
602
677
463
937
787
789
622
710
284
731
968
327
883
633
288
650
639
364
633
800
847
596
331
120816.5
913
308
450
136
627
318
713
52
163
864
929
428
516
104
558
102
621
94
444
924
146
321
832
35
941
425
848
41
51
793
24
531
715
256
976
833
864
488
940
423
870
355
585
783
730
914
223
647
607
725
463
810
559
805
763
509
518
685
788
563
547
387
228
684
451
794
256
604
28
859
199
742
713
764
945
36
112
116
254
392
937
436
321
793
757
795
473
285
963
279
548
180
166
602
27
119
588
874
273
972
768
775
123
513
250
178
624
743
363
222
799
725
900
265
898
263
75
270
894
427
230
629
386
445
595
620
763
194
493
462
509
939
393
517
754
565
817
798
129
327
428
910
112
117
82
392
75
535
357
515
133
754
253
696
168
476
788
87
910
284
943
807
647
782
342
516
142
485
415
827
214
901
353
738
928
382
917
761
904
135
904
280
551
854
359
889
423
142
474
786
753
461
854
757
521
41
771
703
61
709
610
432
295
118
933
909
966
253
939
529
846
708
543
130
238
358
138
36
731
767
336
304
431
185
789
247
840
258
457
538
232
197
167
782
609
954
828
88
191
180
388
96
326
321
961
481
973
623
688
876
960
694
795
163
532
133
857
393
268
288
281
216
201
969
79
833
115
266
583
281
760
329
874
473
180
858
729
244
187
670
549
533
379
602
855
456
280
453
794
923
516
512
808
861
141
900
112
575
186
756
425
570
858
330
509
708
431
911
74
161
647
280
758
897
512
422
963
387
122
150
545
517
160
169
402
46
115
587
304
212
907
713
696
453
36
338
658
248
494
575
389
222
983
491
235
853
12
425
228
270
299
873
3
684
1
238
541
457
582
740
409
83
559
458
331
545
32
524
759
174
159
899
335
755
637
605
477
394
121
409
119
35
326
144
815
611
759
929
349
152
241
906
854
587
704
146
958
392
298
649
456
108
520
556
43
694
351
921
856
882
156
742
102
927
348
436
73
801
898
315
818
926
750
163
11
374
149
452
152
391
15
346
590
486
391
394
984
149
354
555
180
87
87
418
817
722
63
199
504
514
744
558
543
106
298
741
728
802
159
786
303
211
835
723
314
379
355
587
971
421
344
595
299
776
689
637
495
308
793
151
402
317
628
854
660
820
21
340
119
393
778
891
145
487
521
647
601
627
414
895
273
935
48
152
915
374
176
455
236
269
688
887
457
491
152
801
122
974
263
664
864
566
760
674
128
571
566
546
928
398
205
53
285
222
607
848
531
265
385
315
51
833
856
555
123
139
189
984
794
382
375
939
944
773
253
631
170
938
238
123
811
804
133
731
225
138
231
511
283
592
303
341
383
57
546
406
102
465
994
628
586
382
123
455
119
93
771
334
680
350
161
306
739
858
912
90
822
488
339
414
839
868
278
964
807
108
898
294
522
172
521
888
365
732
284
845
703
312
666
869
454
170
133
664
288
319
607
704
538
442
894
594
173
30
503
860
112
862
674
360
933
200
933
696
573
744
323
905
279
473
751
727
143
528
277
653
965
605
377
628
552
909
658
863
641
552
417
579
918
859
497
366
521
937
477
251
395
489
378
599
652
106
599
585
196
163
972
305
183
471
987
703
417
905
101
676
472
701
802
144
599
348
692
13
456
953
189
953
394
783
567
671
526
14
435
650
81
216
480
596
631
653
771
304
989
249
377
549
309
198
975
24
813
171
335
849
464
758
228
644
311
280
153
402
767
555
21
584
93
869
248
214
267
831
502
505
286
632
814
60
857
769
738
792
183
794
36
729
468
817
609
835
383
685
12
379
938
710
391
783
382
555
572
289
236
737
619
402
536
487
377
234
490
413
865
618
831
678
412
547
852
561
88
410
215
182
496
284
474
206
610
140
525
778
412
133
566
402
542
368
700
328
667
268
261
564
904
528
126
923
858
553
612
219
422
814
193
438
613
588
403
398
874
949
489
92
475
477
950
1000
63
343
609
412
751
45
780
444
296
81
862
572
218
311
794
486
713
353
506
518
617
959
197
500
53
78
801
87
487
9
700
65
3
832
184
977
579
158
44
12
904
770
123
340
267
947
563
253
328
216
235
144
536
617
156
573
651
506
417
500
128
430
340
129
834
185
860
619
946
130
364
245
992
509
63
230
101
593
780
250
484
870
450
831
838
233
315
662
418
923
413
290
678
922
92
983
134
328
639
67
386
416
78
393
369
997
150
355
243
864
578
281
138
141
904
274
268
436
90
554
569
251
698
998
613
555
271
662
348
396
388
817
38
580
278
196
447
973
252
794
280
291
793
606
442
692
525
854
511
346
