500
16
124832.5
646
249
732
936
843
698
573
325
992
488
559
960
336
923
511
525
114
708
280
589
107
57
50
672
889
230
151
489
414
177
114
343
55
824
451
137
745
101
960
76
291
915
328
258
80
695
976
708
614
301
423
807
494
692
961
599
740
57
261
768
718
447
346
490
444
657
374
493
988
755
264
289
583
687
134
211
671
278
510
320
534
342
409
733
799
271
513
431
985
682
543
10
832
402
222
632
428
440
353
644
564
4
31
253
706
405
598
166
446
976
369
564
425
229
328
476
27
407
101
962
181
70
586
966
892
178
296
734
205
587
788
567
658
744
445
333
611
871
545
546
515
395
882
885
787
124
715
596
437
235
425
966
326
113
6
275
90
227
453
746
639
352
906
39
618
446
5
571
624
752
436
20
874
81
871
177
991
160
379
516
590
214
738
458
195
915
717
831
265
793
94
785
460
586
41
345
810
373
350
753
676
107
586
452
60
634
671
380
404
953
750
723
446
421
907
356
314
538
403
371
443
982
521
352
240
842
163
887
809
553
53
93
198
136
702
995
405
892
165
978
531
415
51
832
527
607
914
901
208
61
110
424
690
253
683
649
487
864
304
438
425
916
661
817
299
307
606
73
151
238
442
65
635
368
71
815
338
984
816
258
946
23
766
199
963
917
108
81
482
376
744
763
635
411
476
30
439
322
58
863
168
659
657
865
892
835
314
364
422
118
569
595
547
154
675
85
60
922
704
541
551
830
28
647
129
756
896
362
687
374
423
592
746
668
850
855
992
257
212
3
927
934
246
54
689
689
750
435
706
295
396
542
586
765
570
537
86
103
443
452
762
568
739
26
491
699
350
443
837
529
762
622
671
805
601
684
613
572
77
736
305
490
978
475
43
599
494
95
830
324
487
808
718
409
379
29
926
781
325
275
197
145
209
79
805
922
127
939
200
352
811
260
371
479
577
114
288
599
76
79
751
884
985
530
396
402
326
895
375
934
942
974
759
925
200
159
622
946
692
36
956
88
26
336
516
508
198
273
454
758
851
849
14
669
640
745
489
445
167
670
175
490
653
902
849
515
603
716
528
701
241
399
243
507
404
189
69
869
337
863
895
348
167
949
327
126
118
595
217
386
478
18
621
911
986
734
894
644
257
10
124
597
433
747
111
322
498
122
690
10
722
316
457
418
429
472
681
594
74
475
808
651
493
59
442
531
226
744
143
981
916
917
505
767
696
822
137
517
237
644
59
281
490
771
475
474
232
95
967
114
138
984
702
417
48
3
677
433
450
966
58
857
668
771
115
709
304
3
792
970
903
494
672
444
220
468
362
148
729
631
164
615
36
273
445
897
155
326
119
991
826
77
526
853
321
514
801
125
847
564
349
341
778
351
670
752
385
107
340
440
315
568
256
66
726
95
396
696
642
584
90
375
988
476
878
143
672
931
1000
573
637
369
100
908
259
593
911
707
985
771
395
623
918
182
788
21
915
209
699
693
57
103
272
684
628
122
537
569
604
163
787
293
474
944
397
5
820
774
913
388
85
744
733
963
354
227
11
800
566
947
534
395
440
913
696
515
211
100
494
929
663
788
327
27
361
299
74
590
709
677
83
545
204
351
638
290
492
50
954
355
390
446
667
430
626
349
104
260
804
175
827
132
463
680
974
664
176
84
864
430
813
23
507
335
673
759
821
68
440
661
456
797
167
450
480
137
155
570
571
2
302
951
107
128
149
309
920
515
986
277
571
625
973
521
556
295
622
383
212
84
572
718
971
248
42
200
243
743
822
680
666
674
819
566
109
9
88
667
242
511
886
442
394
520
126
741
954
731
228
267
972
362
509
428
976
388
176
46
620
516
953
383
394
445
456
418
241
652
262
601
970
503
821
763
858
395
758
293
312
528
700
492
465
280
158
628
494
462
59
364
241
166
380
676
539
181
326
678
807
478
379
400
158
587
653
397
839
153
591
502
419
973
582
497
976
858
825
885
420
472
826
171
104
13
156
74
57
376
404
895
47
525
262
806
872
607
852
402
689
761
333
260
373
667
173
898
864
452
873
498
726
161
366
120
390
470
518
217
57
363
421
802
563
793
175
324
366
285
558
388
628
370
466
66
363
499
978
310
175
921
996
7
747
57
896
78
605
738
111
505
96
436
887
295
789
906
538
738
49
702
304
763
748
513
521
881
567
267
43
93
743
644
478
871
834
243
429
924
526
832
984
752
743
592
983
112
400
871
667
413
502
8
86
42
141
42
352
156
53
59
907
103
599
652
212
989
884
689
196
271
126135.5
492
770
595
137
324
327
409
742
443
561
387
113
886
45
601
499
971
259
78
468
904
974
946
238
115
817
90
433
287
805
686
676
989
261
886
780
655
937
839
931
720
165
875
705
319
375
786
272
932
684
645
135
281
262
715
372
370
934
144
281
368
605
213
526
271
366
344
587
54
225
991
613
601
284
334
803
670
731
477
691
473
657
939
358
159
745
631
497
909
383
941
998
295
670
272
316
469
584
126
351
362
901
879
805
191
672
7
879
55
53
535
453
557
773
78
492
861
620
599
31
370
930
993
112
777
769
770
305
36
449
463
382
904
348
371
735
569
227
537
466
462
574
192
203
124
955
992
385
570
804
1
82
256
959
812
766
190
807
475
163
877
688
159
888
622
585
595
338
263
336
26
907
113
902
725
785
136
749
767
435
877
755
298
459
77
117
468
243
628
241
143
215
344
489
931
651
290
597
659
302
888
932
736
464
846
463
131
644
212
134
46
300
752
649
944
629
553
440
469
576
876
74
782
727
290
255
635
201
749
472
778
823
504
944
78
66
21
85
886
106
490
587
580
108
995
356
273
72
806
909
24
476
394
741
982
410
783
159
260
642
685
123
896
175
172
756
509
983
819
721
722
860
984
731
72
113
933
34
76
798
205
925
152
708
65
167
983
985
921
700
373
277
210
514
619
919
113
624
399
39
172
298
321
54
544
188
992
550
9
963
666
489
868
930
901
895
555
31
332
475
91
181
594
267
483
317
333
682
46
704
48
410
579
387
333
206
603
836
377
980
721
90
599
849
279
288
279
635
471
698
931
520
601
180
667
369
911
990
777
648
425
417
463
954
245
315
979
549
43
478
128
333
382
169
358
338
461
432
732
307
468
530
787
606
522
445
796
885
780
705
929
247
953
561
295
1000
278
306
790
662
31
862
659
868
8
7
990
142
337
707
772
694
664
457
685
875
716
472
540
958
793
202
492
481
799
562
325
36
729
150
570
76
104
124
527
934
317
136
153
911
991
896
469
646
14
433
974
638
10
179
800
148
425
308
732
250
887
624
882
324
449
432
740
111
918
479
524
249
962
248
488
673
510
406
787
843
765
225
6
190
452
561
689
35
207
782
51
424
368
609
622
891
608
137
912
216
702
267
820
942
719
455
570
242
108
741
660
784
483
933
541
617
426
648
859
445
711
436
25
472
974
279
227
903
813
456
101
332
221
37
278
117
89
239
959
144
570
457
38
453
370
661
849
278
703
444
659
963
273
945
125
81
904
683
267
995
202
528
708
105
681
111
927
240
695
276
284
965
575
36
994
498
14
610
603
620
857
870
736
380
812
317
981
655
520
43
422
591
294
66
776
847
748
228
253
482
767
847
955
488
677
735
451
727
242
159
982
806
707
574
12
476
951
980
248
949
634
211
849
417
814
607
372
449
530
761
371
109
805
421
505
689
730
95
65
472
234
316
360
283
138
295
92
877
747
925
575
791
377
263
714
818
69
301
979
821
26
363
91
745
330
682
63
47
125
908
70
202
542
670
200
337
101
103
783
807
182
164
672
106
871
640
418
79
291
542
905
839
53
129
499
264
29
914
57
644
438
410
864
372
266
441
362
657
603
656
411
978
889
597
530
546
686
599
524
725
482
783
450
746
61
916
266
319
319
320
64
909
12
526
537
902
178
595
39
233
359
853
376
289
528
156
259
626
758
811
521
454
884
932
752
47
196
849
402
734
124
406
405
772
216
282
391
398
347
699
712
589
985
826
490
278
380
774
104
899
432
339
324
272
203
400
566
405
912
960
509
309
879
422
763
566
7
498
201
197
379
203
672
803
521
732
48
661
538
712
330
942
310
524
280
695
490
490
795
483
643
346
101
457
614
484
280
145
518
610
133
648
591
417
810
556
518
683
120
295
114
511
464
591
858
750
746
379
630
739
425
377
320
426
247
657
577
334
391
508
948
896
147
454
284
90
878
507
774
230
288
138
46
463
164
871
819
944
931
1000
357
703
28
136
642
525
808
112
883
430
627
509
335
252
680
777
620
237
295
33
771
628
146
535
5
803
722
810
878
601
193
699
117
626
527
183
872
218
621
706
924
625
25
705
560
716
688
964
19
470
628
614
926
13
405
974
377
866
956
871
785
218
451
582
553
483
783
620
286
16
116
358
928
198
387
169
217
545
787
95
358
647
73
948
337
343
834
198
598
670
852
25
537
73
782
255
732
381
985
897
137
42
873
571
719
997
528
864
70
891
745
906
352
870
733
872
61
284
928
98
602
244
499
722
126384.0
334
257
285
842
830
610
458
336
587
539
972
816
526
992
782
406
731
660
489
533
151
97
306
682
852
176
454
517
343
229
60
343
877
813
674
218
169
50
763
126
855
818
48
356
566
715
925
710
279
390
800
783
221
700
749
572
594
11
911
769
739
412
327
402
623
627
892
371
147
802
736
355
466
800
373
128
650
257
661
312
978
338
190
624
792
316
578
572
602
530
947
69
23
320
824
724
786
396
338
741
416
176
691
236
995
366
245
130
718
871
625
573
164
231
233
520
23
328
153
982
301
5
799
974
131
279
770
648
320
587
677
652
480
639
330
204
142
796
506
541
991
403
821
891
705
25
354
625
114
197
687
868
500
95
912
254
217
228
997
753
949
387
921
170
808
315
288
579
692
718
104
110
637
145
552
289
409
182
888
619
316
151
174
507
61
950
807
748
437
742
538
802
636
596
960
284
174
364
45
739
152
43
576
634
194
576
44
419
576
959
395
789
63
389
607
331
124
462
512
432
220
964
593
284
209
838
480
780
925
570
34
270
78
122
521
911
693
936
619
856
76
434
4
954
682
655
872
849
606
111
826
525
659
235
39
526
637
765
410
264
39
920
975
909
353
273
914
52
342
185
527
125
559
194
14
887
434
969
473
179
931
152
954
228
53
872
264
9
767
290
225
805
338
405
600
98
568
316
23
991
130
628
236
928
477
847
839
472
809
35
289
533
362
86
855
137
188
927
479
552
82
731
295
748
362
668
888
343
29
204
939
629
646
709
416
744
227
109
42
92
398
988
121
216
73
698
831
417
589
386
902
457
999
765
161
610
574
101
552
371
23
540
12
43
397
590
458
426
328
503
678
606
232
796
50
652
928
537
248
722
131
441
119
480
899
507
432
121
658
362
651
791
463
507
24
42
311
783
478
378
132
79
366
208
585
907
248
903
870
210
111
256
142
564
358
64
82
551
282
141
891
769
430
599
876
481
832
906
695
895
322
922
980
928
270
1
87
813
502
15
911
202
829
322
383
488
799
419
74
892
312
913
75
751
578
808
776
324
419
605
478
558
635
806
852
607
110
833
421
711
440
241
545
621
754
257
340
687
380
743
117
464
442
989
984
166
236
618
620
372
567
93
177
877
363
819
586
790
21
44
588
543
250
827
230
264
960
314
731
108
438
452
821
407
236
560
598
602
108
490
565
766
303
97
594
520
776
609
841
926
263
974
430
709
568
899
441
469
426
512
766
250
659
693
439
469
734
107
366
11
419
967
438
348
444
41
149
564
141
831
569
882
998
823
978
709
931
114
677
880
566
470
894
429
424
287
681
85
352
677
38
669
919
373
918
890
900
491
213
940
473
139
898
697
447
531
823
170
371
587
136
311
550
277
343
932
293
261
300
366
66
454
643
51
26
148
500
716
994
548
134
431
743
558
999
208
821
926
552
587
157
256
952
947
986
498
432
623
979
734
873
786
655
53
118
33
536
241
93
743
256
108
42
779
1
194
877
658
935
308
689
417
833
893
971
150
23
790
434
274
811
742
891
961
894
246
837
743
170
950
123
418
311
826
806
554
854
119
521
925
896
743
733
122
826
398
32
657
370
620
80
469
100
368
552
321
820
38
140
318
800
377
284
381
766
225
384
131
994
319
735
23
510
595
833
708
931
31
99
467
140
95
930
342
101
828
682
244
668
741
500
752
1000
365
239
239
886
446
850
76
63
904
948
173
483
205
636
643
269
288
625
780
760
538
146
250
27
380
950
127
806
653
854
299
985
130
646
595
77
662
963
596
269
644
236
22
595
660
29
566
574
369
61
453
909
797
724
854
987
195
624
286
913
335
518
354
906
66
398
450
25
227
525
514
164
449
857
700
776
573
330
606
234
760
687
394
698
441
598
535
600
472
677
372
202
722
590
417
5
310
335
294
920
577
658
323
218
543
276
475
620
342
88
708
771
478
679
119
88
507
308
812
627
516
594
763
640
776
418
482
74
86
858
11
712
74
337
227
784
769
459
418
671
889
669
664
67
550
905
701
273
264
405
767
559
922
515
334
497
462
722
175
251
239
926
473
463
343
168
287
361
757
974
734
969
220
129
286
688
360
488
342
317
32
962
432
670
410
242
905
668
100
666
94
911
149
552
854
105
404
326
551
33
360
22
897
576
706
748
729
141
830
475
505
568
1000
206
402
975
105
852
724
74
808
456
309
173
998
212
872
555
836
645
707
801
11
472
998
544
466
336
99
778
207
833
73
522
25
21
196
514
49
578
718
845
823
27
734
371
353
126398.0
120
679
909
158
804
448
264
685
58
432
626
260
132
17
320
586
637
433
457
513
604
873
93
283
233
851
560
457
623
685
620
677
102
211
575
761
638
902
819
782
573
127
936
549
281
252
404
326
196
688
468
243
272
206
964
414
767
975
813
267
570
518
708
657
719
384
38
635
938
218
240
657
129
104
112
905
697
649
979
671
399
649
375
473
934
590
783
361
116
527
43
846
935
746
819
256
251
700
364
258
974
820
896
800
233
675
742
825
294
203
257
437
269
683
624
575
423
719
572
72
164
949
900
25
897
801
917
257
355
347
871
322
194
284
498
782
836
246
608
532
909
578
469
100
263
898
477
376
358
797
474
75
638
822
989
649
781
808
64
255
954
672
324
841
921
604
40
435
269
362
59
880
656
846
86
706
981
821
629
362
333
804
507
577
927
94
675
173
550
185
484
159
214
496
337
770
153
708
902
231
531
915
451
423
583
478
942
582
89
23
478
175
452
635
455
738
178
586
863
532
345
119
13
816
29
137
802
188
876
446
324
720
471
906
772
167
475
5
210
96
463
509
489
146
690
424
458
171
315
981
861
542
753
745
470
459
310
196
553
786
284
1
338
25
681
789
224
852
926
894
184
798
615
795
794
127
908
116
140
809
501
804
371
786
98
124
262
997
501
718
83
161
830
551
958
865
61
731
269
77
773
435
695
70
879
110
135
501
619
884
868
414
323
927
744
919
941
67
949
451
423
368
849
284
301
261
839
657
306
800
735
431
821
208
525
320
782
934
562
966
26
75
326
693
74
252
414
638
441
602
617
555
679
323
221
483
294
945
135
675
14
486
212
858
434
351
315
555
780
423
710
431
707
246
595
442
774
390
284
331
516
559
772
569
833
585
921
968
673
698
139
224
349
407
674
936
837
189
325
545
745
905
216
713
724
126
259
11
628
789
63
728
284
366
81
838
891
533
250
933
508
205
137
460
349
613
32
106
451
112
666
51
71
111
850
943
404
261
26
932
693
879
115
650
963
467
888
518
759
9
22
56
557
181
66
262
270
766
691
455
153
518
834
232
730
440
561
145
271
234
681
741
768
455
803
820
171
383
694
166
976
478
778
53
521
871
567
349
577
539
237
858
562
128
923
160
995
303
980
911
672
419
958
87
353
790
838
782
906
839
222
565
37
677
920
342
316
437
201
474
271
174
97
923
58
505
650
475
482
18
933
82
288
321
408
198
551
617
106
533
819
652
665
223
147
525
168
965
519
983
432
104
8
662
43
956
196
527
611
90
681
26
999
234
649
225
281
909
433
77
121
512
979
616
647
738
153
832
843
302
29
283
272
691
983
113
250
557
228
117
998
823
306
223
767
494
426
873
139
362
922
713
30
736
52
164
778
653
862
634
571
495
162
972
91
773
592
205
763
404
289
577
152
383
165
807
257
95
964
478
31
698
978
91
683
411
825
280
611
325
286
202
747
931
195
898
331
683
52
343
218
843
15
146
869
841
595
254
791
637
332
576
900
115
856
873
786
183
592
811
331
270
555
13
989
850
861
267
565
34
272
604
967
147
593
440
408
958
122
48
483
278
252
912
773
689
418
289
423
429
539
446
905
657
514
592
710
935
86
654
485
710
235
598
723
852
25
826
822
706
54
938
353
416
774
391
143
900
278
537
25
805
196
664
208
200
930
754
722
277
210
196
825
634
725
719
89
550
622
898
833
79
618
831
646
730
268
263
723
687
666
238
464
440
365
803
2
590
465
915
457
332
811
636
482
896
555
441
391
243
45
398
966
407
479
980
817
420
292
470
262
680
569
570
172
188
313
230
564
802
891
699
875
731
996
722
955
917
240
579
806
772
649
424
129
467
302
282
172
413
563
470
572
340
620
613
169
640
686
440
202
512
99
687
854
247
81
550
136
732
816
657
631
401
900
659
769
513
703
481
20
725
421
205
428
512
495
981
399
508
566
190
864
486
728
177
65
182
128
586
847
956
676
928
77
898
280
760
534
304
683
568
191
81
141
418
257
388
457
285
758
747
771
170
691
147
527
682
742
461
587
815
843
682
618
623
229
617
453
650
920
319
204
264
687
742
317
635
3
561
855
618
911
953
517
590
802
541
391
94
892
900
718
826
201
825
26
66
627
671
986
374
292
638
655
192
407
235
353
193
753
227
745
433
118
99
989
668
998
880
707
185
286
267
194
750
76
98
78
158
398
103
11
272
533
992
450
10
663
540
124
847
937
864
674
870
549
950
877
765
765
982
128
360
985
125
597
274
974
671
121774.5
663
247
626
871
610
551
254
232
259
589
383
733
411
926
892
336
410
644
473
574
799
186
191
691
525
61
139
518
610
255
280
223
764
710
456
146
386
43
696
123
440
954
496
471
53
762
415
733
650
320
525
676
842
739
358
556
34
109
800
818
302
566
436
244
225
545
24
399
559
782
215
314
811
994
959
74
144
270
644
334
550
411
625
543
6
355
111
627
749
452
24
107
609
261
440
685
598
213
788
826
968
151
991
260
950
283
468
242
309
722
772
501
212
243
451
486
666
310
419
834
197
17
55
918
646
155
28
655
569
708
696
579
367
735
160
163
585
735
348
537
505
378
50
830
209
60
949
646
673
234
341
834
604
132
850
410
743
280
934
706
817
391
831
83
432
427
931
490
304
635
296
43
952
222
293
266
4
100
851
561
700
139
896
510
662
943
253
762
565
865
622
819
159
501
271
217
199
331
777
740
773
162
73
510
242
424
611
478
797
887
846
823
656
269
691
188
369
393
638
408
350
892
57
202
751
822
43
860
232
593
392
263
894
111
102
758
867
961
803
847
429
591
80
885
36
552
308
846
459
44
439
547
668
340
386
561
761
796
21
143
53
939
293
953
934
190
648
107
606
203
369
142
926
239
690
872
775
914
878
242
189
167
915
271
319
835
390
43
46
183
581
901
714
546
110
157
194
369
928
932
308
574
549
840
19
832
459
517
693
117
222
583
934
50
658
176
992
867
355
563
275
605
307
788
503
726
154
361
613
281
818
649
745
717
56
605
145
95
128
25
249
969
456
349
783
792
619
429
837
366
430
533
150
715
999
551
64
44
374
385
61
518
575
61
799
655
294
367
271
601
808
564
437
835
994
552
230
519
631
712
456
526
225
337
117
442
674
125
741
309
50
704
708
606
388
42
413
910
647
450
967
112
76
252
994
879
854
980
656
248
902
253
764
638
28
125
593
517
842
3
357
792
701
560
692
398
84
824
133
809
486
880
346
912
919
8
898
648
713
41
256
96
702
396
131
615
668
412
103
927
410
855
328
813
411
790
81
162
736
501
639
424
849
818
799
568
33
952
87
760
77
259
566
521
511
85
334
690
468
847
405
565
768
915
796
44
965
554
711
530
402
205
779
924
82
790
556
704
459
9
460
546
765
937
848
161
26
217
732
79
916
441
140
238
585
566
451
565
497
523
567
786
44
90
570
417
612
430
820
976
811
946
231
750
232
825
359
435
45
422
812
306
31
736
77
484
114
117
912
34
177
821
267
259
637
93
265
569
103
999
612
970
808
668
795
839
817
104
517
996
317
457
893
473
51
333
894
237
206
735
111
684
326
230
373
896
48
525
845
900
530
215
646
700
656
432
883
33
662
578
428
216
224
267
218
891
253
387
876
322
47
567
658
70
699
311
775
867
489
506
563
365
911
586
757
243
524
886
5
499
523
272
352
873
88
602
19
695
58
764
145
824
394
57
538
4
536
362
432
639
942
246
55
918
117
153
466
762
110
264
799
409
350
907
530
29
392
809
195
248
239
662
740
994
788
87
253
809
135
869
650
478
702
855
353
533
206
103
294
918
365
745
161
151
758
402
233
675
482
630
673
554
852
275
131
388
977
161
271
428
766
362
884
325
201
219
724
94
446
246
688
131
697
506
325
695
755
87
489
558
712
232
451
372
665
741
54
210
267
678
121
747
37
399
508
362
686
499
344
114
506
904
471
82
654
305
355
726
10
271
856
665
209
469
941
242
287
494
128
183
453
766
662
379
568
33
342
558
486
694
435
564
564
534
692
59
830
482
778
557
980
264
993
358
860
905
942
760
544
280
245
338
970
340
286
210
363
97
37
349
599
272
382
653
471
585
337
683
179
494
934
464
623
610
710
477
71
281
413
635
922
440
354
350
97
708
1000
435
174
267
361
245
325
554
591
382
82
497
581
600
353
249
818
849
341
500
586
114
514
527
390
771
201
447
718
834
105
756
98
497
422
27
389
160
678
161
171
243
895
624
666
413
536
875
252
620
827
711
425
732
329
304
20
779
621
795
313
311
783
546
120
114
856
358
99
452
337
459
112
395
380
721
850
824
491
185
907
387
870
436
260
366
620
119
80
440
571
543
909
889
687
128
648
141
683
103
373
836
873
246
800
587
249
308
530
832
249
819
984
762
535
791
82
555
607
825
321
343
819
49
211
749
609
755
848
316
529
832
156
747
19
798
414
779
212
78
939
926
781
433
659
71
577
115
12
207
170
4
502
227
159
75
879
651
475
936
476
653
618
354
123502.0
143
653
16
214
266
377
167
793
749
387
932
215
76
20
254
633
174
356
986
524
985
858
312
307
454
889
929
545
295
789
788
698
726
236
596
840
423
984
852
841
651
135
142
593
229
219
460
225
596
751
495
400
134
340
670
351
325
964
161
261
913
380
701
658
523
394
39
570
162
266
810
652
609
38
133
940
917
819
130
646
191
593
383
377
865
623
285
326
707
582
736
854
860
711
165
235
943
774
385
197
363
889
345
736
121
729
646
687
523
350
613
518
229
833
511
597
971
761
528
92
108
888
642
31
301
905
840
418
237
246
696
443
490
289
264
758
148
171
537
560
181
694
62
179
961
875
41
382
849
864
604
164
913
907
256
491
508
766
296
213
227
553
549
966
432
475
997
539
632
277
490
916
724
871
519
778
768
827
295
380
949
898
116
538
386
55
377
280
949
136
470
94
602
425
339
694
350
584
648
262
953
846
791
520
937
587
598
561
672
120
643
228
529
758
220
761
33
579
58
563
64
137
912
764
563
80
289
145
799
351
639
769
168
885
135
177
197
44
352
230
138
492
53
156
754
490
288
177
102
945
395
373
203
614
275
373
179
231
88
841
767
45
144
39
977
720
299
967
701
728
869
847
69
833
200
59
479
70
598
740
490
853
93
794
98
162
570
976
73
812
699
135
43
406
262
819
979
568
353
95
346
480
658
165
307
193
84
431
207
783
134
507
149
949
697
761
714
99
872
382
844
300
9
200
831
289
370
726
951
757
553
297
969
187
937
479
690
879
812
920
321
40
403
704
568
233
480
549
781
594
247
565
937
211
990
412
98
957
794
682
499
383
143
928
357
380
461
725
723
374
484
465
180
204
44
547
392
556
742
198
395
476
551
570
902
562
996
784
696
647
148
318
843
303
943
983
599
155
886
644
827
912
77
817
625
55
772
117
8
715
464
755
904
434
9
947
164
574
63
995
708
249
553
413
453
657
143
175
521
159
627
156
429
44
487
978
733
407
61
981
145
822
840
553
783
325
857
610
701
156
582
157
927
204
703
235
959
739
839
417
504
479
369
105
766
512
1000
74
693
276
530
736
470
449
959
843
163
398
618
187
221
495
674
167
393
877
97
506
941
557
658
746
810
74
360
111
931
212
517
947
466
543
292
14
948
848
458
763
293
904
530
515
562
854
525
433
634
344
526
474
250
211
334
832
656
487
630
486
373
99
429
153
970
161
274
132
930
476
746
627
85
769
14
212
569
578
965
935
158
988
267
234
24
774
13
944
615
368
295
84
836
16
917
243
263
127
489
946
351
3
981
548
569
543
851
641
43
742
673
361
349
374
26
795
62
193
324
452
552
137
957
743
369
284
519
614
616
936
769
495
793
767
148
705
691
124
678
670
148
622
936
533
897
992
641
710
636
191
874
412
861
674
225
382
549
789
256
161
876
533
99
793
647
157
227
385
676
347
232
200
791
165
811
875
438
975
139
702
550
348
994
654
352
61
858
849
847
153
714
760
327
647
896
51
252
950
769
147
943
664
8
330
427
78
620
959
128
154
258
99
11
543
900
76
971
458
424
861
632
119
48
333
978
785
538
690
993
355
599
389
544
467
160
668
524
686
755
848
842
664
56
617
290
770
717
693
461
982
279
834
388
917
863
442
497
327
728
945
354
401
114
745
640
566
214
272
244
717
329
392
523
240
196
672
107
568
333
483
356
907
331
18
265
988
483
662
610
189
112
779
27
253
660
464
653
668
432
496
870
805
128
176
802
693
426
984
329
408
77
233
152
368
295
512
97
909
176
462
277
416
401
812
238
703
10
116
431
334
793
635
66
711
773
638
670
791
531
996
738
693
581
764
301
397
327
439
298
350
868
438
823
548
557
316
125
470
868
657
907
329
237
534
592
714
532
294
770
568
548
791
330
685
726
358
18
697
263
592
145
364
255
758
717
208
771
516
465
796
976
380
432
312
316
542
409
68
190
271
618
494
872
890
70
805
964
750
969
770
468
431
308
568
705
44
24
337
526
356
703
277
242
794
778
199
974
137
787
759
774
429
621
942
362
602
230
602
470
511
180
683
489
253
690
171
59
722
415
635
15
571
941
729
399
812
657
591
449
493
118
52
484
876
973
874
510
868
515
216
148
821
602
466
678
788
56
252
142
129
435
307
435
203
17
472
37
98
953
601
868
864
666
204
386
176
706
665
966
224
24
236
699
152
535
264
26
946
694
153
12
618
980
995
543
854
534
755
341
916
124
744
309
918
636
307
746
34
136
262
633
654
121107.0
191
251
348
884
214
536
42
235
961
619
412
768
11
991
788
270
880
706
351
532
435
100
593
687
810
194
336
546
969
191
467
334
576
672
399
126
881
95
951
70
707
845
44
323
72
688
473
854
499
286
61
521
454
706
452
589
659
92
220
686
313
640
979
377
192
557
532
528
534
670
989
393
497
924
295
155
567
131
516
454
866
344
352
530
597
281
707
604
550
410
733
88
649
215
493
851
104
168
467
862
772
30
553
231
197
361
37
387
101
572
289
432
127
124
791
483
257
263
507
973
602
109
210
992
239
144
218
532
27
709
169
615
800
757
403
335
267
841
757
438
493
323
118
815
346
37
418
652
143
89
842
808
623
104
690
608
464
142
280
731
539
437
311
116
962
571
271
483
201
814
363
183
169
127
105
130
355
94
772
671
877
95
254
402
363
959
957
734
514
963
604
807
990
521
945
375
989
502
591
757
787
240
265
391
949
449
642
440
960
954
806
721
483
173
318
266
30
517
796
395
636
911
89
159
247
896
539
914
460
689
585
181
858
210
173
843
892
971
230
822
182
589
449
762
667
477
327
803
721
25
721
691
477
354
282
659
417
702
571
253
464
932
473
885
551
300
571
18
167
273
399
242
607
216
195
886
386
841
420
195
919
205
780
228
347
852
162
76
334
182
374
908
8
522
711
179
941
475
355
959
540
598
869
797
303
856
343
642
826
140
642
450
663
91
10
257
975
879
503
674
605
671
837
842
267
794
298
367
260
333
638
621
466
744
210
569
108
45
384
90
839
979
36
374
648
807
184
433
128
311
212
342
48
696
92
682
673
143
737
267
689
598
614
170
131
685
936
200
558
579
563
470
185
733
76
523
793
387
162
781
801
603
246
486
647
536
319
174
630
340
61
654
314
705
317
32
429
931
581
421
406
22
559
158
819
892
883
856
619
214
449
162
471
566
616
95
493
393
540
4
922
823
87
509
221
254
282
799
230
756
393
926
661
975
15
86
746
567
817
15
694
150
405
353
660
671
869
421
792
870
439
744
841
790
598
824
809
239
981
487
397
610
939
917
201
564
167
934
227
762
14
348
781
630
226
127
19
590
390
730
698
527
744
910
353
118
801
441
474
530
105
202
278
856
644
944
678
812
355
8
543
536
409
896
794
199
552
202
999
91
818
561
618
220
537
649
991
694
602
608
512
695
410
236
518
413
76
471
562
986
70
767
432
873
702
786
226
477
233
460
746
221
365
690
567
453
24
89
432
19
889
856
304
214
766
62
72
655
555
817
30
969
448
697
126
843
712
113
104
913
985
473
748
475
466
364
755
167
339
610
621
635
510
199
276
721
815
621
512
944
301
201
111
676
253
392
983
113
716
529
827
185
181
202
457
779
326
354
131
306
295
548
850
11
164
270
32
775
501
513
502
326
269
596
237
172
671
796
794
383
616
151
873
804
362
649
971
628
129
855
167
924
147
201
47
80
352
208
599
714
790
368
500
909
759
164
768
932
925
266
399
391
366
881
518
135
629
783
818
246
824
656
742
975
146
63
736
845
746
865
941
524
369
853
227
492
52
145
380
803
833
574
571
221
523
379
836
611
438
647
730
533
912
246
958
355
848
211
931
303
196
363
999
242
333
247
585
82
442
111
71
27
598
628
690
592
922
149
134
509
241
259
728
400
540
758
768
348
106
565
16
763
992
259
780
369
751
441
315
132
835
952
741
94
609
308
230
785
336
158
425
650
797
482
533
345
285
454
215
197
349
872
304
350
79
3
913
686
32
745
439
710
178
395
766
122
780
478
391
501
745
179
151
376
891
817
972
666
323
330
134
388
588
402
874
176
523
46
113
277
246
299
985
526
5
603
544
556
204
498
707
401
129
636
202
555
972
399
368
737
248
457
293
268
878
727
777
332
673
238
956
318
134
738
83
261
851
376
160
547
581
259
917
769
617
455
449
287
658
678
55
592
634
430
774
896
53
711
384
599
128
56
78
136
41
327
653
178
232
567
334
415
531
880
6
686
548
654
63
716
21
272
166
714
937
809
458
231
183
625
13
157
898
354
802
331
470
532
537
293
866
798
120
863
716
232
956
445
295
462
421
257
13
95
300
483
97
504
376
864
649
129
6
148
334
36
304
859
167
188
770
613
637
166
472
808
758
804
297
650
691
841
758
580
691
919
658
434
770
155
804
845
274
787
593
430
75
837
773
816
57
895
18
762
426
141
188
821
438
452
154
65
185
96
804
244
393
16
490
244
190
156
963
791
740
915
35
796
261
331
126290.5
96
699
537
199
650
559
708
685
963
479
507
314
783
32
207
781
898
377
2
457
384
937
852
297
290
723
655
381
806
803
497
689
234
334
660
899
874
922
369
990
460
66
322
577
969
344
353
135
42
637
407
444
666
302
433
362
748
986
94
268
138
348
113
612
246
511
570
543
206
352
906
658
103
35
872
872
965
954
191
520
777
715
265
420
370
668
537
328
563
606
652
864
69
698
45
119
175
732
276
237
578
984
602
795
194
664
68
579
189
395
537
569
311
911
399
584
518
829
909
38
425
819
266
65
95
856
120
510
460
335
268
449
197
181
962
665
951
89
169
547
747
604
451
185
243
975
775
248
37
879
96
230
903
958
539
298
608
809
986
283
987
474
22
914
781
517
976
463
423
128
411
743
728
814
808
891
974
920
998
274
518
826
163
532
429
135
847
168
818
37
856
257
494
472
112
639
880
581
310
212
252
737
755
631
905
650
414
647
865
136
453
366
246
860
795
809
689
556
994
648
958
86
532
814
46
116
283
111
249
272
768
720
588
705
63
102
781
77
293
110
153
501
593
336
696
500
470
217
782
991
305
215
513
699
853
248
510
330
195
703
805
163
694
35
754
787
755
948
929
629
84
749
932
697
353
153
63
99
105
852
420
879
69
692
502
162
556
870
787
748
71
125
946
529
307
865
107
474
377
73
506
484
274
133
545
90
151
289
611
763
148
614
741
971
232
823
486
168
151
374
739
355
118
196
796
126
984
603
862
639
709
345
520
183
315
478
169
877
81
815
865
47
26
627
930
267
614
552
154
700
590
674
632
287
287
251
10
779
666
640
262
327
697
915
269
411
27
849
565
456
855
593
605
213
363
425
518
568
393
282
684
420
145
499
346
462
838
847
586
650
657
370
466
371
355
929
521
47
982
578
96
979
784
859
536
114
624
129
768
760
625
885
240
494
646
907
797
581
601
916
119
232
617
518
674
764
169
127
124
208
129
113
513
53
563
987
600
395
78
912
382
801
393
567
628
330
841
675
673
66
956
322
384
296
573
259
578
727
543
556
907
475
480
138
475
391
746
122
973
279
54
580
121
382
947
929
456
342
596
247
562
463
792
27
119
947
65
578
35
557
21
774
324
220
944
57
41
147
977
963
156
424
494
175
951
887
87
781
144
982
610
398
965
861
928
421
652
341
916
412
371
281
482
741
496
625
294
602
331
70
493
302
220
98
841
117
188
562
124
586
303
853
453
400
976
595
926
824
647
972
529
184
715
719
564
887
401
284
147
154
993
6
46
391
628
218
710
958
858
69
603
467
349
496
863
735
707
882
835
451
529
395
302
856
940
252
75
333
323
154
808
701
635
242
992
615
144
794
177
460
534
795
420
779
604
268
529
686
18
611
82
548
549
893
75
709
907
257
408
585
633
609
281
383
715
740
459
129
868
706
886
915
125
155
814
370
498
303
13
62
111
31
972
803
786
838
927
880
345
283
747
690
959
80
830
852
771
23
212
831
967
590
178
96
376
807
501
158
891
802
368
370
73
101
685
943
917
82
737
102
583
532
360
160
545
574
868
782
53
215
829
458
663
865
26
597
342
455
786
422
276
538
76
669
348
744
361
819
366
758
997
720
411
762
52
778
340
981
306
833
35
938
869
447
718
349
627
794
846
521
894
700
146
540
132
236
925
558
37
351
855
258
619
776
689
630
380
562
196
829
364
32
85
982
747
613
622
126
87
812
919
440
427
496
603
604
265
611
767
780
674
177
792
603
28
952
797
254
229
274
383
300
389
678
210
926
163
524
469
405
43
841
570
542
629
252
143
387
223
575
530
616
902
693
129
808
595
959
328
766
226
614
999
498
180
428
572
366
63
480
524
595
376
353
141
501
283
548
63
245
302
623
909
805
400
352
964
654
847
666
973
770
559
242
36
758
932
703
232
355
505
766
676
236
966
635
787
731
990
387
371
413
342
480
76
132
322
194
475
481
301
897
183
931
365
577
269
894
373
429
670
512
91
213
125
278
123
313
364
342
416
826
702
350
19
205
431
710
141
348
782
855
897
586
679
760
812
523
539
774
533
102
743
229
810
831
447
655
925
638
827
662
910
901
393
422
244
520
81
168
214
865
388
772
795
864
918
121
807
844
632
394
929
769
952
228
65
165
336
316
912
169
967
453
943
157
394
621
630
914
1000
87
573
259
778
578
867
121
155
154
188
103
957
240
81
760
686
172
589
580
161
977
836
984
859
752
269
946
17
806
871
860
475
136
705
56
188
179
605
651
121683.5
713
225
16
795
806
377
388
371
234
578
150
628
330
899
698
307
100
589
351
569
648
133
905
612
312
317
175
543
69
145
611
398
343
729
667
50
589
25
665
56
719
854
96
450
92
740
252
829
740
288
545
537
683
706
787
653
597
23
754
655
69
708
823
449
805
561
591
545
509
603
975
341
920
887
880
185
94
112
879
498
793
268
460
626
85
376
428
718
298
395
389
125
628
279
13
964
643
217
74
703
4
12
112
295
199
297
429
492
574
542
285
377
962
27
658
505
461
176
618
896
431
159
152
906
54
56
249
541
623
616
717
510
47
778
972
433
170
812
657
485
910
487
625
723
751
105
918
668
866
197
757
825
767
93
182
725
122
203
995
713
289
448
652
158
594
546
340
600
718
806
918
269
761
228
751
39
651
114
454
642
482
186
908
378
71
957
386
735
574
894
117
720
941
455
363
435
822
505
300
706
308
357
848
325
963
329
723
270
645
884
596
597
257
165
52
225
52
363
888
406
377
934
17
218
764
928
874
820
878
678
871
347
237
358
483
809
354
865
617
798
203
501
463
607
653
437
557
697
264
97
578
709
766
212
317
793
857
692
713
366
628
819
914
977
121
191
473
138
981
316
607
165
281
262
530
882
673
959
910
116
171
144
941
362
894
798
273
177
344
186
215
839
685
464
950
132
461
545
986
893
391
509
224
840
109
980
221
619
519
289
340
356
347
44
43
268
672
767
87
705
13
712
62
756
671
943
61
312
489
400
105
746
279
872
138
578
337
215
591
176
948
993
760
382
712
803
724
468
840
254
105
332
143
749
105
761
198
212
117
361
642
731
76
76
330
643
684
68
506
606
534
356
28
877
720
519
665
360
566
786
189
667
253
571
472
564
382
189
494
427
350
612
993
717
732
143
884
856
833
374
602
7
420
159
648
952
116
825
790
331
507
108
493
602
518
106
742
411
812
152
957
779
58
580
127
148
523
855
829
796
383
892
477
859
447
87
634
661
216
24
803
100
677
518
9
678
726
261
729
890
355
730
653
766
91
814
176
220
46
426
420
436
91
902
256
674
698
837
44
773
845
472
99
594
232
3
467
664
637
824
219
619
202
941
4
141
802
460
722
468
964
256
173
863
429
932
208
933
507
21
838
660
886
897
91
20
998
273
592
14
200
692
425
216
432
479
190
626
414
490
450
631
137
317
395
449
718
316
835
844
700
632
260
925
986
814
597
491
667
388
461
94
407
514
540
332
887
260
605
84
341
804
428
348
554
130
790
638
812
892
61
927
849
666
507
808
466
8
876
946
699
454
73
429
121
345
586
143
483
622
688
594
430
191
324
827
78
625
685
912
909
281
132
838
751
401
96
297
821
633
445
252
240
311
681
677
695
222
467
294
225
469
550
77
5
214
236
753
826
371
87
427
814
634
163
173
527
808
80
342
154
97
608
931
144
635
676
673
248
894
482
895
205
174
67
219
712
175
685
618
685
265
952
878
956
200
354
988
941
158
440
388
419
837
636
285
374
846
834
133
750
630
583
835
664
11
57
886
777
859
345
480
213
755
43
345
68
118
61
881
747
545
384
124
495
356
442
505
874
671
469
519
122
237
527
229
507
173
495
288
889
212
961
281
117
320
587
49
984
219
144
144
136
465
730
742
493
201
626
447
580
244
540
378
379
763
695
528
387
716
215
689
654
312
502
418
226
442
344
104
381
881
898
48
400
468
799
858
863
272
292
570
198
534
380
367
442
348
57
187
121
888
522
459
604
58
206
842
1
683
663
634
268
420
578
141
851
519
30
602
33
109
730
460
805
793
964
513
209
499
896
341
442
344
606
270
724
44
34
178
157
373
146
588
609
481
230
573
817
426
259
313
581
578
154
493
177
537
712
687
771
287
803
133
659
605
895
365
381
426
115
251
919
801
386
263
3
265
262
700
689
182
992
859
331
265
880
259
939
669
890
644
802
526
395
939
951
884
734
529
662
90
655
90
772
409
237
122
88
662
527
495
336
705
612
742
602
670
884
636
773
222
322
624
742
726
14
301
325
711
221
190
94
432
687
239
614
432
123
308
631
930
822
741
95
188
127
375
166
323
175
267
13
133
129
649
259
413
732
816
46
161
497
154
722
234
13
958
767
71
864
541
928
286
365
775
743
753
54
714
216
893
193
520
38
857
232
443
154
48
949
961
947
805
794
327
82
867
270
764
354
903
487
807
367
193
669
850
948
463
392
45
286
14
593
246
892
60
694
129
706
234
107
769
735
962
180
802
82
404
123105.5
996
711
802
259
309
648
799
671
78
493
372
327
27
66
26
611
520
458
172
466
964
888
683
479
755
778
348
554
647
826
918
558
379
189
886
883
348
987
341
934
805
57
343
639
809
229
256
237
144
658
165
466
695
303
474
281
4
971
585
405
534
204
908
553
503
369
537
542
674
414
397
581
967
48
319
866
727
804
309
456
321
647
512
316
504
564
474
336
56
595
153
867
628
800
288
58
191
790
392
205
158
912
33
688
606
687
393
518
375
393
687
599
135
916
448
406
115
821
926
112
604
900
130
135
818
880
523
496
396
476
923
520
942
307
430
472
861
102
947
594
262
588
798
195
103
883
569
336
161
832
793
142
852
822
611
200
405
860
440
347
289
555
378
798
574
487
95
338
667
94
184
743
269
754
368
968
498
875
193
444
794
812
10
608
817
94
278
227
574
10
408
333
702
550
500
632
313
587
172
330
225
615
381
675
739
708
310
802
920
81
264
306
903
858
865
689
289
732
265
494
955
117
931
754
228
4
637
220
811
308
7
745
569
711
84
168
327
210
406
104
563
401
198
432
412
546
216
337
112
819
258
327
699
769
517
242
723
232
572
680
256
97
314
21
233
878
249
864
865
697
592
824
489
638
321
144
543
11
427
916
347
821
797
615
77
133
287
723
708
894
395
239
489
546
138
876
999
546
301
134
154
504
935
210
248
56
317
346
212
772
662
621
222
965
309
754
455
137
312
393
473
362
542
251
664
94
776
662
866
695
866
286
743
115
185
368
83
844
821
769
108
4
203
536
387
194
983
556
553
766
250
576
125
254
528
338
792
732
823
599
455
297
171
837
471
360
675
943
833
431
739
621
326
65
633
542
454
601
713
274
736
296
11
480
893
377
262
860
482
505
626
446
911
383
892
831
17
215
787
649
445
999
725
858
674
41
513
247
215
691
95
936
103
460
193
866
515
560
917
861
983
287
300
433
888
760
85
157
168
164
801
84
511
61
360
875
597
432
919
986
668
884
704
511
637
282
267
654
72
26
229
179
433
205
870
150
890
746
720
506
579
543
770
34
750
361
801
260
871
244
669
573
428
341
882
998
169
403
374
246
528
448
861
69
924
794
648
518
813
618
328
718
105
111
266
47
243
13
211
988
258
326
27
25
942
916
158
798
716
965
740
257
376
872
58
433
396
399
341
558
275
319
358
669
138
555
999
771
694
91
480
368
618
87
934
209
171
552
944
597
761
945
902
386
16
683
828
807
799
960
401
223
748
704
797
807
744
454
421
104
677
49
706
275
618
241
165
897
361
2
445
506
692
575
923
573
152
768
957
387
267
337
87
882
525
184
585
317
887
14
605
785
14
117
361
499
499
792
774
400
909
700
503
685
438
262
402
829
388
628
932
614
706
993
890
716
374
174
446
680
449
474
883
279
112
738
469
217
327
654
126
927
402
51
273
322
413
337
2
174
612
70
75
762
252
834
801
877
512
469
64
711
67
173
962
715
436
74
96
759
814
678
580
227
520
792
449
57
367
847
680
325
485
236
853
954
281
65
643
129
167
584
891
247
819
654
322
941
122
110
725
460
798
936
433
739
382
470
510
392
214
406
608
846
937
700
83
825
524
772
783
792
930
775
912
736
405
956
772
689
146
913
6
498
460
297
607
865
547
464
428
794
703
523
759
176
111
529
58
235
109
320
241
742
808
667
823
575
167
937
468
85
151
873
99
565
910
104
344
796
268
394
977
425
612
695
993
600
238
830
135
69
614
521
423
905
705
186
58
327
589
356
487
666
331
884
503
431
444
480
266
795
405
629
85
267
210
517
448
441
195
672
462
695
805
775
869
901
318
771
599
632
515
374
796
484
495
475
849
605
303
750
704
336
470
454
223
527
289
369
892
723
412
800
818
454
983
685
917
527
655
701
987
240
342
753
406
798
720
242
697
866
544
70
155
798
555
767
851
430
683
454
584
507
292
1
528
101
68
473
492
855
847
950
954
682
414
807
282
308
210
408
180
232
10
184
43
319
228
266
892
827
743
422
22
322
937
783
966
292
653
801
282
494
449
716
404
612
985
601
469
144
417
175
86
742
320
563
502
579
115
686
245
789
63
308
700
609
394
226
768
820
271
889
580
720
510
19
680
830
306
491
915
799
360
265
161
259
809
233
147
189
57
508
126
116
2
585
99
995
853
26
117
285
630
657
518
75
823
162
496
61
267
225
922
737
159
158
905
447
144
882
78
980
41
782
742
925
297
866
991
849
510
293
313
99
765
127
973
511
133118.0
783
276
617
699
975
428
296
312
754
494
176
586
798
846
832
424
420
629
524
584
236
176
1000
540
942
284
99
353
178
204
683
488
154
794
383
152
979
34
509
99
844
886
771
289
311
838
480
844
552
405
792
448
899
727
991
621
629
109
620
615
814
852
862
540
664
541
91
363
945
597
234
423
48
961
80
193
766
282
736
630
898
430
871
728
330
422
652
586
904
487
248
55
609
239
254
912
325
156
771
704
135
52
868
399
329
292
694
436
701
672
333
383
579
148
648
661
64
267
244
896
905
29
518
838
217
125
419
585
785
457
468
530
162
608
289
476
376
908
52
389
278
333
685
859
278
20
606
643
799
121
884
769
583
116
951
764
382
213
878
688
959
458
630
279
224
546
79
667
292
848
463
252
385
317
375
60
988
65
483
655
763
268
792
326
998
958
683
758
273
910
293
683
915
396
441
291
49
365
983
599
402
285
662
397
785
302
677
167
663
835
949
751
860
168
607
350
945
186
860
511
469
899
519
242
901
907
669
845
505
774
189
354
142
202
675
756
809
695
540
900
874
518
84
526
964
417
592
631
656
215
887
652
663
165
163
729
725
789
982
375
126
912
409
961
236
131
818
111
724
229
541
142
155
305
87
785
96
970
967
35
621
142
405
386
573
861
52
295
853
35
806
812
83
415
84
92
883
521
815
866
899
421
543
771
604
867
138
740
257
196
683
471
248
2
569
337
404
870
15
690
732
656
769
730
545
929
374
298
34
215
749
741
573
968
53
685
853
85
362
313
927
960
194
378
763
763
5
397
155
320
460
414
469
679
395
733
271
215
721
366
483
703
242
111
469
636
596
53
741
541
664
457
682
845
965
363
355
499
864
647
854
777
370
557
338
567
334
206
798
511
639
588
906
702
574
141
911
841
959
267
887
55
271
120
406
901
956
726
743
321
889
35
6
496
970
135
906
459
934
172
612
620
31
539
479
203
382
747
852
836
86
940
741
981
537
217
440
498
584
109
290
31
325
559
625
811
65
276
322
940
348
910
585
744
559
841
993
311
93
581
51
447
357
998
803
544
358
660
286
737
511
363
372
738
748
11
632
553
999
783
627
611
643
929
186
284
776
567
831
401
509
253
89
834
468
906
401
986
387
109
239
665
418
934
502
173
136
255
541
6
701
839
386
172
933
606
953
646
741
442
365
620
173
283
295
390
46
312
921
956
592
543
803
995
407
739
333
362
313
489
547
82
408
638
307
385
848
198
343
86
741
683
668
330
958
281
445
549
161
813
981
896
697
699
476
667
664
15
823
998
863
561
691
493
747
457
206
153
205
647
549
649
453
90
79
879
186
677
305
967
653
193
833
945
683
584
434
216
519
582
829
369
272
380
595
683
985
244
364
458
908
420
257
104
459
249
973
840
42
404
183
430
854
810
785
252
192
765
413
260
248
141
209
923
206
682
95
729
750
732
681
934
392
297
460
158
1000
150
920
461
380
216
259
786
90
368
105
967
256
173
942
376
586
688
975
283
15
879
602
232
230
630
618
699
500
112
97
949
428
915
136
330
483
790
538
413
80
18
941
890
479
636
609
53
446
184
353
553
352
544
401
633
957
137
893
329
822
166
295
292
178
171
8
298
777
272
688
130
804
349
357
152
390
582
571
784
900
171
886
633
404
193
665
542
485
786
37
452
609
759
338
620
9
317
359
338
433
403
447
159
826
875
873
56
17
450
987
870
327
208
497
626
690
551
992
220
582
447
889
191
415
928
551
469
807
19
258
800
850
680
381
697
293
342
11
209
45
608
541
561
511
175
670
379
952
796
886
439
568
530
693
264
682
363
414
251
675
33
766
276
51
351
487
679
863
514
727
550
775
376
113
318
19
730
508
585
243
441
908
591
214
180
223
128
936
536
560
327
265
492
35
315
587
844
824
272
333
149
126
798
522
34
473
918
851
295
199
164
387
624
87
555
881
470
226
952
566
819
567
558
752
183
986
58
796
368
274
213
289
702
678
689
761
704
597
729
716
675
901
785
215
193
400
653
574
751
804
213
372
691
135
168
436
605
398
349
747
401
992
381
446
872
3
839
122
238
334
501
664
459
655
245
381
209
841
721
711
349
917
808
40
205
991
25
777
293
45
893
414
155
457
433
754
276
385
756
578
824
806
750
654
753
277
592
960
963
953
495
269
50
342
969
264
634
858
253
818
962
863
871
75
968
384
719
314
240
962
752
270
638
256
139
717
32
906
192
538
157
167
112
547
183
318
649
431
878
677
773
793
408
128469.5
957
771
595
218
966
590
962
723
285
444
437
374
103
69
963
571
899
283
917
406
606
838
573
488
386
757
93
551
426
889
122
580
448
183
398
799
743
876
972
854
215
80
222
636
353
175
568
107
685
553
930
489
784
342
365
286
942
955
693
321
800
82
742
550
795
399
455
622
209
420
298
558
707
1
998
799
927
802
703
376
126
668
105
314
762
631
332
348
575
491
553
861
782
814
566
92
216
813
584
377
866
997
667
671
249
663
234
481
218
422
513
554
272
836
318
315
873
664
305
43
752
953
745
69
752
899
601
428
975
550
654
475
48
421
538
553
875
106
344
622
785
691
236
185
309
969
435
451
968
841
774
192
351
904
485
177
370
878
82
341
238
463
474
809
870
393
416
370
362
69
20
829
781
730
958
897
4
841
943
440
919
668
436
729
510
92
533
244
525
162
933
311
105
696
229
677
883
619
356
417
939
707
285
587
713
692
759
752
913
156
501
238
363
790
854
750
215
909
503
449
514
185
27
659
715
149
914
197
492
306
957
739
908
884
757
283
173
234
424
27
10
467
661
392
997
528
452
435
979
774
614
331
195
835
440
207
567
134
134
569
99
18
250
2
602
915
743
893
619
759
30
855
200
691
801
297
4
59
887
871
890
777
831
707
655
47
695
713
919
963
852
114
72
638
919
946
687
438
845
193
151
586
469
170
729
161
185
172
667
789
16
490
101
971
407
710
21
183
433
262
318
356
307
184
367
29
862
624
81
714
872
255
238
19
569
327
810
916
424
732
819
66
920
576
391
145
408
688
967
660
201
506
347
371
205
272
997
869
32
644
133
215
713
981
71
278
160
934
264
550
355
575
435
80
6
643
201
427
224
420
156
165
854
497
188
421
703
745
241
583
956
363
824
204
963
780
43
85
319
733
953
915
271
978
85
63
427
276
897
618
885
956
146
417
825
850
418
465
725
762
347
319
384
540
691
728
329
172
884
207
915
105
771
22
716
873
594
594
900
921
56
872
832
489
827
285
627
796
57
3
733
3
97
353
589
136
446
655
612
370
109
587
120
90
649
492
206
327
640
263
40
559
975
166
662
947
458
421
704
123
497
339
620
81
135
652
755
340
745
533
119
679
613
134
399
147
735
93
540
843
851
251
166
24
527
758
345
770
585
939
807
97
454
782
743
310
965
258
94
602
681
302
291
785
224
529
772
627
635
16
730
441
270
39
530
212
286
708
34
444
651
937
715
365
332
651
808
747
35
937
151
307
245
689
425
660
902
539
3
106
600
194
217
363
830
286
110
921
758
93
592
483
11
586
752
643
890
944
351
283
655
290
902
817
814
124
380
283
266
97
339
710
407
95
297
413
588
733
934
379
895
640
863
691
151
349
490
805
718
566
346
646
516
939
68
828
818
238
175
539
275
606
425
106
757
739
609
250
703
747
381
870
262
19
311
312
273
353
859
298
386
127
841
658
956
912
564
774
955
454
241
748
382
169
133
678
312
120
973
727
720
582
783
374
251
749
831
83
423
817
995
321
420
203
466
873
543
23
638
120
759
722
517
151
696
501
144
922
374
56
123
359
405
972
899
886
412
418
472
389
530
453
511
884
623
571
749
738
947
799
687
848
376
720
463
695
547
791
611
702
40
846
4
352
201
206
14
883
384
402
291
808
942
453
255
146
138
570
54
334
341
400
636
750
23
708
937
598
369
837
736
27
498
923
388
455
69
174
755
761
815
453
956
368
736
725
440
492
544
908
976
66
175
611
261
981
151
265
873
416
585
258
221
656
351
880
67
293
660
389
426
835
396
563
381
113
713
661
814
523
918
773
627
590
367
711
808
884
371
753
994
723
361
238
945
408
455
361
649
571
998
770
124
258
36
515
660
639
933
386
345
851
322
873
589
425
479
629
739
501
625
703
130
72
60
708
97
950
853
132
915
901
744
142
422
741
314
879
363
376
78
374
542
516
87
74
616
232
382
352
507
774
284
912
713
665
203
872
770
270
763
333
92
212
279
371
107
413
486
125
538
734
406
291
295
256
681
786
87
380
821
805
684
406
719
647
61
654
40
635
925
88
474
162
947
810
883
593
831
473
892
657
662
717
596
323
842
618
428
245
119
803
325
889
930
615
471
177
824
909
444
657
122
660
136
336
297
127
43
191
952
322
926
333
167
47
237
457
639
885
170
19
147
376
486
695
601
131
734
108
314
97
848
308
276
677
486
212
74
329
646
885
351
924
364
735
835
895
455
970
893
842
681
278
15
29
654
254
804
673
127075.5
765
278
208
818
254
398
17
196
97
522
744
563
635
990
818
437
427
807
706
511
329
139
273
430
610
207
829
507
128
148
521
431
487
784
898
191
720
213
893
95
681
831
339
400
778
918
283
908
46
365
287
462
892
728
54
796
478
103
416
717
154
881
555
434
239
631
310
320
189
543
674
514
554
976
130
162
707
218
333
705
925
413
18
713
350
350
397
685
173
594
173
79
496
213
92
880
983
253
679
645
562
3
899
253
705
302
111
524
456
600
688
446
392
153
238
672
327
279
617
960
38
40
593
991
621
57
468
476
342
498
419
438
868
657
866
400
892
854
909
335
45
283
604
763
167
53
910
512
589
251
708
848
486
54
159
817
697
61
660
598
548
611
898
193
461
575
987
729
100
938
862
222
383
283
112
90
929
212
118
522
907
304
283
191
873
948
507
778
41
864
524
663
87
263
76
352
683
332
746
638
288
373
366
464
787
336
683
273
546
785
465
718
362
168
997
329
420
157
470
503
404
763
632
390
924
815
896
856
442
704
805
282
448
131
463
730
641
849
817
963
4
632
520
596
88
565
928
506
266
227
91
642
695
250
174
739
434
864
433
401
997
947
962
913
551
181
540
105
834
158
132
209
292
400
42
751
337
991
924
219
603
202
211
233
756
969
766
208
723
83
429
941
18
320
667
130
247
587
763
767
790
336
311
893
190
827
938
754
176
295
726
433
635
93
773
318
136
907
249
772
213
580
521
849
442
900
810
332
623
329
442
834
798
962
801
620
309
156
638
355
364
937
857
428
979
773
228
404
892
244
596
512
157
728
62
752
18
209
107
303
567
862
67
87
696
788
375
59
11
450
894
362
98
932
442
277
163
558
666
548
901
756
168
526
581
653
603
263
523
363
839
710
954
831
432
296
87
860
805
259
369
6
450
69
16
978
820
771
660
345
270
126
724
607
935
186
392
533
390
199
729
667
638
491
34
314
852
737
120
841
242
968
462
961
72
66
688
327
103
143
233
118
995
433
488
705
107
296
675
936
589
921
12
558
66
906
527
353
328
580
522
510
734
951
680
537
695
573
953
825
177
353
456
765
154
65
21
538
714
832
631
571
952
954
644
290
514
647
76
431
92
375
624
876
285
891
935
987
437
106
171
739
383
887
918
329
407
216
511
120
44
946
901
149
977
698
883
795
635
426
579
613
124
285
444
402
544
422
316
953
792
529
723
915
684
832
437
299
854
557
966
71
773
589
99
380
682
220
916
86
999
616
575
303
296
302
158
413
697
920
495
797
726
651
825
779
306
66
458
808
455
516
838
318
268
392
41
67
725
776
916
747
283
280
496
816
537
652
980
885
775
298
464
889
370
574
295
264
805
563
335
404
641
361
921
611
103
254
798
501
967
400
150
96
84
199
413
760
730
544
757
412
590
903
625
234
924
739
945
227
310
112
208
931
978
605
422
701
747
652
81
956
801
282
643
1
13
137
500
540
842
208
461
869
500
404
186
928
346
237
418
341
376
717
195
274
328
933
125
147
36
735
990
809
485
43
871
895
900
851
15
321
667
803
81
549
430
32
678
859
292
577
341
95
736
82
594
657
545
632
916
593
451
69
804
428
479
168
865
214
630
144
537
238
267
369
443
133
916
306
559
109
357
740
261
880
286
96
629
671
703
170
81
477
479
841
750
507
195
758
472
584
844
347
542
221
477
454
639
254
590
885
441
149
79
474
788
920
433
170
879
460
439
623
462
316
89
542
65
120
149
973
191
420
49
22
185
830
236
646
1000
712
987
359
931
164
928
678
688
619
725
146
962
467
551
933
953
334
939
508
504
153
93
494
481
271
791
169
750
164
236
254
469
760
257
670
30
718
646
425
319
322
986
704
274
482
853
320
353
515
949
51
580
144
595
519
195
313
602
492
711
344
730
846
985
308
144
53
684
868
676
186
152
818
364
284
745
135
993
583
37
671
72
499
764
956
129
775
800
703
58
181
535
166
32
281
780
83
78
666
310
629
909
795
231
679
498
600
838
826
884
365
851
667
809
820
344
142
67
561
731
178
787
599
379
364
5
404
488
454
163
823
614
832
883
244
912
343
505
529
195
290
149
277
782
729
602
356
589
725
610
192
376
22
880
361
239
891
313
98
116
386
29
324
819
734
989
970
188
777
702
597
195
654
846
874
612
516
195
192
93
896
237
653
797
383
691
896
872
810
463
812
641
789
632
413
750
865
708
641
125
110
498
2
108
250
99
87
629
79
736
216
743
743
354
942
74
734
721
268
125887.0
904
768
471
212
670
514
696
716
413
439
316
351
308
75
901
488
57
247
620
565
2
958
714
494
519
811
375
448
653
837
836
514
780
225
209
782
468
692
466
948
66
217
518
544
627
89
789
96
786
563
372
476
813
342
904
282
856
814
580
211
731
36
598
525
483
282
612
692
599
409
23
398
157
88
624
770
230
759
721
367
194
603
44
256
313
577
988
241
714
349
537
841
433
823
908
212
594
836
110
267
250
968
786
833
567
647
881
456
698
422
837
599
39
890
343
394
344
723
345
133
232
909
410
83
621
917
705
443
903
482
555
550
939
318
815
653
795
89
668
655
917
665
467
149
747
883
663
576
954
780
929
75
270
852
910
281
135
970
219
315
881
377
146
841
603
421
295
371
337
40
360
810
158
759
50
834
528
832
251
428
137
675
948
886
51
78
371
198
350
142
285
268
612
821
396
721
982
638
609
264
971
541
456
614
848
653
334
786
860
219
588
284
588
909
189
635
216
825
402
586
747
166
5
601
166
222
755
193
296
262
479
659
424
907
866
189
100
200
898
21
709
444
558
349
296
384
399
396
319
823
92
275
80
848
519
244
145
77
927
622
126
129
136
122
819
826
792
836
19
808
275
755
984
657
260
316
651
36
674
750
465
789
260
837
220
16
506
843
681
860
589
129
269
633
431
970
480
354
411
138
432
744
21
154
531
123
304
172
722
747
711
549
646
821
761
583
270
64
583
258
987
381
288
209
413
167
422
603
256
757
318
217
887
42
929
281
172
932
537
644
892
92
291
526
543
130
80
535
392
827
200
501
691
172
440
236
249
719
769
684
470
228
315
866
696
294
478
936
714
562
129
583
158
63
467
662
426
532
514
523
288
261
161
516
304
419
91
835
954
638
55
322
306
83
591
747
978
135
332
705
140
920
729
950
49
18
216
260
193
570
137
848
659
486
518
731
858
536
172
795
830
383
774
533
491
777
799
337
183
242
26
104
217
98
605
838
375
658
858
807
855
927
234
491
708
296
123
693
357
123
525
105
318
396
399
84
606
658
856
398
209
574
194
39
550
370
265
386
621
187
689
606
640
313
699
883
857
508
54
139
894
505
112
46
274
713
648
434
955
496
782
635
728
172
390
209
903
39
71
809
144
289
656
68
901
641
462
850
650
887
539
73
634
827
116
241
2
276
233
530
201
445
755
782
264
553
17
666
997
146
785
428
271
66
729
148
915
643
181
384
822
832
563
498
614
691
923
735
808
820
747
386
805
719
147
761
539
669
363
38
481
260
744
428
367
271
292
863
640
208
437
524
951
625
289
672
465
907
800
183
895
256
86
817
667
189
518
410
844
211
94
717
328
28
96
444
260
646
881
394
262
680
496
660
550
318
29
646
388
471
90
525
681
927
129
731
356
195
561
472
287
653
503
107
932
717
828
209
119
835
192
788
533
110
546
479
547
346
143
281
418
63
781
791
371
958
909
853
909
508
239
730
630
132
494
582
490
121
606
731
101
685
419
341
124
656
761
15
614
883
733
288
362
206
613
998
176
178
973
239
973
697
246
161
573
502
257
925
337
87
731
427
536
977
103
963
73
379
381
336
872
418
183
833
547
479
221
802
687
792
981
762
296
802
992
566
532
876
232
768
507
866
522
228
582
69
281
897
114
337
836
909
280
504
541
131
364
480
589
293
499
322
417
675
360
704
737
530
782
811
300
156
620
909
603
508
360
6
631
788
281
468
779
380
634
626
77
451
633
933
654
40
362
489
580
955
937
90
51
450
203
256
525
707
466
842
61
358
610
458
33
794
477
499
653
94
651
633
575
517
832
828
624
600
831
634
288
811
276
927
855
834
741
270
101
233
451
196
940
482
91
585
879
391
68
425
749
718
580
520
324
877
371
784
36
520
813
711
730
535
958
661
353
153
541
663
180
943
459
87
861
819
640
142
642
696
642
841
434
357
819
283
477
442
17
97
267
248
913
241
357
763
807
919
634
630
235
876
905
276
764
419
585
286
861
294
176
417
723
113
300
705
813
238
784
150
582
862
204
418
667
761
472
408
583
699
43
683
424
564
881
144
847
191
185
779
686
588
916
374
513
630
832
673
506
247
254
659
218
333
980
715
204
935
432
734
87
187
86
892
713
683
848
719
577
197
952
55
46
231
174
458
348
363
750
83
518
449
35
800
408
142
523
428
364
607
458
52
659
208
508
178
886
118
197
537
890
172
383
433
875
961
985
918
570
726
843
824
419
881
365
813
878
330
471
52
893
176
791
711
122363.0
611
301
436
827
966
523
734
352
391
521
274
687
248
871
137
434
753
663
147
373
978
59
387
555
638
165
855
615
899
262
950
433
295
700
212
157
264
266
589
108
888
812
708
509
434
908
932
857
5
458
421
442
918
678
865
643
815
228
172
737
680
953
673
570
381
692
949
306
564
641
672
521
723
829
744
235
289
335
65
645
31
477
529
758
921
392
145
813
355
711
709
224
391
239
349
726
702
154
276
652
48
120
763
253
235
415
710
477
467
661
828
485
411
145
485
663
58
286
93
903
422
18
327
897
721
147
232
526
155
600
334
522
36
735
234
412
936
918
55
262
979
377
272
756
564
116
405
359
337
156
767
891
227
80
349
628
622
90
216
685
783
645
540
177
599
625
542
574
304
903
947
95
246
200
610
95
769
211
711
508
98
374
547
40
515
862
788
741
357
944
191
638
654
145
518
286
93
265
964
746
379
470
178
466
281
324
459
243
240
740
278
666
951
188
626
334
80
183
441
454
461
758
518
379
487
838
426
834
716
688
36
284
241
174
394
906
763
707
384
958
184
514
623
595
33
687
875
548
276
200
703
714
347
71
714
737
717
942
381
342
903
919
160
791
33
269
120
214
226
270
893
196
512
264
938
759
542
900
692
215
482
188
905
219
794
913
656
235
503
81
337
866
696
352
261
3
320
635
657
884
803
245
108
856
330
892
760
892
657
271
84
461
94
140
723
376
226
966
411
829
107
644
909
784
574
905
731
385
877
331
656
832
929
874
315
815
757
154
609
368
142
939
296
393
100
959
59
545
872
149
177
488
13
843
860
712
256
275
657
403
70
751
577
154
72
791
895
62
126
369
811
435
354
996
717
380
523
458
307
385
70
750
387
441
626
645
332
112
187
281
377
678
323
965
3
319
736
934
945
371
884
4
656
149
974
990
324
780
4
526
267
221
459
534
101
347
107
501
592
262
680
612
642
472
164
157
119
683
943
785
849
963
295
875
126
259
923
296
380
183
301
133
229
530
310
708
442
381
178
820
7
898
274
689
658
820
901
268
540
547
615
491
634
954
793
672
566
703
440
792
186
391
297
743
275
28
40
472
200
896
300
478
64
856
243
355
67
663
815
429
439
428
378
735
833
778
584
933
138
191
911
711
788
912
136
335
545
130
963
86
493
912
997
212
353
763
405
779
698
372
181
597
202
260
502
386
454
311
536
858
544
649
441
979
523
827
785
422
823
689
600
100
665
580
928
280
411
321
558
91
413
548
617
341
384
157
314
381
844
870
196
696
845
648
449
717
523
151
912
806
61
542
137
308
284
367
95
128
299
726
535
729
224
248
739
735
389
596
855
793
209
345
161
946
692
601
858
440
804
620
198
358
190
249
524
591
580
440
516
598
998
378
496
125
63
218
537
757
63
436
102
437
763
931
449
214
212
867
951
203
586
226
46
836
405
588
52
730
902
767
519
891
959
138
278
104
431
185
589
468
150
185
890
894
574
479
430
897
303
201
602
349
42
609
851
374
923
965
861
90
306
672
164
706
368
90
44
787
182
768
301
229
181
891
877
399
960
142
689
955
371
571
34
84
503
86
46
593
122
593
413
539
325
138
592
490
236
196
466
230
540
335
823
165
447
346
740
109
674
209
695
168
853
863
47
906
866
40
783
628
338
125
639
516
493
771
195
556
827
702
789
687
255
365
19
286
929
399
842
129
167
792
908
115
37
411
287
953
273
263
915
518
600
690
609
416
703
632
487
29
106
942
928
428
731
14
457
934
791
570
581
774
241
245
835
115
768
565
978
504
188
143
220
407
58
1000
305
278
684
427
698
173
874
304
482
393
980
208
399
42
454
122
944
696
177
781
975
730
983
531
473
432
192
545
79
672
583
283
622
559
155
104
247
230
459
534
230
265
373
372
924
438
658
938
797
342
921
112
782
918
100
127
474
940
454
234
890
91
661
635
40
715
423
577
229
877
702
704
805
755
801
181
762
69
71
358
371
181
83
777
744
490
307
660
776
799
35
678
681
900
307
360
268
666
284
830
830
160
399
598
12
295
320
638
560
279
940
259
491
463
887
920
822
730
286
303
663
339
505
649
566
419
511
265
982
831
384
367
935
634
688
344
400
85
564
296
491
776
573
165
673
285
229
330
43
788
33
920
400
844
859
452
172
557
131
998
776
452
459
202
679
822
883
630
921
489
10
971
18
759
955
811
158
881
42
452
745
752
986
552
644
6
929
66
411
342
458
259
481
119
965
255
543
703
442
947
87
884
187
244
124007.5
378
620
848
150
940
424
896
587
608
437
159
260
194
90
616
614
332
379
281
672
106
897
68
417
875
741
377
306
365
787
401
485
939
343
988
773
703
650
925
975
415
202
405
479
843
191
321
193
971
589
614
496
82
302
329
442
17
822
754
164
722
132
940
456
344
333
17
671
349
370
106
382
487
175
671
858
395
708
662
361
147
494
821
247
702
696
37
213
244
316
798
865
772
745
995
369
387
817
949
289
910
814
595
818
789
591
718
512
278
366
858
519
56
932
789
378
657
808
420
191
292
898
681
184
462
942
881
453
73
365
623
498
484
334
297
520
273
53
476
807
803
538
177
300
131
848
509
702
932
922
80
105
23
959
559
379
676
897
254
358
483
307
234
778
377
373
342
463
671
164
34
941
523
787
638
941
746
814
490
497
728
657
999
894
550
74
880
261
151
1
177
279
857
761
282
691
323
714
448
167
905
471
521
481
72
677
169
830
2
254
456
364
808
858
333
646
720
775
746
614
14
208
661
657
807
63
600
169
213
395
138
750
255
751
579
38
64
228
14
20
133
438
848
438
346
331
846
532
294
873
35
187
492
985
189
232
855
122
823
587
157
24
895
299
496
807
771
787
124
699
412
714
391
833
765
284
362
47
946
736
989
764
126
777
521
27
84
750
249
973
767
154
127
719
446
985
516
269
203
67
587
703
9
142
155
135
980
93
847
800
899
495
210
862
423
607
357
107
394
100
286
328
707
131
563
101
205
677
719
679
205
216
384
210
340
265
518
779
337
542
580
126
372
556
812
120
58
476
560
791
912
433
700
196
724
386
906
823
195
604
129
323
219
929
541
187
689
987
974
582
977
544
957
100
165
535
270
451
854
681
617
329
356
572
335
273
734
853
157
700
461
369
631
86
784
692
558
160
102
615
693
922
298
918
250
57
131
171
780
543
160
849
752
441
537
646
108
476
969
649
837
308
958
580
400
823
886
267
831
119
679
128
756
98
206
702
266
700
581
717
102
880
436
505
310
347
316
667
571
229
165
87
260
338
303
133
914
698
538
476
132
423
851
79
248
249
600
235
952
277
666
596
453
186
280
964
452
574
905
26
483
465
936
101
519
708
733
322
854
544
235
661
187
272
431
305
131
15
49
902
628
285
608
88
602
585
426
949
176
863
183
92
86
882
69
137
242
224
523
648
320
394
429
669
467
649
971
696
147
128
132
407
240
51
148
198
975
609
300
234
487
809
248
499
77
814
335
750
214
875
540
377
493
660
831
801
251
668
312
175
433
239
624
282
986
243
233
840
167
176
796
506
153
699
245
584
791
915
870
292
352
357
145
686
137
228
947
312
570
122
507
723
530
85
957
421
439
487
89
328
507
717
451
806
781
416
355
585
606
379
77
719
617
857
422
731
679
169
755
557
93
633
149
51
34
788
99
68
350
715
726
679
944
87
954
319
311
189
873
330
637
106
435
946
514
927
891
815
553
597
570
828
886
113
138
453
756
103
332
877
902
667
356
356
717
586
788
52
144
948
1
338
326
320
967
963
549
295
244
232
416
767
219
145
669
542
255
888
4
21
715
440
310
871
682
995
933
455
575
414
910
440
934
776
971
494
464
820
273
717
346
662
883
766
560
620
699
805
166
819
152
892
985
111
705
147
4
898
448
386
4
904
446
434
730
145
63
417
955
358
661
256
473
650
108
705
632
593
447
797
134
173
858
983
442
579
438
44
768
709
344
496
883
265
852
600
74
367
752
873
487
15
696
594
104
986
826
138
453
400
200
232
848
688
724
905
700
409
399
512
377
906
387
654
132
35
104
659
856
651
303
745
151
758
863
676
773
876
583
919
958
818
123
379
21
223
600
323
247
521
309
570
112
551
338
299
763
671
741
486
90
979
409
828
574
534
111
763
383
686
816
581
435
4
570
676
584
950
203
71
224
934
94
130
90
853
269
986
185
391
656
227
762
495
870
64
10
273
933
169
531
877
997
851
277
637
607
805
944
246
966
607
35
280
554
119
799
394
657
167
114
713
93
372
810
215
994
881
239
466
858
655
418
312
523
731
775
836
250
468
971
143
928
329
565
608
875
601
48
448
896
570
703
778
904
251
541
731
121
376
217
618
726
978
371
621
627
169
8
740
830
643
415
730
592
282
345
69
268
223
598
523
438
413
555
33
419
604
76
808
707
166
824
407
797
437
464
115
794
300
170
255
11
113
380
458
727
347
900
439
981
928
723
912
398
610
773
779
628
960
673
735
609
308
705
3
423
125
329
790
