500
8
124989.5
403
567
404
384
177
983
298
187
530
526
209
821
610
472
939
598
612
168
257
37
183
136
269
342
983
270
354
610
231
809
546
198
147
437
85
898
331
584
283
95
791
15
238
783
112
963
873
43
287
648
2
607
129
541
964
630
744
894
727
423
366
911
912
841
321
558
639
622
744
744
495
355
950
364
381
547
245
547
714
730
458
314
657
588
409
76
596
797
537
971
628
966
355
35
142
1000
775
670
990
259
64
8
806
1
919
679
524
615
737
386
168
328
799
577
302
472
658
136
386
857
91
339
37
25
293
833
262
567
278
514
542
976
422
15
926
680
40
450
841
983
935
692
77
615
291
688
423
440
702
946
101
758
226
464
713
465
911
101
999
481
940
663
351
147
942
674
368
961
455
610
900
308
668
831
441
430
812
501
99
648
111
290
620
112
253
78
609
486
767
150
213
430
988
162
974
24
677
541
738
626
103
676
23
981
388
849
634
703
642
579
593
316
42
809
260
203
517
869
306
682
838
194
313
923
111
941
743
977
489
556
868
101
709
248
651
211
7
286
762
311
13
224
318
721
463
184
888
427
763
201
865
643
100
446
114
105
506
411
155
522
181
947
567
620
443
22
961
413
90
670
336
616
403
813
39
869
82
809
620
191
367
761
191
303
754
386
870
113
168
702
547
39
954
55
223
137
147
29
557
654
433
250
220
800
999
826
680
576
925
191
321
736
515
326
155
398
833
613
819
745
198
213
148
20
221
113
382
621
516
422
176
923
458
988
615
470
766
439
973
211
819
489
132
837
159
191
214
629
599
801
464
497
181
521
774
193
437
863
388
329
734
10
255
188
29
894
883
851
941
557
274
420
624
306
228
628
193
974
679
795
956
460
150
919
994
300
41
31
122
69
16
749
134
848
748
331
918
483
909
214
674
461
520
962
105
451
685
674
188
333
602
602
402
731
923
111
480
522
597
530
231
610
939
927
575
314
579
127
581
525
690
289
346
856
416
205
627
889
3
387
474
895
45
937
784
953
991
823
474
899
870
17
969
40
729
713
803
570
905
323
132
258
353
866
748
455
840
130
157
587
748
955
481
731
975
474
858
337
383
913
751
839
851
579
849
552
529
843
191
888
957
887
911
419
280
802
928
950
354
772
505
997
444
996
566
721
963
523
969
715
874
150
990
203
601
992
837
226
590
393
375
20
52
117
803
886
86
739
281
928
240
861
153
126
395
886
10
755
801
688
716
469
429
555
242
391
277
293
938
85
240
172
243
898
222
77
599
428
669
231
125
761
674
347
341
706
399
756
632
649
107
706
743
46
479
489
354
708
681
91
851
540
276
284
876
600
133
524
282
95
493
536
457
722
561
879
115
166
967
27
103
637
240
335
450
76
89
624
525
224
558
537
74
327
473
593
347
339
974
773
924
921
290
852
249
244
801
631
656
371
866
52
442
98
462
374
49
367
121
791
29
210
304
872
275
90
283
347
180
916
584
835
856
818
837
687
684
636
170
936
123
844
770
549
993
19
672
882
400
720
655
384
331
802
839
363
985
850
465
345
474
442
701
413
575
120
445
196
156
434
653
249
933
969
822
970
926
499
498
161
501
646
839
617
455
313
133
198
69
970
901
315
702
297
450
323
349
749
100
183
435
196
851
387
461
606
988
552
413
734
171
931
221
91
568
51
353
886
686
295
499
486
714
755
881
452
921
160
563
840
37
448
182
691
625
724
751
884
384
369
13
383
812
347
346
74
818
101
77
972
453
991
229
248
590
375
676
895
442
845
675
699
821
343
677
221
367
157
825
155
112
141
227
953
171
6
508
439
1000
920
574
134
84
943
84
110
146
699
10
99
827
628
856
996
1000
145
454
811
513
957
184
388
331
763
597
502
206
390
509
116
323
996
782
529
22
493
82
418
107
387
172
374
286
882
457
817
485
222
212
729
607
216
206
10
92
775
420
901
437
223
435
386
706
925
973
252
804
27
214
134
327
395
938
514
872
254
574
872
200
746
411
303
869
851
458
666
272
521
938
686
244
453
295
481
872
406
990
871
69
449
168
708
238
97
568
435
310
467
109
258
614
889
443
543
892
251
517
202
667
825
460
586
471
69
925
413
216
788
928
38
165
657
92
639
271
997
856
33
539
448
480
943
683
682
367
439
188
239
929
980
600
995
870
191
503
300
916
533
62
95
190
967
359
850
987
319
367
897
545
928
340
941
911
626
141
145
889
728
70
506
780
469
513
654
495
34
585
888
988
790
374
72
622
806
916
212
795
218
584
293
128243.5
405
667
771
458
418
892
229
251
369
480
212
780
229
409
70
524
831
186
497
89
596
103
393
324
266
336
204
611
966
860
743
237
193
347
748
848
326
648
953
45
52
39
876
738
477
953
608
29
100
708
766
614
721
556
868
716
425
896
183
411
25
997
642
827
548
496
203
685
523
757
453
410
468
452
804
465
127
512
388
816
569
382
456
532
315
173
708
846
946
999
697
903
534
57
33
977
818
656
285
343
161
40
564
5
626
697
558
547
187
452
973
279
615
561
35
394
786
49
407
853
245
360
171
103
186
915
518
590
798
520
870
974
910
15
857
601
671
488
588
901
755
654
627
518
538
730
876
497
243
961
452
691
690
534
334
435
417
68
694
533
11
688
838
125
921
739
728
873
874
514
640
359
399
803
257
365
791
420
116
590
138
242
382
147
368
55
566
474
398
170
479
454
705
249
142
36
300
492
233
666
912
752
334
947
603
830
836
693
643
480
253
315
460
854
96
222
276
774
903
586
399
180
587
834
971
846
447
889
306
619
584
95
885
253
323
246
542
374
591
222
847
319
470
787
661
195
514
495
581
281
691
571
550
499
756
43
929
358
888
444
467
939
997
605
502
21
468
313
628
752
613
657
691
719
441
889
962
801
900
287
785
707
767
270
375
479
768
16
760
758
459
50
210
40
467
192
546
41
642
656
133
284
322
788
828
733
118
567
571
145
104
727
882
415
74
474
670
706
714
778
915
202
996
111
581
160
545
566
824
511
829
920
594
896
666
436
646
444
861
208
870
422
264
756
404
234
684
661
304
810
147
397
870
489
219
128
134
905
184
341
635
35
715
274
690
911
357
902
665
479
198
350
226
279
273
597
302
948
830
795
292
407
291
974
126
227
330
60
66
110
865
803
893
908
704
366
134
430
138
261
52
449
762
999
705
429
847
768
439
318
889
635
154
786
288
149
554
446
241
507
284
698
873
999
529
367
439
213
191
548
412
200
855
951
859
251
172
897
197
394
12
906
405
893
781
862
398
849
377
881
804
58
160
81
619
665
892
631
719
248
173
342
849
889
402
366
88
184
626
488
776
855
484
721
516
453
648
298
126
862
70
937
616
540
746
454
525
889
98
982
890
935
325
479
940
734
776
966
326
673
707
975
172
913
293
693
957
569
783
771
108
223
606
255
56
912
635
239
353
481
106
80
295
82
229
820
895
785
182
910
684
907
296
80
399
934
972
841
817
618
121
445
248
573
657
453
300
222
426
94
249
220
56
817
344
19
620
502
67
289
511
706
338
408
980
794
288
772
687
646
958
651
755
3
695
414
187
637
741
15
655
612
745
324
194
602
603
501
360
112
449
589
244
633
328
873
332
85
393
63
140
552
318
298
419
88
725
644
882
203
69
542
618
302
916
562
54
239
704
858
22
987
461
870
595
152
869
687
457
320
557
117
915
87
620
387
239
421
606
842
876
236
405
936
720
134
347
322
992
827
355
880
540
733
677
676
341
536
591
937
146
829
464
631
883
31
881
945
271
665
90
357
420
848
761
427
384
935
889
402
241
343
599
382
983
57
628
129
938
519
75
182
135
949
20
988
993
481
298
153
804
665
719
538
835
233
3
203
360
986
883
389
689
313
576
422
805
798
227
147
419
152
408
429
560
586
812
565
956
807
259
831
215
59
645
137
823
971
813
311
700
507
5
828
129
403
458
143
798
845
800
461
931
596
600
705
222
944
620
400
288
427
956
350
911
25
1
32
851
968
460
975
381
266
520
429
272
869
311
908
959
712
274
394
166
211
982
141
566
248
688
76
6
903
222
55
488
348
63
841
700
231
957
972
352
177
492
693
938
146
140
571
762
961
860
175
18
726
455
900
370
422
55
725
871
571
40
485
523
60
459
948
47
439
309
408
486
499
735
480
389
286
906
981
47
807
205
178
979
812
649
183
180
67
999
804
237
921
218
172
702
308
101
997
681
319
968
43
183
226
415
437
931
506
903
280
953
969
315
768
49
268
747
894
391
576
310
525
759
586
13
376
458
430
75
400
805
843
328
354
608
714
401
156
637
348
185
471
825
326
346
945
822
609
859
312
35
198
907
843
522
668
202
29
348
337
43
790
674
53
742
614
993
617
56
983
201
16
201
491
921
960
620
759
665
441
848
248
270
895
907
899
443
123
450
225
536
446
257
191
801
898
261
874
268
246
730
915
851
846
527
944
984
564
297
229
44
725
94
565
948
467
901
615
289
49
900
921
811
732
569
16
881
886
67
250
913
142
165
278
123842.5
970
690
25
385
498
820
283
350
504
492
165
808
916
466
563
525
656
123
239
123
586
160
122
252
202
357
98
691
974
938
494
174
145
261
126
836
171
719
688
75
14
10
143
734
432
935
51
9
967
699
541
686
837
601
862
743
573
873
974
470
250
956
138
768
344
463
766
758
208
677
810
425
611
506
704
389
78
527
773
727
451
378
405
593
559
96
521
874
831
942
931
900
421
127
770
883
716
566
122
331
576
11
992
51
92
687
737
533
950
455
443
243
990
603
124
311
198
6
633
776
760
425
250
113
574
912
345
537
611
502
491
958
310
56
662
595
655
428
805
967
591
570
900
467
980
650
761
439
625
922
898
778
400
542
822
373
180
5
547
520
254
626
775
155
57
796
851
963
99
519
321
293
360
871
391
358
471
351
752
595
278
190
789
81
370
36
93
573
599
105
938
548
925
268
62
22
137
498
304
730
962
809
302
860
363
852
855
704
44
423
873
377
487
905
764
217
540
678
311
493
761
246
216
846
954
838
445
887
857
698
917
63
460
191
497
324
750
393
761
224
383
298
795
695
785
99
146
507
999
254
81
562
50
551
543
36
507
359
943
441
255
929
330
581
920
99
490
401
811
849
120
718
256
810
826
889
26
844
47
366
65
785
741
347
350
507
791
110
593
833
378
60
937
22
451
139
876
85
400
640
862
244
589
699
722
640
95
663
282
144
658
725
192
440
141
443
749
723
281
685
845
289
394
180
115
153
681
546
623
610
790
987
325
938
680
466
571
514
746
226
805
345
306
793
104
261
683
566
878
861
18
305
689
512
78
55
443
873
967
285
80
50
940
227
9
925
776
815
135
556
667
420
64
182
212
610
794
973
766
850
491
431
5
890
805
299
4
6
585
103
833
766
714
866
452
426
532
513
940
351
701
458
115
902
476
404
899
858
642
277
909
639
168
867
44
115
54
494
289
434
611
619
796
945
562
315
914
237
256
528
629
203
616
863
462
248
551
811
961
384
271
852
655
893
394
945
178
780
990
939
92
144
677
9
299
720
482
654
214
194
33
342
79
897
936
330
194
126
798
537
24
827
950
661
743
468
907
216
970
883
673
899
601
543
323
539
770
855
505
994
217
982
526
564
367
816
478
867
778
648
500
968
575
951
626
768
216
495
860
795
905
170
20
241
66
819
646
219
291
439
394
25
407
22
506
822
75
832
403
880
632
832
205
163
421
864
989
937
401
616
74
450
32
575
313
363
451
126
291
164
854
309
570
885
505
106
820
511
740
295
839
647
227
451
843
732
867
725
658
592
182
607
658
8
774
416
142
548
141
45
200
529
896
394
395
681
236
460
400
167
447
560
740
703
98
864
770
88
334
94
824
508
889
278
837
177
122
551
244
216
202
466
128
335
22
512
960
223
196
788
634
985
140
793
54
57
810
720
279
377
65
98
7
119
385
334
632
332
664
790
692
173
380
923
732
114
834
315
82
893
797
847
39
795
984
660
875
463
718
870
916
849
374
642
687
18
222
877
853
693
775
381
757
787
247
506
115
994
946
397
798
443
46
357
567
16
44
40
340
594
143
279
949
962
710
964
51
536
479
199
831
742
442
503
753
218
789
239
305
906
905
313
318
227
260
342
584
837
163
93
35
122
149
466
851
646
855
516
866
827
805
866
880
15
628
151
420
951
458
295
268
420
321
794
732
444
790
147
80
817
514
414
68
641
228
780
339
879
786
336
503
514
776
410
328
10
166
50
966
905
70
882
344
244
770
430
448
834
65
892
657
795
726
455
169
176
515
42
833
212
35
19
446
995
86
16
125
388
108
821
6
191
612
889
823
243
589
640
257
84
252
531
119
873
665
194
72
673
335
883
562
463
937
783
855
578
445
457
700
134
861
997
122
361
249
479
700
487
247
398
526
320
119
915
986
845
784
80
759
747
565
193
681
137
217
846
196
976
872
233
326
212
872
926
150
393
114
92
210
163
43
449
231
532
922
278
685
902
657
748
16
219
117
898
835
522
503
447
460
640
830
377
220
374
136
303
808
762
920
295
937
670
843
237
228
303
408
503
447
359
96
956
485
590
855
338
825
238
581
800
873
732
629
128
503
363
948
812
238
116
62
692
858
604
61
980
950
12
26
558
377
919
494
734
948
425
180
276
456
884
244
825
650
185
196
196
626
417
483
179
244
987
339
951
615
250
855
851
418
841
814
952
991
545
659
255
19
795
653
587
168
529
786
579
173
124
25
885
6
659
483
56
11
789
59
291
123
118
264
251
123652.0
74
631
387
289
64
754
813
276
755
410
478
722
352
477
256
532
916
208
413
76
492
172
453
294
552
362
230
619
265
882
366
217
92
239
175
845
245
709
476
128
97
9
831
735
250
864
879
28
344
728
719
677
253
689
924
765
941
806
860
479
831
904
730
859
800
406
143
753
361
705
764
489
587
583
144
480
394
468
527
781
855
329
363
588
956
186
568
823
363
912
634
976
687
135
754
970
986
666
59
234
467
61
704
98
8
771
351
470
738
543
574
245
597
627
595
325
465
62
593
730
167
400
463
50
256
851
644
442
549
509
114
877
266
112
178
676
536
428
630
966
661
647
525
457
417
570
147
476
273
959
257
810
343
627
738
382
786
94
352
511
672
584
196
221
665
840
175
936
193
525
486
385
457
915
395
274
346
344
316
545
271
132
371
77
507
132
334
627
951
102
32
597
854
317
187
92
80
522
796
709
282
850
99
942
547
907
147
721
418
419
951
449
446
908
852
243
53
751
577
413
671
238
627
782
189
814
502
804
536
781
77
111
463
223
260
416
423
424
798
129
582
237
371
721
727
90
27
432
882
218
923
651
932
648
356
46
260
329
269
435
369
971
466
545
276
162
588
338
498
759
874
783
605
714
522
971
465
897
215
275
355
850
511
397
951
409
55
77
990
810
762
122
415
82
800
221
968
10
308
619
282
326
13
643
368
724
627
691
56
74
220
790
919
347
677
450
235
700
543
711
539
258
879
256
557
94
688
612
490
510
686
977
559
849
331
463
84
557
646
219
536
422
994
770
751
338
797
602
25
865
836
322
12
429
592
18
341
946
506
227
329
55
345
265
360
871
646
772
793
552
865
515
770
202
651
616
541
944
656
786
389
348
612
838
885
213
850
34
318
101
228
848
2
940
3
392
730
447
953
352
826
448
722
971
232
497
688
817
694
250
79
666
616
893
485
144
782
468
224
337
812
589
714
940
588
274
749
251
755
482
159
264
36
798
153
239
447
728
189
307
561
915
805
812
6
923
976
691
495
898
177
77
503
81
611
632
939
751
995
128
668
308
793
863
138
284
421
162
710
538
839
923
469
623
422
448
997
260
272
966
103
812
656
582
37
626
360
795
584
955
720
887
848
494
677
825
887
895
481
722
200
890
218
949
517
768
209
493
355
792
303
96
331
262
378
721
321
173
365
536
425
106
962
86
912
729
616
886
825
888
257
851
101
242
359
944
305
941
700
591
560
434
402
554
19
407
800
165
58
225
437
362
614
887
916
183
295
529
485
294
475
569
261
370
202
648
558
637
680
517
352
612
757
14
882
485
298
489
390
46
41
456
400
391
924
624
453
451
497
254
5
575
424
644
561
891
841
168
584
135
951
550
937
255
882
134
128
561
159
195
793
513
108
282
692
446
97
208
317
821
922
911
969
790
722
54
974
622
692
434
969
76
85
119
569
289
334
343
337
723
337
123
149
892
592
107
72
362
712
914
991
945
514
787
399
723
233
376
907
771
785
808
807
553
245
24
943
861
233
718
405
376
817
808
194
548
542
975
307
298
257
443
603
442
469
32
555
12
646
495
877
365
836
921
741
950
859
515
369
166
808
662
96
444
46
266
882
216
387
950
659
400
445
143
411
322
887
883
593
73
57
97
778
446
488
639
791
616
370
857
625
821
735
76
365
155
592
991
359
389
695
352
232
888
821
476
951
53
211
772
521
324
124
679
87
833
104
797
25
369
374
602
915
345
850
104
14
140
1
820
329
833
791
303
859
479
916
795
377
918
620
817
346
440
349
232
940
22
884
298
717
107
553
905
820
54
862
410
26
765
553
223
634
804
252
285
89
652
306
12
228
623
266
850
698
151
474
746
150
974
210
473
435
866
223
621
206
406
286
132
113
909
166
397
66
478
571
395
321
498
789
265
925
824
36
856
415
33
254
666
575
188
13
162
411
937
642
946
738
278
398
292
473
896
780
474
730
46
656
211
264
396
664
452
253
362
829
807
918
748
600
174
234
895
197
446
130
376
911
673
509
329
891
295
91
352
849
685
218
368
871
672
863
178
886
355
583
438
241
380
389
941
611
586
41
425
493
236
690
762
789
690
91
49
567
393
74
878
195
153
744
606
818
571
731
987
97
21
315
651
465
914
134
817
686
463
29
369
339
947
879
909
316
155
647
293
161
488
894
149
192
959
795
899
682
180
280
853
769
881
769
929
262
637
392
261
97
767
895
543
270
532
853
495
781
32
361
859
566
750
530
93
57
880
62
329
155
146
515
292
120443.0
585
551
173
225
824
702
85
341
102
353
860
715
671
534
73
497
854
171
579
64
146
231
9
377
84
354
976
620
124
823
629
267
93
168
595
796
967
623
61
65
907
32
481
697
93
819
898
41
584
648
669
757
525
771
536
791
508
867
527
379
861
853
470
906
730
371
327
824
667
756
917
497
866
519
993
550
760
428
532
749
63
281
30
506
234
188
544
786
139
817
689
877
145
124
961
958
728
575
639
157
209
153
905
66
119
771
790
448
150
602
877
190
595
580
898
424
996
156
760
638
344
422
869
145
206
838
630
516
110
600
79
927
350
20
613
581
148
506
66
958
595
568
510
480
704
551
964
506
855
958
71
827
866
540
831
473
969
40
978
478
19
562
746
290
833
779
413
883
478
520
989
387
756
938
483
327
69
252
794
537
639
186
765
85
442
151
651
614
111
155
62
684
38
383
412
57
724
518
633
616
612
938
850
864
267
808
437
622
391
363
495
434
794
933
248
297
47
713
343
346
430
337
19
683
916
869
4
855
216
809
879
168
668
214
120
370
83
462
92
154
109
326
113
669
326
163
806
485
184
229
479
577
795
689
360
114
967
280
183
523
69
1000
285
580
45
97
876
275
382
684
180
728
458
740
167
969
9
985
503
246
781
756
692
334
823
470
822
92
582
775
55
100
12
173
169
321
328
99
519
527
181
373
836
666
842
661
931
765
727
30
816
869
652
268
600
450
215
638
364
785
726
202
201
311
603
89
701
680
94
420
434
969
865
799
243
383
508
495
455
121
1000
470
122
831
671
241
977
571
445
885
978
324
188
522
285
81
389
927
925
232
933
26
836
349
985
916
217
739
368
460
7
515
366
240
508
573
231
868
607
687
34
369
193
821
259
303
970
80
622
48
705
806
293
996
322
399
286
368
297
259
344
528
871
878
387
421
59
871
389
328
536
610
941
954
779
157
941
508
704
296
533
597
760
908
349
207
603
165
595
534
313
199
162
828
357
250
760
638
292
344
29
863
147
713
482
992
720
594
114
899
352
24
577
56
187
548
72
764
470
77
222
281
986
799
153
217
442
193
642
588
33
974
346
720
159
370
792
295
31
885
546
804
41
633
101
549
420
778
194
916
347
908
863
505
406
754
38
977
438
703
814
909
862
948
701
836
627
511
455
835
818
94
951
361
366
654
713
105
12
554
347
146
408
24
367
767
768
910
579
901
850
928
405
332
500
886
349
919
631
567
672
511
803
503
587
498
657
135
218
212
733
324
220
917
38
123
744
455
101
229
327
588
865
424
692
614
90
584
916
614
505
709
650
40
146
492
567
395
944
119
182
420
219
415
843
533
435
540
313
302
738
599
509
644
97
820
657
266
936
50
707
558
424
285
484
217
653
488
738
170
862
538
185
353
942
377
51
123
375
845
40
869
655
811
82
75
384
610
151
370
649
72
333
183
71
279
809
406
824
632
619
182
838
975
804
45
821
265
294
962
424
883
687
744
791
748
135
317
739
766
846
832
249
621
53
21
710
928
655
643
766
465
932
719
369
648
202
980
481
247
917
366
712
409
16
98
174
110
511
505
756
272
732
984
20
955
415
501
883
129
760
664
382
497
510
249
133
163
922
939
821
433
309
45
146
394
790
880
487
142
393
72
357
473
679
578
460
673
792
841
50
866
773
125
574
192
285
906
297
408
146
415
713
820
937
466
308
149
688
732
769
340
991
751
98
750
447
865
373
330
510
529
922
294
786
42
900
89
28
835
487
906
567
283
297
418
287
698
631
903
577
726
300
510
569
245
784
65
719
353
655
110
547
966
597
51
814
445
251
763
358
208
572
866
467
292
919
666
743
96
356
633
704
875
207
222
563
719
282
926
31
510
157
778
824
527
365
319
202
148
607
896
244
395
906
407
545
344
280
437
854
276
221
829
252
927
634
86
175
569
524
138
332
113
660
991
125
923
52
314
284
199
253
830
627
477
340
102
235
208
744
380
62
551
232
363
126
795
378
841
158
171
483
932
261
381
774
412
731
686
203
257
605
232
361
433
197
706
253
421
173
764
819
117
863
382
922
354
503
374
674
964
147
635
509
442
442
220
174
673
598
684
542
92
277
322
985
812
911
64
133
545
409
611
540
965
12
104
862
579
465
974
618
775
628
541
35
399
448
904
916
982
312
243
123
194
350
519
104
59
785
942
941
924
150
124
387
900
340
851
263
881
239
576
176
212
346
695
119
514
489
591
97
533
443
130
151
759
164
738
291
98
417
896
88
230
753
134
115
363
126629.5
10
539
562
127
210
690
448
246
848
254
531
789
328
621
264
558
230
189
312
13
215
213
948
449
853
367
280
561
430
845
597
227
990
122
318
858
529
560
268
127
669
55
23
644
632
758
24
126
735
638
890
805
739
672
537
833
839
824
701
459
651
776
148
902
698
457
105
868
857
762
126
450
445
570
650
562
245
396
612
674
375
182
656
578
42
102
908
835
436
905
393
936
270
60
214
901
104
534
241
123
416
205
964
27
666
854
474
363
466
541
224
163
286
535
135
388
85
58
572
574
555
441
611
116
839
938
849
441
288
500
536
861
418
91
335
654
152
459
280
983
373
548
223
580
542
543
382
580
527
942
702
734
354
559
21
402
964
75
323
575
224
654
145
371
670
854
233
980
487
503
134
356
341
866
992
347
334
198
957
452
981
167
674
38
990
226
469
638
125
56
776
626
406
311
913
143
291
494
286
534
525
959
252
892
699
745
877
619
236
419
78
460
525
881
635
333
10
795
228
440
478
265
914
597
713
934
118
904
685
775
60
186
614
133
207
312
294
413
148
210
550
277
217
698
647
261
355
498
564
198
144
602
78
675
730
152
121
311
320
579
281
901
738
496
485
195
522
350
121
592
301
745
987
717
336
938
726
911
19
246
945
825
954
337
952
562
587
128
390
784
512
47
482
79
170
225
863
190
805
441
386
407
480
719
918
675
119
716
387
79
116
897
84
243
379
371
326
625
701
835
206
238
362
253
199
179
640
597
27
495
706
884
355
793
626
466
451
564
185
99
278
417
409
771
946
323
419
648
549
834
509
337
88
577
80
47
301
996
587
148
829
91
557
365
721
885
274
643
750
462
524
478
855
258
538
595
656
804
652
725
160
384
154
920
4
211
865
31
711
66
40
766
248
931
38
396
288
280
205
345
635
488
921
902
843
476
577
931
168
393
107
632
859
892
80
221
954
430
822
203
262
610
604
854
504
243
197
171
353
587
401
168
363
911
509
318
404
625
980
412
131
869
931
801
314
922
834
579
648
876
360
108
906
56
791
452
519
772
914
57
492
371
772
798
576
162
508
163
7
675
562
929
199
646
22
306
797
363
417
927
525
849
784
585
639
543
666
685
998
962
87
860
77
484
980
658
984
992
879
736
591
947
469
976
999
880
863
481
614
843
749
146
568
363
606
560
918
60
224
454
973
127
811
7
783
826
744
978
316
865
715
889
209
318
923
935
323
904
515
469
587
517
861
514
718
549
350
117
370
176
228
236
835
852
958
164
593
535
811
266
660
493
651
515
868
543
325
528
688
570
567
710
396
108
943
463
416
300
438
151
915
377
202
408
928
625
499
572
549
392
245
612
729
654
797
812
595
213
823
42
181
542
291
385
304
133
323
546
25
118
825
608
479
342
200
322
802
153
82
809
143
875
650
792
100
155
94
520
982
347
962
93
862
228
693
179
52
319
152
680
637
118
787
900
970
8
259
299
377
982
26
922
791
713
421
778
244
406
600
712
77
909
17
713
142
31
290
842
786
663
731
460
900
656
645
605
799
997
81
210
311
417
870
349
421
56
619
146
554
452
580
248
172
987
822
990
80
483
517
222
420
617
173
585
347
213
175
100
919
859
149
409
735
45
710
450
852
863
115
85
785
17
839
478
691
527
723
632
919
746
885
888
870
83
999
148
384
913
763
376
680
409
813
855
109
496
947
155
62
659
450
342
416
727
87
849
736
840
301
233
364
499
494
255
943
72
259
99
437
822
696
984
960
348
442
482
297
678
917
940
472
644
417
514
392
196
812
46
904
279
302
87
894
888
714
107
912
390
331
702
941
283
336
791
129
332
316
665
624
111
230
599
741
918
171
131
391
760
897
872
271
604
331
756
976
430
478
302
696
95
673
844
846
447
447
360
639
407
683
479
631
223
87
771
950
848
180
90
802
645
755
104
600
92
739
979
424
965
850
290
192
271
415
814
989
440
975
180
971
149
591
402
287
470
445
426
744
771
200
880
111
268
927
860
554
426
880
481
11
721
832
289
487
249
380
425
191
707
642
385
95
706
312
210
17
414
345
442
375
320
867
945
388
546
438
509
511
307
981
773
969
665
583
50
591
300
52
714
443
162
525
542
531
528
2
907
158
200
367
560
593
986
318
784
285
451
674
412
243
860
918
925
957
143
878
196
106
524
451
77
35
880
604
879
188
50
667
913
420
751
976
839
878
650
303
133
745
707
110
597
712
595
223
481
51
142
271
729
50
706
779
51
291
846
798
219
807
205
447
391
121184.0
501
553
870
117
471
781
159
151
25
246
148
758
595
581
419
478
206
167
611
109
537
250
704
466
543
276
182
539
119
811
52
128
777
145
924
937
407
518
2
42
681
8
842
697
575
702
284
146
433
584
548
728
235
587
619
746
458
881
904
390
208
804
391
857
272
517
741
968
875
843
10
390
746
574
651
659
756
418
628
612
692
156
499
602
538
56
797
844
130
950
287
870
139
28
461
898
735
526
988
60
827
290
596
23
68
772
198
273
280
638
634
144
357
548
956
367
86
44
396
660
487
510
905
77
667
955
633
390
752
517
396
783
631
53
803
556
478
436
218
993
432
471
947
567
356
526
352
563
479
939
330
761
944
549
42
365
156
35
770
527
843
618
368
358
29
897
520
976
571
528
488
454
480
784
233
375
710
262
623
473
646
185
315
47
230
132
993
706
907
35
325
688
911
332
117
126
541
485
141
463
325
981
671
946
685
666
545
587
414
443
276
390
638
785
954
272
600
836
122
475
290
249
443
499
396
891
482
911
580
841
126
189
601
109
964
401
913
316
66
178
55
295
471
656
524
299
401
474
800
148
476
569
261
586
802
220
765
253
886
521
577
821
325
539
20
281
883
332
884
597
312
732
471
629
951
990
912
929
544
234
815
871
977
349
902
594
470
210
176
732
780
28
657
64
594
221
543
193
173
380
72
363
180
653
478
641
215
672
356
145
721
807
748
191
962
404
409
706
360
905
193
168
19
261
219
90
652
589
196
561
791
792
39
821
183
451
570
492
847
166
555
405
378
851
98
258
824
626
573
933
618
318
891
488
855
133
439
956
380
115
974
93
396
440
665
866
672
742
687
511
176
422
541
262
169
675
31
775
503
725
428
336
175
998
961
198
609
3
17
108
128
770
386
900
617
402
363
191
714
390
294
587
968
969
81
462
422
862
889
303
589
679
804
897
252
164
746
436
511
260
659
594
740
775
977
156
326
165
416
634
567
214
249
903
634
260
106
716
240
429
446
839
754
856
391
900
772
533
718
806
494
160
920
123
547
364
392
733
362
13
355
364
305
892
339
180
639
218
305
737
166
952
12
624
980
268
536
360
272
961
500
824
606
655
437
625
914
672
504
978
276
802
59
505
88
559
873
985
136
726
176
903
382
980
971
871
36
532
325
818
335
146
973
295
523
588
553
90
5
382
301
105
414
30
251
909
514
988
431
879
560
929
202
337
234
944
539
857
450
442
61
531
282
460
257
482
527
188
966
102
607
265
41
893
500
106
79
481
139
286
885
553
644
456
470
601
174
487
453
601
241
728
352
185
116
543
636
213
597
91
182
317
244
319
392
618
175
549
688
427
825
656
947
624
411
839
397
153
885
120
175
554
890
482
595
193
514
527
888
159
12
699
176
296
64
232
498
106
965
712
173
810
416
764
507
199
557
533
584
290
848
187
634
187
996
225
154
393
31
739
43
56
475
936
407
25
514
325
586
891
627
822
669
753
266
726
633
438
669
756
249
891
925
618
312
56
92
897
60
568
748
459
625
694
124
598
606
914
245
166
416
329
761
303
305
48
53
69
90
377
148
225
486
938
945
900
678
439
594
309
208
576
235
511
628
302
245
96
898
807
639
423
23
103
761
474
620
896
642
108
722
68
507
530
809
427
146
595
823
702
908
789
324
105
516
193
254
892
25
417
466
384
657
875
776
404
816
173
951
603
373
291
720
742
271
937
928
917
373
321
655
579
981
297
308
103
109
118
961
865
151
963
941
312
600
428
963
589
120
859
599
634
483
497
916
226
116
124
122
374
234
26
398
888
766
190
26
396
73
713
673
242
407
740
150
374
257
719
205
93
166
569
22
853
336
108
709
672
775
905
129
559
474
667
336
416
607
394
37
170
406
798
448
484
37
383
206
335
65
411
686
193
39
672
518
753
308
158
398
676
815
132
408
118
494
933
812
979
614
369
285
178
219
763
39
469
470
256
169
62
850
310
446
480
545
375
132
687
957
944
820
201
554
782
59
369
127
545
781
797
233
216
880
171
686
399
890
792
996
419
311
709
137
200
743
402
842
419
447
282
413
870
713
479
531
441
313
374
15
847
271
686
756
30
250
353
754
725
690
186
999
480
514
445
282
990
684
206
30
641
182
977
66
702
796
521
344
481
736
830
712
935
442
192
649
158
477
549
842
154
798
909
10
925
512
21
963
884
889
683
833
922
216
688
270
198
413
687
732
514
402
660
893
552
901
167
476
781
209
798
462
125
28
788
510
303
714
246
718
397
121379.0
822
523
234
214
812
783
441
55
948
279
806
741
748
581
359
396
19
206
29
14
767
238
32
423
944
245
690
444
423
899
715
134
18
71
52
881
760
510
47
12
556
56
854
599
62
774
849
234
229
546
27
663
535
595
366
696
568
789
65
428
227
904
334
904
163
511
348
914
961
748
621
383
118
653
630
757
145
413
265
528
864
225
48
531
535
52
304
900
70
863
261
793
342
19
551
970
116
513
492
80
804
340
274
113
964
749
105
269
570
573
921
220
354
525
862
432
217
91
95
588
304
572
256
37
804
976
739
332
57
607
437
871
592
89
706
458
944
396
988
932
788
516
253
468
902
614
2
567
6
978
538
719
58
485
483
458
373
84
289
474
7
591
545
396
690
898
852
888
449
625
466
432
353
788
248
366
879
278
805
571
205
258
772
83
481
94
870
760
637
114
331
689
140
311
887
181
468
577
773
448
40
896
664
976
525
593
945
560
796
413
139
346
325
784
255
362
278
815
60
455
580
181
584
417
801
940
915
884
296
918
292
117
704
70
42
383
885
265
54
127
890
365
306
622
903
356
906
444
530
80
153
593
324
670
537
177
727
210
582
615
547
767
619
532
61
369
72
354
399
677
925
755
415
673
202
937
202
854
358
331
832
875
276
400
11
571
159
194
780
749
965
128
680
117
50
131
204
281
428
386
104
358
118
723
214
621
248
737
492
142
46
771
842
220
250
372
204
654
725
950
537
74
135
294
672
57
701
605
430
656
107
714
100
819
228
406
828
552
790
111
875
505
106
795
111
186
73
623
585
945
754
342
897
399
324
172
526
942
799
138
759
61
686
434
350
894
408
801
624
475
633
421
626
288
316
742
368
713
285
794
282
265
23
984
621
202
69
65
790
175
178
848
58
986
818
404
159
103
36
387
66
644
626
902
314
464
419
896
596
203
234
596
175
816
418
166
794
412
991
325
342
621
162
875
467
122
917
93
690
722
737
214
255
904
768
213
783
710
683
474
385
851
726
873
951
984
299
591
379
841
4
259
228
90
166
333
496
750
207
22
570
399
702
916
703
276
693
176
217
789
138
930
825
669
368
246
83
372
24
931
165
884
895
630
696
721
916
746
908
979
905
874
206
551
585
478
575
949
25
775
919
915
564
893
338
822
141
557
934
828
612
78
606
220
918
668
46
169
365
349
624
15
538
85
199
895
734
971
934
798
240
1000
495
243
631
876
515
933
767
367
724
531
139
460
84
501
93
253
833
41
551
183
211
887
798
177
788
555
28
316
57
472
485
386
965
535
892
536
315
552
175
825
659
176
519
458
396
167
815
145
216
227
780
329
456
676
6
452
352
434
708
718
822
651
2
777
313
186
552
31
796
626
986
539
152
176
830
598
767
103
472
625
642
206
510
235
608
27
114
744
663
724
829
744
513
247
36
442
942
332
945
189
48
174
685
206
242
302
407
779
944
70
77
860
803
97
943
241
126
817
35
915
313
744
165
685
115
392
67
697
886
887
297
636
492
114
25
969
787
601
721
558
352
692
993
524
634
885
866
219
368
287
657
275
204
67
424
21
304
414
338
277
536
870
686
940
677
390
490
301
969
618
879
434
54
393
627
6
793
726
788
332
989
193
125
417
153
919
973
152
125
73
586
584
592
359
112
553
915
693
973
858
352
20
842
278
183
866
940
505
994
424
317
953
488
360
287
96
82
637
433
304
884
761
204
847
773
913
902
348
517
651
67
341
229
35
139
200
182
946
28
896
782
217
541
493
118
594
139
954
701
598
620
426
323
205
72
188
892
427
248
114
481
885
7
171
362
385
384
727
494
188
840
648
24
434
845
700
645
184
619
538
701
919
747
191
688
578
607
913
918
609
691
603
876
405
186
436
81
208
441
882
664
530
977
447
972
375
286
333
339
248
959
762
927
758
681
133
986
683
238
34
743
49
799
836
146
916
225
339
829
274
863
852
576
418
482
237
440
64
757
259
13
541
181
422
205
753
417
946
328
152
122
805
176
400
215
631
546
818
260
128
953
163
970
377
854
818
911
479
175
685
22
118
843
342
45
439
204
246
532
777
730
481
503
429
633
377
864
832
852
594
128
104
570
303
125
731
791
187
430
490
589
501
915
943
608
193
517
657
10
884
757
736
332
554
178
413
964
924
32
990
663
233
277
255
302
516
956
57
648
823
6
838
407
45
865
877
276
715
339
828
675
595
333
233
618
756
367
487
471
617
563
514
577
171
935
755
767
737
994
111
379
723
77
239
406
218
208
450
