500
12
123227.5
154
783
188
100
64
688
114
447
556
355
737
161
132
100
124
754
414
629
634
361
726
978
160
147
599
650
589
322
152
620
400
36
33
55
200
892
205
624
474
495
115
138
596
285
966
550
109
254
409
197
521
170
95
702
499
297
727
150
272
637
440
423
819
348
216
753
800
606
33
707
690
735
469
686
121
833
734
823
212
816
963
514
320
286
75
655
697
408
182
347
404
163
809
990
558
558
113
835
839
686
515
269
43
471
922
116
856
103
265
667
430
196
564
856
46
212
798
180
593
844
456
641
993
916
179
518
891
420
561
51
671
252
759
289
107
295
884
286
843
653
938
799
175
253
871
672
871
909
379
958
102
861
853
581
612
887
917
267
870
141
185
474
145
35
220
584
575
624
473
611
341
427
240
30
983
148
855
423
905
170
958
462
16
12
610
149
941
532
878
742
580
715
279
850
567
41
839
51
176
960
375
908
778
838
676
797
48
484
412
356
176
621
550
608
256
517
467
377
911
128
804
129
414
393
59
655
552
607
800
995
940
931
693
763
579
448
166
152
943
635
973
226
523
27
583
125
308
282
323
543
163
509
436
206
658
961
944
44
412
81
166
370
311
205
149
893
919
569
879
437
280
509
201
385
780
164
915
270
180
715
790
755
558
627
364
502
181
897
567
571
497
283
772
711
639
136
788
112
151
106
185
575
598
407
656
488
208
194
835
311
520
160
740
860
511
163
77
302
130
597
653
21
26
649
818
17
297
422
651
111
529
684
399
197
851
124
930
614
974
677
34
579
747
340
88
921
321
69
186
537
659
830
847
964
606
247
949
305
58
886
415
240
313
336
765
657
77
297
968
89
514
84
158
543
784
218
784
539
58
373
263
718
954
574
454
991
856
10
744
566
249
602
396
729
949
338
49
720
506
988
588
932
702
259
982
44
875
786
326
41
998
148
895
832
181
204
334
734
157
632
559
695
174
293
842
165
387
571
997
347
656
199
570
764
247
897
580
316
855
846
685
1
573
288
804
914
924
694
381
968
910
557
380
329
402
634
440
388
323
291
399
413
700
823
461
815
343
130
130
50
106
30
38
375
689
265
192
612
802
992
887
297
4
939
551
993
289
275
406
381
304
626
995
426
414
990
454
159
857
503
209
782
357
890
862
929
745
693
817
18
197
157
150
405
152
223
947
429
630
806
302
550
590
775
433
979
448
457
871
322
754
26
633
465
927
242
776
541
811
701
433
401
462
482
457
926
49
830
988
289
370
952
443
184
460
630
959
18
923
20
402
412
529
379
95
597
701
556
288
482
824
419
306
946
14
516
385
604
25
889
830
448
302
309
808
831
817
101
702
75
747
376
829
759
601
328
592
282
901
495
463
833
103
728
338
243
538
251
535
906
524
390
249
386
63
411
826
997
293
698
112
983
551
366
174
242
644
561
613
566
238
232
618
447
743
622
472
151
612
516
358
342
302
713
632
523
67
280
976
338
362
620
621
660
151
307
550
648
403
252
80
517
16
739
639
346
720
184
36
311
196
700
436
102
496
75
953
144
252
127
245
176
791
38
354
501
340
539
347
105
609
135
935
383
266
517
349
571
422
299
465
466
282
466
74
816
503
385
67
213
404
372
71
627
382
2
175
84
53
514
287
586
919
460
98
945
132
796
953
346
309
646
336
792
391
250
547
291
122
139
369
985
705
451
253
223
244
346
436
205
75
917
132
219
580
864
216
804
549
973
511
250
320
271
372
536
85
796
329
138
977
622
337
72
222
590
233
488
839
367
932
204
607
265
722
871
947
341
855
338
545
638
67
807
938
218
947
490
892
501
671
997
353
118
916
781
51
369
377
766
556
507
681
709
756
63
865
908
565
410
269
358
41
489
906
669
338
383
171
840
133
742
517
804
644
862
89
817
430
317
918
18
613
152
25
686
791
125
967
160
431
900
686
403
398
127
115
690
746
684
487
932
576
827
798
335
230
118
946
63
421
177
488
730
471
320
558
960
716
203
765
339
566
696
561
112
205
173
445
278
504
514
711
445
663
3
693
592
333
636
412
720
855
624
232
35
175
581
253
825
322
904
162
131
101
574
666
397
256
404
358
293
421
621
61
641
948
69
634
163
308
631
546
879
193
229
978
659
320
323
730
939
167
942
23
720
450
418
283
319
263
122
288
826
59
725
815
548
348
291
117
608
694
897
958
843
263
276
446
837
623
423
934
710
234
843
54
718
502
638
496
656
979
880
318
999
849
857
508
164
739
872
16
613
556
353
220
9
610
344
122358.5
362
206
857
886
303
270
147
497
886
611
33
777
603
892
695
179
568
315
530
694
175
114
219
876
771
431
884
731
959
376
437
882
137
875
719
112
81
433
554
445
231
885
175
616
341
448
731
663
902
832
558
761
929
241
720
674
639
816
573
324
480
490
383
637
720
304
650
392
60
370
432
188
488
217
114
239
453
138
911
125
622
460
718
670
743
371
213
514
326
676
777
812
698
104
226
412
424
92
731
271
190
783
650
504
283
898
518
921
915
293
459
734
594
158
363
735
620
776
490
210
740
422
524
124
597
410
691
666
925
858
587
718
862
690
28
784
942
639
154
412
814
235
426
766
135
295
64
9
46
114
482
66
95
418
903
24
124
676
30
938
48
445
47
986
491
414
823
414
86
489
378
621
212
912
17
891
868
516
784
756
580
486
732
997
50
862
160
499
206
341
546
335
944
62
598
939
701
863
544
14
42
181
25
153
198
113
6
556
308
660
662
468
259
376
597
440
956
636
712
945
103
960
507
626
92
276
866
481
523
70
717
110
275
194
449
539
719
771
250
309
128
725
528
929
915
963
322
668
669
393
749
537
571
761
814
22
653
861
350
890
192
583
961
810
284
119
870
422
388
472
817
541
179
643
219
778
612
830
670
361
549
302
993
341
361
548
829
147
369
496
10
750
435
377
305
875
259
959
74
931
728
451
569
589
300
460
769
799
127
591
894
761
847
119
281
780
680
619
656
412
652
903
373
413
956
924
252
620
550
978
797
360
592
830
414
809
566
461
872
363
565
439
539
629
508
52
689
891
787
447
327
256
754
123
14
723
419
733
919
145
168
787
261
698
377
340
849
753
58
983
661
992
91
385
649
813
402
379
599
713
457
373
349
376
599
37
720
952
71
427
220
302
361
214
161
590
333
244
994
40
594
29
997
770
699
862
182
156
455
859
760
938
40
170
551
811
993
277
560
422
665
285
145
806
686
872
587
339
528
604
380
764
778
314
767
135
176
606
477
124
98
977
104
670
113
16
428
367
341
112
585
449
909
682
148
459
445
548
233
633
982
665
611
259
130
242
597
914
24
890
115
977
724
713
129
833
44
319
840
36
247
644
238
124
957
71
809
805
383
689
790
324
832
479
672
21
873
789
641
494
982
229
213
84
833
61
96
378
807
893
723
745
898
598
154
816
447
594
584
215
638
461
958
311
154
17
970
635
128
699
916
981
179
583
111
789
240
540
222
325
150
506
73
533
926
90
313
112
689
677
802
28
798
910
590
419
58
951
346
955
44
640
249
657
525
393
360
439
353
496
920
587
670
84
997
452
877
468
45
42
906
650
307
697
897
159
304
869
640
872
617
600
543
150
506
756
383
666
813
414
635
108
809
360
885
781
50
693
227
175
384
594
779
601
340
684
36
2
602
235
275
117
14
635
161
682
351
522
359
387
374
746
894
531
875
368
658
819
523
412
856
727
50
306
857
562
620
625
568
665
625
423
734
410
142
634
933
283
299
720
701
539
494
223
437
612
888
733
21
608
358
295
807
878
232
987
126
864
173
891
155
884
776
958
301
557
186
422
504
857
585
815
688
549
189
568
505
368
287
799
460
603
71
530
44
283
411
691
787
743
583
648
588
339
577
962
558
856
387
478
86
354
44
478
6
71
898
169
658
621
456
257
345
136
57
676
144
625
805
932
346
38
786
610
398
789
776
697
754
792
310
64
777
860
894
39
201
228
977
39
883
655
190
761
243
556
512
188
694
762
100
459
530
951
322
319
30
592
854
707
200
805
866
683
340
127
631
737
440
611
413
300
286
120
990
799
275
420
967
450
795
39
349
883
843
172
863
641
531
287
956
433
181
288
916
995
138
124
501
605
254
725
83
543
978
431
329
520
504
235
855
168
235
240
25
207
854
132
728
603
571
973
597
916
973
405
64
795
300
844
927
182
117
694
164
861
755
369
208
394
147
141
444
200
658
683
847
862
166
913
216
783
643
281
984
676
854
116
632
757
848
639
925
216
48
929
593
813
882
671
679
414
910
645
171
939
362
360
421
287
603
298
797
307
893
869
118
325
192
258
40
78
85
952
725
417
719
549
90
546
27
617
291
307
350
374
523
994
195
759
837
275
432
96
845
791
59
352
197
624
693
19
942
139
81
183
143
532
68
685
389
869
185
144
781
224
168
402
44
711
533
395
916
8
260
57
269
680
282
213
432
616
236
343
463
172
691
201
172
271
828
294
278
133
471
49
929
200
161
832
915
197
936
296
683
656
298
936
63
565
124414.0
773
736
576
14
460
778
83
493
497
414
467
202
316
205
591
848
965
740
698
270
53
812
504
33
922
514
860
269
153
590
476
173
930
124
75
914
984
481
162
600
365
32
397
465
281
601
188
432
745
212
881
157
155
801
337
279
860
211
460
594
773
511
740
288
876
611
208
672
129
604
996
800
667
851
312
759
294
858
131
944
446
481
22
243
585
673
143
561
127
245
15
224
852
830
13
624
611
844
361
737
18
278
769
405
233
93
784
98
737
802
738
322
464
757
460
293
655
157
513
766
966
497
686
836
606
578
914
311
207
159
481
349
891
381
957
135
249
379
59
509
190
748
470
319
298
708
286
892
979
872
284
990
557
514
242
925
68
369
575
126
900
479
709
31
955
616
441
644
818
432
241
460
724
116
590
67
940
527
585
260
668
549
638
18
770
210
86
504
977
652
35
715
423
876
810
28
10
40
201
915
986
764
718
898
271
857
693
366
61
243
174
557
170
529
224
626
798
355
247
85
223
74
906
439
762
773
297
549
467
833
516
839
656
768
520
457
807
320
946
710
347
197
400
133
179
90
398
340
146
691
83
431
149
192
724
953
599
82
936
32
41
485
442
162
97
965
946
664
750
468
316
397
640
400
463
282
951
131
262
725
618
757
923
614
535
352
425
946
593
474
490
262
356
702
36
64
609
35
31
82
427
570
529
436
553
453
473
189
969
411
52
324
422
790
77
284
473
475
278
566
791
60
763
631
516
138
331
295
587
58
275
633
377
211
593
153
248
630
74
726
758
628
416
274
378
999
635
24
531
483
711
656
425
929
442
225
145
269
278
920
242
168
965
298
785
590
367
289
389
93
155
96
527
541
126
149
666
615
862
208
813
633
477
564
849
905
92
41
119
484
405
683
838
852
461
341
957
830
210
967
86
929
335
280
880
147
380
828
51
184
717
95
299
780
123
198
829
805
970
611
922
802
432
204
92
226
831
651
815
359
158
321
657
611
413
938
130
347
670
896
337
9
266
413
385
901
19
673
593
844
352
562
730
219
406
565
104
465
125
316
409
301
568
737
319
783
918
116
964
58
629
94
223
387
130
202
613
680
681
941
364
288
726
825
616
965
322
163
388
281
559
582
399
498
561
974
905
293
953
588
213
778
373
942
847
876
22
676
40
111
185
218
166
413
799
140
400
381
351
795
293
456
674
748
914
916
121
272
885
208
356
98
626
332
747
289
568
386
346
595
801
580
829
466
174
960
906
794
614
375
120
895
423
29
782
567
954
47
808
102
647
301
729
371
610
515
366
658
848
493
406
339
710
865
907
570
824
503
681
992
85
360
561
350
634
885
688
125
705
87
421
486
534
811
673
283
1000
400
933
681
65
872
510
680
544
271
269
274
351
770
272
493
226
390
24
226
370
996
257
749
800
790
383
451
164
407
20
560
395
666
302
237
278
431
546
722
311
233
609
658
383
278
385
745
670
464
513
326
47
285
674
616
299
625
336
362
755
764
346
208
816
410
846
729
393
397
493
354
800
459
902
669
647
62
792
26
342
71
32
105
441
198
538
84
255
371
299
549
363
169
714
165
795
540
48
426
468
665
96
132
586
387
824
548
745
703
860
288
51
213
945
447
855
607
738
82
957
232
599
448
698
619
150
452
575
887
36
843
394
353
311
656
961
885
823
267
855
389
492
53
844
875
505
325
625
275
412
238
671
137
955
888
602
164
896
908
33
691
347
963
728
280
697
327
555
449
141
769
561
226
440
572
711
124
931
595
729
368
199
254
191
186
223
293
16
780
728
191
988
471
427
792
745
858
187
214
240
506
963
617
83
921
400
203
231
805
618
279
529
813
913
514
820
715
536
34
114
857
985
299
464
240
809
526
621
570
506
409
888
682
596
838
822
760
121
861
366
953
264
410
315
64
537
108
94
499
766
199
146
106
94
806
46
275
284
238
380
581
117
603
754
762
379
777
851
359
39
220
369
178
748
131
694
622
932
233
79
859
310
185
494
398
705
817
792
104
954
253
270
314
381
540
729
437
655
17
895
662
779
761
94
719
258
742
846
101
242
668
28
704
454
967
766
19
263
593
495
500
178
383
529
369
285
683
100
691
274
38
115
174
906
825
239
816
863
191
846
662
680
435
147
901
454
796
807
910
218
451
289
322
284
43
557
816
947
798
638
524
356
259
813
545
496
966
728
945
995
255
150
705
729
435
387
670
631
852
229
897
716
738
92
676
271
797
705
995
63
702
720
95
480
866
65
736
365
343
458
96
590
427
125435.5
404
261
992
1000
196
246
135
584
791
490
223
717
982
733
129
172
843
232
731
830
363
273
656
930
929
516
99
670
915
348
425
754
73
859
266
72
252
548
57
354
429
879
980
566
335
440
213
521
571
711
453
930
507
140
567
811
45
854
790
402
189
405
106
697
850
360
491
250
802
376
428
210
83
136
483
169
255
149
588
146
989
587
741
813
698
377
649
477
666
786
775
702
541
134
528
280
785
98
794
310
159
727
315
570
918
842
418
889
643
271
575
624
309
343
635
709
636
923
369
308
919
430
104
194
544
352
44
598
179
769
979
583
877
686
19
797
133
693
742
514
53
238
413
588
600
383
506
35
949
121
321
6
347
441
442
170
486
681
971
941
808
603
645
993
370
450
936
310
712
619
353
518
807
905
912
970
773
472
829
758
165
477
54
917
791
872
500
498
439
297
996
234
298
213
81
940
448
910
661
35
330
171
655
118
748
216
888
537
477
678
925
511
417
540
697
334
223
545
791
934
199
894
387
481
273
288
475
403
825
199
251
206
77
292
624
503
110
708
637
365
319
888
37
908
47
878
267
612
72
372
102
663
945
790
713
96
91
977
912
908
646
438
307
825
356
32
393
298
875
599
813
535
379
651
980
789
427
969
794
360
433
294
117
335
580
710
156
68
604
447
97
774
480
331
674
930
313
936
960
826
889
434
485
565
896
564
781
718
508
558
263
724
493
264
856
646
123
450
407
499
701
952
403
330
431
916
18
672
531
854
812
339
975
787
940
935
211
376
275
316
666
310
745
678
618
63
446
901
141
497
657
317
838
124
623
704
141
787
950
134
604
914
165
772
842
501
406
792
162
829
242
955
803
480
650
844
282
294
434
808
555
436
304
519
621
18
98
865
40
435
363
224
99
134
831
634
307
159
512
119
504
121
17
804
731
829
920
192
174
740
144
882
251
298
67
893
300
251
772
411
774
209
770
826
896
831
674
256
91
608
260
770
826
396
233
128
710
616
809
196
219
918
212
537
569
140
535
343
684
216
531
416
598
746
990
471
817
485
825
658
37
622
784
208
503
269
26
977
237
986
260
940
766
523
269
765
363
404
939
105
752
725
89
127
966
21
365
748
116
707
677
323
795
439
650
84
9
678
951
505
998
294
398
19
97
59
197
345
369
970
16
875
906
618
935
829
67
607
191
285
56
611
99
341
78
38
250
670
258
856
336
931
887
765
498
611
345
514
752
363
741
504
18
476
881
135
751
179
220
621
259
51
941
929
848
432
850
953
41
814
660
680
167
715
100
458
252
387
670
557
643
671
664
209
633
432
977
576
459
4
624
584
400
619
148
44
127
967
425
921
455
414
52
185
842
731
311
536
675
323
841
52
632
339
921
736
203
736
324
196
192
408
1
597
714
716
783
9
432
291
979
262
847
642
407
552
933
420
894
328
739
756
548
658
993
359
713
782
336
376
886
738
746
227
777
569
117
608
947
730
776
288
390
435
571
652
427
272
179
728
141
524
629
263
824
521
245
732
952
571
423
401
268
887
94
886
946
966
640
936
479
765
844
969
56
546
119
548
561
763
934
814
119
501
154
595
634
310
288
968
362
533
808
506
421
208
44
740
408
777
697
624
94
332
275
971
75
704
608
565
725
407
134
461
625
127
643
67
723
649
454
366
833
114
576
778
729
525
685
873
614
193
850
606
293
796
868
723
327
767
499
29
109
773
401
26
142
256
606
119
161
816
708
744
673
568
203
206
100
701
481
353
246
962
554
470
999
548
702
727
12
747
7
751
924
251
342
747
903
569
295
294
154
62
24
876
445
421
520
396
855
21
919
773
355
108
786
777
658
267
88
574
346
239
210
874
81
79
967
718
13
822
877
411
695
410
553
506
919
236
445
99
494
290
617
221
921
12
174
602
174
895
343
980
893
424
781
741
618
890
610
130
852
775
507
695
752
519
852
346
202
196
502
302
968
690
794
819
812
829
543
956
507
384
705
749
100
105
715
717
766
523
429
101
835
988
691
714
24
743
820
498
24
560
989
950
305
268
187
271
878
316
875
244
250
977
264
261
32
251
721
22
416
974
145
357
29
461
448
605
20
672
719
234
194
331
264
992
895
775
324
268
706
245
497
763
971
292
627
495
719
3
516
177
58
49
668
541
215
710
456
988
190
110
664
245
775
538
295
806
845
355
84
132
300
50
453
786
20
340
168
562
387
273
519
153
479
23
241
287
294
256
771
153
337
24
520
394
330
960
597
175
611
186
976
749
949
906
167
590
122571.0
834
664
965
59
889
673
487
395
318
455
268
300
101
334
712
866
97
748
869
153
801
775
212
57
45
568
449
408
290
611
559
251
235
62
786
857
355
407
133
615
499
195
536
499
773
623
881
506
875
214
542
95
810
958
607
180
711
155
532
596
76
529
487
319
104
554
403
821
444
559
126
840
115
792
844
890
751
853
937
838
433
375
94
207
312
554
693
507
498
247
76
308
289
918
231
627
577
825
551
618
96
248
621
347
535
188
203
51
341
728
769
327
884
734
66
279
767
118
848
757
810
558
68
804
753
567
430
476
445
148
907
377
706
328
517
163
18
265
612
576
403
722
776
505
871
567
757
917
701
873
500
913
978
491
184
742
216
296
645
139
525
319
757
98
92
544
375
629
847
423
241
572
851
161
809
101
71
619
729
166
246
499
88
162
898
150
394
581
925
649
229
728
942
788
317
132
620
168
590
890
109
898
262
920
433
880
40
542
535
328
43
463
562
374
796
703
577
368
224
166
729
80
618
457
370
712
72
539
327
881
173
784
438
616
436
477
750
308
217
601
672
196
470
159
394
160
723
430
640
609
144
278
256
144
446
954
370
102
956
28
513
590
469
158
392
950
823
630
263
399
653
384
950
268
584
299
101
111
933
728
436
723
36
702
139
321
19
904
153
589
142
134
112
665
731
55
621
86
435
82
379
500
114
398
4
424
617
372
242
533
978
240
851
656
237
439
255
569
172
439
489
31
531
585
281
64
374
361
229
71
309
568
174
307
342
96
794
587
869
586
66
749
628
400
845
983
271
108
271
551
333
608
768
964
226
289
798
116
686
821
922
73
787
228
855
576
626
250
590
117
600
22
944
458
504
149
351
789
760
258
336
510
378
390
853
934
385
167
424
539
515
802
105
804
453
423
499
763
995
915
427
824
864
228
999
192
275
855
513
355
849
133
321
667
628
112
138
816
905
504
339
704
862
174
763
240
971
689
322
368
53
201
622
671
98
796
782
386
603
903
428
171
802
556
291
901
771
579
256
884
104
644
84
307
313
602
430
497
714
422
453
319
950
883
286
825
546
27
676
20
185
131
352
478
464
237
642
659
381
865
307
324
844
827
3
948
902
304
165
262
57
591
920
489
455
917
728
383
487
434
450
641
133
932
524
873
109
691
43
48
316
94
475
325
859
219
757
432
75
700
61
340
177
587
438
944
863
350
182
105
924
162
600
147
805
370
333
500
305
551
896
538
56
481
564
809
714
734
602
279
376
973
929
153
211
548
582
9
743
285
168
372
279
367
175
580
832
525
496
524
305
276
544
745
562
608
25
471
269
924
140
375
489
378
982
857
751
83
106
49
550
494
382
768
944
302
864
547
109
593
678
985
831
633
662
342
181
333
917
714
978
659
413
441
548
271
63
947
872
768
593
810
310
359
273
543
861
607
845
707
692
252
706
379
192
592
83
255
860
663
367
314
942
733
423
400
591
394
75
261
493
777
21
499
223
318
701
714
393
338
740
541
325
735
779
405
236
331
604
517
738
676
761
90
367
191
566
100
77
12
380
282
671
30
278
358
46
389
541
294
54
158
544
500
750
460
234
601
111
112
871
392
842
505
758
883
409
227
92
212
985
378
338
649
431
34
446
395
79
406
13
592
17
605
376
893
832
879
217
409
475
714
115
793
714
314
544
425
860
157
700
813
878
420
734
256
415
194
63
156
593
937
78
171
471
884
284
700
166
792
239
284
849
337
210
530
196
871
455
336
730
742
68
109
871
603
816
497
602
229
442
323
829
153
756
764
555
172
306
412
159
729
914
970
352
219
794
663
773
680
393
944
777
148
568
896
990
215
787
638
246
389
21
851
971
182
947
877
246
367
451
183
313
684
853
671
917
416
205
744
511
991
668
651
601
690
915
904
843
385
204
126
514
29
52
540
85
241
333
81
500
885
792
281
663
282
148
479
321
723
893
754
644
731
183
295
186
281
465
173
377
33
224
666
671
329
785
950
219
219
230
513
109
994
460
56
605
189
140
333
175
584
725
531
702
97
413
817
552
647
754
759
263
791
76
75
769
702
805
718
610
991
363
117
315
697
373
453
857
387
204
287
381
699
519
607
430
34
955
270
61
664
958
810
368
300
643
706
314
434
536
951
464
763
813
992
744
508
812
385
873
41
361
898
439
816
202
449
681
177
933
554
703
907
621
872
469
196
285
662
330
338
706
818
75
929
344
991
88
756
857
811
677
839
442
979
398
557
255
66
871
827
388
782
37
252
625
60
310
467
121246.0
19
429
392
940
82
305
855
649
722
516
608
700
236
690
774
91
369
206
773
841
350
254
664
851
555
401
869
593
819
399
286
656
575
979
843
169
493
604
721
470
923
892
350
444
942
329
482
535
147
885
4
872
956
132
194
799
970
805
224
403
378
522
953
614
307
433
83
170
529
533
693
70
911
162
939
191
21
219
544
200
927
641
5
782
214
399
144
495
868
848
232
709
310
125
249
395
930
182
109
322
25
728
680
683
695
800
861
870
443
243
505
634
602
286
218
806
159
819
267
243
673
357
892
252
424
499
94
574
783
921
157
711
484
632
639
856
103
691
262
502
1000
194
991
558
978
335
441
150
859
205
334
158
414
496
213
169
446
718
731
920
556
681
482
910
709
430
674
466
103
524
18
364
152
797
721
985
188
307
638
831
540
463
834
771
745
933
480
420
497
441
77
237
289
168
757
799
594
911
198
72
640
166
472
171
427
82
631
515
949
641
329
472
233
608
212
377
597
728
213
861
10
821
217
550
246
359
175
384
891
73
805
206
350
373
658
504
359
609
787
439
711
897
347
925
633
806
189
613
808
318
570
702
610
773
246
90
412
967
804
961
902
447
14
863
265
143
839
309
876
626
902
555
196
764
321
717
343
861
478
188
344
290
106
309
399
605
386
109
336
445
973
810
779
275
797
850
621
953
40
950
938
558
108
648
612
627
814
717
847
525
166
692
384
248
333
522
382
479
377
644
927
958
75
336
586
959
624
569
602
960
953
447
92
641
211
918
131
317
50
472
330
198
500
500
551
58
430
960
635
517
34
401
343
67
791
645
768
951
875
197
548
833
885
672
211
354
918
804
669
904
513
888
164
596
396
790
387
178
379
655
971
503
102
526
923
21
192
842
345
459
24
169
894
187
616
511
524
317
511
114
992
274
189
789
975
775
453
92
989
649
490
904
876
377
408
956
690
244
515
414
998
255
208
760
227
781
931
402
986
630
420
792
15
318
534
106
364
629
300
181
258
845
311
382
707
92
828
385
98
93
285
351
86
625
196
390
424
443
918
642
392
635
745
216
5
148
986
937
907
957
958
949
769
461
137
708
514
281
331
91
261
602
368
221
282
93
892
643
839
790
747
447
19
494
218
50
905
638
544
534
766
409
673
165
847
29
97
217
563
858
875
823
898
633
994
776
42
489
583
277
34
709
878
476
68
29
780
581
510
894
272
822
728
777
839
573
432
589
284
540
872
398
150
449
788
143
298
360
437
699
950
42
571
763
402
370
42
950
62
712
654
533
625
665
132
475
346
512
731
410
567
689
859
302
473
490
757
542
44
143
118
692
945
665
877
171
183
937
875
861
410
500
740
204
339
620
158
472
205
424
699
96
918
362
528
617
607
601
788
350
976
250
251
565
300
767
294
114
191
263
814
265
853
608
396
516
52
463
979
341
753
737
310
566
171
468
143
789
387
398
39
651
93
330
50
652
176
677
179
676
543
180
30
575
277
628
296
291
480
732
139
439
293
353
671
619
22
636
718
564
475
252
238
845
87
725
716
987
666
963
442
700
411
918
795
665
865
588
359
609
418
761
572
566
825
494
157
476
248
984
503
619
203
516
3
210
915
698
944
847
569
592
63
439
514
906
206
659
659
571
67
491
737
408
359
161
286
182
890
665
553
216
998
217
702
778
218
541
596
817
667
210
222
553
75
652
168
886
547
780
367
18
347
873
914
131
346
284
969
140
413
700
212
655
70
477
642
141
628
564
566
356
891
907
792
311
861
412
54
766
49
735
369
763
48
299
449
773
254
586
104
309
29
54
5
810
352
305
490
247
84
114
466
806
53
185
536
878
116
270
652
583
938
63
317
906
990
128
478
679
224
899
722
225
983
311
386
533
814
320
206
6
996
372
355
232
487
136
909
588
212
905
89
966
545
517
834
809
268
948
301
164
811
668
586
788
377
516
162
194
31
196
887
318
361
618
493
728
995
780
529
925
449
351
246
706
679
64
710
770
673
571
956
1
320
995
790
782
400
636
689
377
841
481
16
830
644
175
481
391
877
284
483
229
24
931
74
285
72
326
391
25
148
910
544
393
628
525
582
668
65
660
755
297
708
386
458
952
313
678
81
258
902
235
572
736
571
260
471
607
192
137
848
332
72
106
216
442
349
601
638
976
273
83
75
176
144
565
300
914
576
381
712
141
364
87
478
739
415
258
317
603
853
182
228
51
468
42
950
192
235
194
566
139
261
106
886
427
48
899
932
251
235
292
553
719
283
900
124
453
129863.0
921
647
74
101
217
772
200
293
665
538
370
243
773
380
811
952
945
800
632
72
966
775
97
188
452
508
366
374
686
501
334
263
945
8
122
762
763
458
57
470
460
201
185
467
56
720
763
466
29
15
834
170
122
795
365
186
236
126
813
554
818
421
454
359
148
502
921
923
620
552
505
951
711
844
658
714
388
818
627
849
838
429
340
207
238
606
110
474
561
113
289
254
467
930
441
641
227
806
947
666
536
345
280
227
226
162
686
222
98
849
249
394
974
662
709
199
771
150
802
679
621
558
613
725
162
441
651
425
953
164
176
324
61
403
347
70
677
316
626
443
909
815
416
432
471
640
490
820
822
862
641
874
675
436
857
810
625
236
219
96
198
393
992
173
943
625
938
455
505
517
506
640
501
147
577
2
757
650
424
261
905
496
867
161
197
99
927
556
34
567
532
714
408
806
128
230
469
66
445
865
859
815
83
764
846
850
745
546
556
324
462
592
67
475
711
626
868
366
434
162
128
162
422
360
216
567
740
644
578
915
437
728
485
673
753
526
224
475
287
588
56
43
555
20
310
141
1000
456
687
718
771
359
420
249
919
905
104
108
214
122
60
652
759
139
340
822
712
600
487
325
218
467
547
276
894
335
930
222
122
875
62
759
326
778
475
435
793
915
762
461
601
160
761
636
571
80
399
29
101
68
49
423
252
289
871
351
983
268
680
525
971
231
121
676
585
507
98
598
870
319
83
59
998
764
459
128
192
346
56
21
494
507
697
442
240
32
191
632
786
604
466
766
95
477
709
940
515
103
825
421
657
520
428
970
490
448
687
123
592
707
837
185
867
275
957
672
563
182
858
131
312
105
995
423
440
278
683
869
732
299
435
510
687
563
122
990
499
252
323
587
531
915
938
732
540
405
414
759
405
936
930
750
401
152
297
167
783
936
124
383
909
69
349
643
629
126
267
792
605
631
852
793
288
282
330
277
679
658
850
418
189
212
401
658
527
923
535
438
656
805
279
128
467
541
49
850
547
535
250
865
232
710
818
282
40
708
837
461
391
351
670
356
329
719
521
821
915
51
430
138
347
83
181
485
424
228
317
653
209
988
426
317
174
795
397
833
985
340
296
248
679
481
734
489
961
927
464
434
948
526
424
601
291
760
782
871
490
820
808
69
509
182
785
349
431
205
121
418
552
819
352
356
192
560
945
995
515
369
72
50
20
167
47
206
105
445
967
355
175
479
371
503
155
451
359
827
781
577
626
219
432
933
413
238
447
677
293
32
972
281
63
423
997
344
652
471
625
441
103
624
152
288
418
680
182
543
111
484
392
956
448
226
659
271
876
795
496
32
877
135
227
431
375
868
551
478
435
500
408
615
923
925
409
593
12
360
146
403
110
583
880
780
592
501
950
212
427
885
415
798
212
688
46
472
734
579
971
615
623
716
548
183
166
353
500
459
69
228
53
685
570
302
559
609
697
353
442
345
294
383
419
885
807
440
935
324
423
653
629
345
869
489
740
547
541
376
143
336
673
488
62
658
329
103
578
200
577
62
102
60
387
383
94
47
721
429
523
435
502
462
999
205
698
396
243
587
662
481
886
16
133
318
936
481
223
851
909
376
809
248
266
450
562
641
206
178
250
387
795
401
770
486
925
687
825
758
422
764
51
407
797
754
903
854
677
317
97
475
777
279
750
877
962
454
802
299
613
171
725
193
943
884
699
110
57
876
29
681
279
885
644
231
929
371
483
454
450
873
796
453
443
692
771
44
372
772
832
498
281
303
731
230
46
217
901
777
401
306
487
467
773
697
745
881
915
226
407
706
546
774
558
914
346
129
330
765
250
35
157
637
381
489
43
841
167
39
968
799
325
314
376
100
859
872
325
598
892
461
4
713
41
899
974
648
540
837
625
931
341
497
174
150
804
77
749
502
882
194
541
61
212
909
648
322
391
226
117
395
997
859
899
722
831
630
590
366
649
244
118
229
947
59
536
575
837
222
455
842
843
292
802
370
577
953
822
6
784
179
126
421
893
627
428
422
801
114
517
812
403
580
677
706
929
681
300
102
829
754
979
687
893
979
72
129
684
684
648
451
883
350
943
248
702
608
917
520
166
115
71
232
158
731
520
715
932
324
618
645
192
294
910
787
316
697
652
901
502
594
402
447
11
119
568
963
318
923
774
444
973
89
143
643
342
909
704
856
337
238
318
747
447
376
22
808
190
996
902
976
737
781
349
822
407
879
220
977
428
490
858
2
784
786
774
674
84
226
557
54
979
466
124788.0
559
407
587
905
676
299
249
687
421
507
280
711
470
662
189
38
392
217
309
914
500
243
39
721
515
542
499
622
93
463
501
809
689
998
836
251
854
460
830
532
629
708
3
529
99
337
952
459
630
912
639
912
590
251
417
739
720
857
813
536
995
488
267
657
352
457
801
103
37
518
988
30
190
76
571
232
333
137
32
52
174
589
665
865
791
318
991
504
778
880
245
830
389
144
851
438
753
243
908
273
266
732
796
817
568
752
630
769
522
221
110
675
634
356
698
785
146
935
303
354
426
414
269
274
444
539
841
591
741
893
199
579
583
697
82
946
762
613
992
625
141
247
72
610
842
399
111
151
773
202
254
70
703
527
452
93
701
847
709
956
885
613
35
739
274
458
621
479
377
507
442
329
211
788
299
942
150
290
546
835
987
540
139
789
89
878
100
503
983
350
176
300
978
175
424
776
83
938
328
107
390
190
872
317
598
187
615
359
217
755
828
341
826
596
99
351
759
699
835
933
325
791
132
648
338
363
303
427
377
143
97
264
291
342
805
510
167
492
6
353
128
895
299
905
472
928
212
640
550
380
323
699
823
751
387
94
918
810
944
915
693
386
344
787
605
110
906
357
247
606
656
600
730
651
482
642
12
874
806
161
685
268
153
208
815
593
460
20
48
576
506
822
283
275
271
869
296
899
452
903
849
596
159
621
298
580
86
635
998
569
779
753
594
416
873
514
45
302
707
717
667
966
272
331
804
878
45
561
101
939
245
525
45
492
869
903
618
436
299
405
689
332
370
531
642
67
390
957
812
651
827
423
632
88
510
611
422
790
277
247
155
834
626
696
882
381
368
858
566
813
708
950
61
544
726
744
146
145
905
777
998
546
154
411
793
74
635
822
122
483
140
52
721
321
904
610
513
262
435
68
614
320
135
793
916
803
193
72
202
717
516
948
526
324
673
839
173
135
554
382
691
127
87
703
418
729
982
325
29
540
543
772
959
335
939
41
832
658
641
129
231
817
259
478
710
210
976
402
576
81
104
371
715
626
678
304
359
455
826
577
644
557
706
355
692
201
197
862
659
884
524
832
545
597
935
746
242
292
13
30
996
668
982
175
185
214
939
614
725
748
610
472
76
599
736
160
153
512
269
394
593
498
420
265
247
73
898
158
290
945
451
824
980
614
461
696
229
620
536
154
159
737
521
383
610
71
604
576
971
962
270
741
695
775
499
564
728
587
400
548
695
571
485
496
749
180
337
330
409
794
61
9
692
745
381
248
873
985
212
779
515
500
311
611
830
475
956
577
308
354
696
646
893
311
699
430
534
564
630
97
611
809
1
712
520
279
60
902
363
932
325
556
455
64
189
583
661
573
207
303
925
31
573
466
195
714
877
596
505
465
546
306
632
466
455
874
882
60
926
122
206
371
176
571
286
431
567
286
60
327
182
758
302
687
555
616
976
839
731
259
40
786
491
362
367
564
87
696
541
618
584
52
459
572
915
610
710
388
479
735
32
600
549
530
241
661
221
698
580
445
597
287
564
993
366
741
570
913
498
859
761
609
441
992
215
560
510
647
549
574
68
764
616
603
89
315
711
586
733
928
602
594
939
602
937
57
603
688
957
773
468
634
283
319
283
910
100
513
871
562
84
538
329
322
419
257
80
172
711
629
685
210
35
104
786
770
251
581
551
790
984
39
919
475
584
796
165
768
218
891
722
114
932
904
539
35
57
348
349
33
989
859
669
622
338
581
529
59
926
566
405
406
352
897
526
244
704
416
211
796
800
830
883
819
672
190
61
793
681
463
545
349
44
176
504
716
538
297
924
282
519
32
287
816
343
219
239
923
96
352
874
554
746
198
279
962
730
172
186
731
220
979
182
108
94
323
543
545
521
238
114
104
604
411
956
109
387
168
316
503
657
871
322
953
913
587
543
755
930
859
369
176
1000
594
158
795
643
552
527
144
201
354
235
302
332
638
619
688
931
816
444
978
329
334
718
862
173
96
166
735
29
683
814
24
147
997
832
769
254
493
271
449
732
486
19
847
364
99
539
413
95
244
404
230
853
855
813
330
954
350
941
99
362
899
969
317
868
477
105
568
563
712
345
390
384
465
136
883
8
851
638
327
921
319
329
760
475
380
417
767
736
282
302
309
660
13
535
387
645
509
296
922
595
123
900
157
656
495
79
944
267
353
994
119
643
71
39
696
21
166
833
601
207
119
650
94
159
3
587
312
208
169
548
64
844
13
582
454
891
904
644
230
989
249
60
865
913
900
220
439
122409.0
110
535
516
49
67
603
134
361
54
542
411
257
914
303
694
928
778
743
767
71
581
725
168
349
571
463
573
300
558
576
519
187
78
49
928
841
616
467
872
519
839
265
576
422
58
661
808
458
874
181
656
138
647
664
451
358
676
218
969
534
38
441
104
244
585
483
98
945
86
540
681
879
36
882
814
786
673
874
962
849
557
447
831
203
677
607
450
410
129
196
976
212
634
947
243
519
197
735
46
638
457
360
563
110
953
235
425
151
357
738
755
304
996
573
887
254
567
109
114
672
202
496
937
793
497
552
304
374
652
95
322
460
946
232
311
56
228
299
891
352
795
682
643
333
143
647
133
839
357
815
250
862
547
535
915
953
269
167
669
13
428
374
353
321
425
625
556
549
60
582
942
683
698
158
62
128
524
621
522
155
488
473
369
199
592
142
652
421
59
690
565
708
522
819
253
275
424
16
357
834
994
853
915
692
34
810
655
701
476
190
463
684
592
483
835
728
296
340
57
5
444
199
282
264
164
708
878
593
458
843
193
755
945
575
652
489
26
417
920
735
778
194
154
194
248
8
528
344
311
533
354
236
435
219
905
926
848
139
615
38
120
533
948
160
517
898
663
741
684
410
312
484
253
324
427
351
882
119
666
927
733
759
80
840
221
369
635
907
575
326
475
186
727
789
620
91
787
6
571
4
92
488
66
297
509
401
461
375
389
391
746
266
772
559
754
569
889
605
246
310
675
9
496
577
580
84
712
456
232
139
997
526
769
439
984
7
99
508
281
641
450
698
324
518
784
958
623
104
673
351
473
486
934
849
340
479
116
145
143
808
437
146
136
233
819
644
199
181
730
128
717
112
905
404
862
257
173
815
89
129
357
501
544
556
360
854
736
87
451
541
983
885
169
590
239
333
391
714
375
977
455
604
735
127
442
230
270
967
916
264
972
27
269
640
818
201
829
833
190
663
211
954
281
271
139
309
377
770
934
545
169
155
978
716
661
862
726
254
159
783
966
265
438
522
597
828
633
538
716
867
475
543
973
394
419
652
658
634
6
343
989
350
94
594
567
811
391
83
685
124
698
216
257
436
64
337
488
692
344
964
903
296
41
862
909
726
221
321
215
167
3
471
621
402
948
762
455
568
936
567
404
511
727
813
722
936
108
781
216
69
620
101
500
388
809
321
673
433
355
918
563
224
879
618
888
967
236
428
778
130
463
330
676
319
954
408
578
334
857
359
571
355
459
448
181
797
376
763
58
160
229
920
234
181
342
668
432
37
573
232
724
511
684
333
628
620
79
357
317
699
145
355
538
695
645
575
407
356
992
837
815
290
966
281
229
755
514
120
765
120
127
401
649
898
761
486
259
490
407
762
673
913
594
584
978
266
507
470
69
513
641
778
140
502
108
176
454
978
662
951
830
705
406
464
414
526
556
746
328
676
103
179
437
370
142
333
351
211
694
658
947
166
285
722
812
383
31
317
66
371
270
907
113
412
587
362
783
538
293
177
301
363
586
375
751
432
223
341
71
515
74
794
76
60
330
196
12
2
671
152
894
320
359
34
282
431
873
321
274
433
560
145
831
328
698
659
100
487
496
129
624
313
744
373
299
996
106
329
650
228
624
270
82
598
145
143
952
462
771
478
930
555
343
611
303
768
62
769
568
403
165
799
349
904
534
318
110
495
211
161
129
895
175
500
534
296
969
168
739
184
314
943
839
94
97
963
321
738
459
1000
816
184
992
342
662
440
37
944
523
484
882
550
879
191
146
736
224
494
647
233
155
207
611
110
979
806
141
165
654
624
38
569
745
743
201
225
616
751
346
818
303
983
22
85
718
860
1
171
55
597
637
430
531
703
259
17
743
760
816
206
653
7
36
943
758
650
54
473
294
802
504
882
66
571
419
987
633
848
643
576
549
112
429
66
294
370
696
229
172
213
678
781
323
435
444
221
872
357
971
864
921
604
351
668
294
392
308
378
609
125
257
117
447
568
92
238
609
885
616
307
935
304
93
994
192
84
246
289
820
520
724
462
279
607
522
231
885
871
790
511
470
813
203
811
570
137
364
628
45
684
88
870
995
122
238
683
332
500
972
486
920
282
900
633
66
533
509
70
139
149
175
693
92
626
709
269
395
597
7
145
793
642
987
785
285
979
192
704
536
563
404
122
186
869
75
789
888
435
588
147
91
553
395
979
436
861
444
235
695
898
410
370
175
944
487
821
864
976
602
635
553
915
802
917
316
933
652
509
569
178
306
744
14
784
198
100
579
200
165
611
121283.0
118
443
663
957
88
371
907
626
178
430
909
822
891
647
513
121
791
316
349
846
391
355
100
738
189
480
556
759
337
344
237
718
730
966
219
147
900
495
309
496
571
833
704
592
971
285
362
553
709
912
735
820
476
381
884
609
613
736
422
531
19
552
242
774
597
443
415
2
110
367
405
172
149
66
671
150
710
140
675
201
239
533
440
747
456
360
584
631
116
788
842
808
786
66
816
571
371
255
246
318
458
736
815
900
203
753
622
848
903
223
1000
675
548
353
688
656
869
869
617
353
747
419
844
285
693
432
38
691
211
819
6
585
325
717
121
848
934
694
66
595
849
282
589
695
754
452
600
203
239
198
203
137
305
378
891
9
533
819
561
938
576
630
339
646
438
289
261
359
762
497
309
305
126
913
143
926
738
368
136
837
487
560
497
747
943
917
521
637
147
273
123
387
300
226
789
777
977
920
361
128
521
100
142
236
31
275
518
211
810
885
132
303
917
421
831
347
761
560
911
933
352
760
780
815
823
260
62
332
53
206
354
189
709
499
969
599
297
528
531
255
261
714
885
763
610
904
748
633
848
389
97
846
340
871
145
100
264
921
862
997
157
561
704
923
629
126
28
299
58
506
1000
518
371
737
690
588
277
859
342
41
837
164
68
89
445
692
471
134
295
712
63
750
357
232
26
936
246
919
225
935
450
488
731
758
228
529
628
701
225
594
501
734
10
341
70
503
726
298
912
785
967
925
560
353
623
991
210
451
906
787
180
475
258
501
852
970
840
551
62
422
668
248
572
395
646
69
668
978
344
557
4
614
199
125
895
587
9
761
47
277
900
820
248
815
639
378
737
883
505
905
825
881
676
522
841
777
208
91
394
894
760
433
43
456
134
80
649
967
944
484
792
143
471
348
847
727
195
356
881
4
641
393
178
886
235
756
151
51
184
814
512
970
842
429
902
782
832
257
504
366
939
46
470
765
259
722
595
223
50
485
174
756
56
301
109
73
636
692
779
271
264
780
548
533
305
179
797
397
51
51
564
540
223
658
141
316
106
321
368
757
529
744
792
481
837
283
478
973
418
795
502
840
859
541
385
728
328
365
332
132
75
611
607
237
428
354
316
669
696
809
213
463
869
652
32
194
544
419
201
447
951
503
942
151
674
141
608
273
581
896
914
822
53
557
221
627
879
473
443
29
303
708
134
395
583
89
904
582
603
770
826
635
994
661
933
541
20
754
178
647
297
556
209
492
948
183
680
223
568
786
557
30
118
736
834
278
622
867
828
847
132
524
746
674
802
350
527
681
245
380
766
561
114
285
44
490
853
600
527
232
435
673
304
698
584
324
273
917
988
950
279
499
387
17
166
527
159
571
505
333
70
19
850
375
865
696
938
519
550
436
473
186
287
542
194
901
209
121
430
49
852
354
938
468
136
538
375
247
788
413
228
748
528
657
467
569
711
751
971
405
578
806
272
275
130
662
229
630
69
629
294
44
422
499
8
596
244
395
835
921
858
725
801
681
718
543
278
600
882
530
747
216
221
981
788
860
112
913
215
839
958
759
577
876
692
635
710
686
732
604
187
880
396
753
170
356
997
514
878
894
403
590
644
539
369
54
869
647
777
765
28
704
752
391
521
849
29
498
550
532
163
412
928
416
878
174
624
201
214
503
81
217
183
120
792
637
256
577
801
863
540
122
864
569
107
637
74
857
444
851
609
69
993
851
341
90
329
355
468
42
12
733
135
734
208
619
737
54
168
616
574
540
937
809
94
315
451
489
118
667
789
726
247
929
149
188
363
816
366
292
36
360
937
158
90
794
730
172
446
147
356
101
710
852
972
106
608
745
116
467
471
538
279
284
100
965
125
158
245
757
548
917
102
105
86
283
782
456
907
138
416
44
345
337
937
14
675
210
672
451
215
853
501
987
811
683
361
825
778
742
946
142
487
635
874
690
74
545
671
169
485
320
267
392
575
571
121
643
681
824
228
825
110
469
369
688
573
192
737
721
397
747
725
85
79
955
229
675
846
493
620
486
244
368
71
793
874
209
131
419
304
199
956
97
823
963
536
437
749
216
668
39
518
864
597
220
362
445
968
494
664
807
749
393
919
551
91
879
344
919
489
242
752
297
341
780
447
362
888
781
728
350
55
283
104
14
597
236
561
475
339
957
684
173
536
289
100
552
271
798
526
447
164
100
449
55
512
818
501
85
729
703
285
128
83
167
455
32
801
418
757
152
310
111
83
62
443
451
10
832
118
349
127
291
903
825
813
886
203
392
125422.5
935
464
960
88
176
649
996
279
967
554
201
276
389
414
98
853
83
597
665
229
92
703
227
330
146
485
900
241
289
576
882
208
295
7
19
932
355
470
858
441
66
265
33
449
336
792
928
399
645
83
89
112
175
699
153
406
368
250
806
454
505
513
406
204
669
528
115
958
589
674
928
893
834
857
66
911
224
945
992
701
968
468
178
164
104
657
372
424
479
309
813
113
841
944
246
434
531
779
397
593
89
360
316
51
946
235
259
138
458
790
77
259
689
729
950
395
917
176
794
629
796
508
629
621
937
626
218
377
171
194
27
394
30
332
230
241
167
229
588
345
782
789
228
308
148
581
482
757
890
723
439
934
160
564
197
964
856
245
43
18
218
282
216
265
501
655
160
560
115
574
467
658
755
36
306
168
849
592
398
216
482
378
215
182
614
62
92
358
427
774
800
689
403
854
627
158
344
162
491
855
184
903
208
753
787
707
692
768
464
20
950
754
312
662
781
728
443
356
152
147
981
264
431
174
809
826
680
573
25
739
727
792
631
458
34
444
400
526
768
703
625
213
684
206
91
149
741
329
367
585
938
107
462
68
347
928
269
102
785
31
999
484
989
121
395
896
298
785
791
564
550
392
188
326
24
498
763
145
26
982
780
850
228
869
236
369
115
945
953
387
828
185
967
750
356
79
564
107
451
36
578
578
249
287
806
462
284
281
933
371
548
270
662
697
225
491
328
651
776
145
825
73
472
601
934
52
267
616
453
219
526
596
458
505
232
104
139
505
241
664
326
748
69
530
342
996
946
97
859
368
438
366
238
946
326
474
379
182
359
766
554
199
110
224
299
666
725
115
968
190
6
37
808
474
748
150
557
978
359
148
825
546
227
606
458
881
363
102
409
586
361
878
524
621
66
284
691
729
307
941
983
579
63
181
596
221
73
911
666
172
438
82
957
522
876
126
896
771
605
604
632
969
648
205
145
207
651
786
705
477
735
230
647
749
652
854
268
348
533
635
646
224
945
400
539
853
680
699
496
891
817
445
636
396
636
671
914
770
919
241
669
195
42
484
214
806
919
4
542
147
200
183
245
547
655
180
18
665
598
958
693
467
755
781
177
646
553
274
237
195
425
447
910
372
461
877
885
539
270
595
699
521
196
877
150
795
900
679
641
152
545
103
412
484
670
323
563
602
112
973
118
307
492
669
225
970
491
515
735
244
911
347
159
368
414
428
57
310
569
307
5
409
603
511
921
756
88
736
250
129
753
938
465
320
878
731
168
53
280
250
127
395
189
380
225
586
885
408
383
524
157
460
348
798
894
483
907
412
761
707
424
326
438
262
401
739
949
28
555
5
671
454
783
996
937
535
817
482
684
613
15
920
226
647
679
233
266
438
370
629
552
791
42
374
487
49
861
931
762
984
244
624
498
519
112
408
558
709
630
680
476
287
670
270
689
348
320
176
985
509
887
257
458
740
978
313
287
421
633
341
801
987
533
496
389
422
709
589
285
133
646
235
785
417
73
387
1
406
60
437
220
772
749
64
65
219
201
84
671
117
17
158
585
202
132
336
299
325
121
351
293
193
576
313
497
620
232
406
952
86
138
323
601
524
175
928
807
322
967
182
594
355
608
569
272
122
620
519
820
423
964
628
101
509
962
774
252
864
173
548
873
785
54
908
589
341
984
344
479
227
388
836
345
371
918
343
68
47
926
116
449
882
135
137
452
969
185
553
728
981
633
170
308
208
467
296
877
870
630
337
913
419
639
132
389
663
144
451
145
354
130
256
691
162
898
871
848
84
804
725
217
565
866
879
74
199
662
853
525
870
542
919
69
107
70
831
162
171
400
536
54
427
357
733
539
103
976
922
729
161
494
9
303
812
427
716
889
643
878
787
132
987
329
713
427
963
826
694
241
630
675
93
939
89
283
414
506
146
43
344
10
856
434
429
450
263
815
386
746
734
518
771
216
572
939
329
323
294
438
245
31
138
938
625
983
350
603
860
226
188
604
325
253
990
969
111
237
414
461
512
13
481
605
732
304
209
818
836
892
486
884
760
439
809
596
55
548
584
453
832
968
946
267
72
748
736
643
621
681
440
362
101
943
706
388
449
680
174
811
57
59
799
395
776
934
246
364
616
737
128
269
566
707
787
458
934
283
833
741
535
194
32
580
841
766
666
275
520
753
212
808
606
829
984
475
957
142
252
820
853
972
354
287
901
781
831
827
947
648
592
261
791
627
795
946
982
284
491
498
175
752
712
233
622
288
252
785
171
772
546
123959.0
423
560
300
829
49
429
500
765
152
430
51
656
323
636
401
136
79
441
413
720
52
234
139
725
772
455
55
827
195
464
334
765
455
975
96
157
477
520
607
647
34
657
341
537
111
202
844
691
107
971
83
833
365
373
787
682
637
797
975
572
728
466
829
759
209
501
509
91
564
335
470
126
782
171
942
114
383
101
625
332
594
502
928
754
924
270
815
563
788
775
475
947
489
125
495
644
38
278
937
309
275
687
492
863
81
725
855
820
340
225
391
771
967
345
843
631
844
766
234
348
780
585
434
322
436
426
630
523
985
786
703
602
567
581
91
706
264
779
65
739
445
271
485
726
487
482
455
266
602
239
486
116
287
336
940
22
937
764
564
945
82
661
574
813
314
293
546
498
437
512
985
331
566
920
1
917
554
379
940
792
393
634
835
768
616
975
721
609
550
145
425
231
259
159
409
758
192
739
503
74
584
69
62
229
7
304
511
288
671
927
407
273
571
408
136
218
432
565
240
753
685
826
456
878
245
139
445
519
23
301
891
215
673
481
931
511
320
572
419
333
433
748
273
787
777
878
50
758
675
334
826
870
965
974
406
75
256
941
226
883
856
490
872
890
472
62
306
205
687
467
138
582
768
672
949
534
502
840
750
35
935
156
665
86
278
579
779
36
843
660
150
891
33
211
675
905
735
926
683
887
661
432
667
613
803
610
679
708
190
695
222
706
117
291
326
504
189
374
163
896
411
908
835
393
75
926
875
385
585
804
563
390
386
401
455
831
604
517
191
349
976
241
75
411
479
78
418
805
712
608
835
730
452
34
570
498
533
904
394
154
449
798
442
709
121
394
404
882
254
749
853
978
209
513
90
842
381
70
395
923
741
425
35
329
665
78
820
963
11
454
432
128
529
375
437
775
363
298
485
2
391
455
15
905
228
821
170
81
199
731
824
999
660
551
860
868
857
246
418
348
264
39
551
716
58
723
409
167
168
459
994
851
967
256
491
168
87
716
800
395
293
875
61
628
410
88
300
244
764
195
758
490
596
529
879
303
634
177
186
663
441
768
388
486
955
172
790
972
382
941
555
793
425
450
152
861
731
415
915
137
948
434
507
241
351
358
301
822
389
794
49
495
649
587
195
84
988
431
486
482
912
407
672
93
718
286
581
364
316
917
87
870
493
609
571
653
446
406
836
28
956
665
296
265
586
53
739
392
434
840
201
700
671
600
448
583
435
634
959
662
942
610
388
476
896
266
956
227
557
943
900
30
736
772
943
344
615
990
574
795
917
577
75
628
590
413
625
613
968
566
745
565
830
270
696
491
740
556
560
217
230
731
876
816
157
204
187
945
176
905
389
486
64
79
801
460
657
466
803
352
217
166
275
433
392
732
627
568
679
395
756
141
803
617
456
899
620
4
809
106
853
307
823
543
636
514
398
283
360
223
415
748
584
687
683
659
900
877
791
537
481
786
415
320
100
738
371
623
749
664
975
89
654
461
902
675
171
383
325
918
887
731
54
540
540
654
34
536
660
506
15
164
223
850
10
875
739
830
700
933
30
762
856
787
607
647
307
724
748
668
420
778
561
648
874
375
983
684
315
868
207
627
439
552
493
102
560
608
1000
743
277
596
33
527
82
846
13
467
222
508
2
369
431
555
577
315
178
117
179
541
950
287
418
151
300
653
296
664
233
697
323
147
27
688
181
727
672
865
166
963
132
170
461
811
522
70
880
475
476
19
418
818
686
757
545
720
870
45
927
668
3
549
394
960
298
323
337
551
116
591
561
805
788
868
9
135
360
955
30
179
549
530
893
177
239
702
218
210
487
113
794
9
540
944
553
186
886
852
322
551
8
521
195
179
845
963
822
114
116
803
818
982
145
227
621
364
922
370
414
116
275
103
465
260
528
36
437
293
501
282
771
879
752
939
463
599
287
932
633
702
341
142
898
642
652
819
697
600
59
225
250
140
981
432
877
672
801
671
247
853
585
789
915
453
936
596
775
233
220
828
384
577
149
13
260
900
247
534
467
572
398
475
510
205
588
768
995
180
252
503
144
229
669
133
887
851
327
432
361
245
489
30
840
909
91
337
356
321
985
607
791
887
109
261
720
590
655
883
4
854
305
119
180
282
29
674
211
325
317
816
609
363
945
312
195
59
950
243
28
559
576
988
418
185
10
414
461
554
590
831
700
397
914
55
465
39
463
788
113
243
695
730
462
36
681
116
90
39
7
392
949
138
96
136
377
53
772
430
702
774
976
213
306
361
940
668
246
732
258
477
