500
14
132106.0
87
880
143
65
236
879
735
952
522
520
281
230
423
122
876
614
368
961
588
94
757
457
915
12
212
662
829
640
713
26
151
62
806
161
87
210
555
687
884
738
804
641
159
754
312
611
710
456
380
574
114
235
561
319
719
699
673
783
366
991
945
345
364
358
932
182
522
573
39
161
777
841
936
448
614
232
358
802
593
768
401
240
948
73
336
373
611
670
402
992
495
482
886
865
122
457
964
920
881
591
350
635
333
334
691
549
620
37
753
53
509
954
973
885
480
207
957
569
671
103
718
181
135
733
384
788
732
757
843
200
173
704
183
941
79
485
210
221
383
421
740
279
389
176
931
552
474
518
770
691
780
258
101
736
218
420
820
940
483
378
290
501
164
929
737
407
624
32
90
172
386
219
604
93
706
941
152
589
403
166
299
178
660
64
907
715
401
535
127
648
12
235
39
827
639
312
590
779
401
826
368
494
475
420
869
398
542
638
674
33
335
156
588
97
622
196
945
238
143
830
777
71
486
758
149
272
859
534
685
731
316
192
607
980
793
865
487
627
20
761
755
989
839
356
149
557
393
990
407
572
894
353
383
37
134
601
851
650
484
424
668
928
244
651
340
179
552
481
803
19
697
113
446
752
14
536
443
465
922
17
738
120
607
788
95
513
640
923
197
400
761
235
142
633
980
728
147
576
95
515
945
690
966
123
34
512
863
587
688
613
481
999
106
47
920
971
557
694
324
727
535
865
772
358
320
843
366
106
482
894
892
946
37
160
615
429
174
931
847
992
476
483
721
637
705
608
684
725
586
918
625
791
387
345
503
476
520
87
659
292
526
664
81
349
510
132
747
372
565
11
395
564
192
17
331
789
22
632
348
821
586
782
665
510
808
46
711
573
526
722
133
828
664
404
763
790
812
708
999
178
943
680
909
251
102
194
350
793
829
389
597
627
786
918
536
723
769
894
125
729
948
98
501
327
936
487
566
66
372
120
62
892
900
563
207
761
587
968
875
815
558
990
406
998
554
920
725
554
833
838
315
981
557
677
917
248
355
397
654
865
103
305
866
943
464
958
650
577
666
597
362
798
642
992
480
666
591
550
533
48
668
368
480
359
244
231
985
791
824
750
682
761
589
459
587
154
688
729
789
505
645
73
636
318
660
82
301
31
707
505
340
401
682
557
305
275
611
952
874
214
107
557
786
872
582
614
749
670
974
923
33
355
592
444
978
904
656
679
85
817
111
231
106
187
854
489
464
72
560
202
50
90
405
360
755
944
615
676
123
91
624
40
354
429
536
688
653
121
328
722
846
699
255
147
2
906
657
337
258
818
316
538
846
40
246
172
990
837
981
217
256
418
798
168
222
307
536
315
978
533
140
830
795
300
759
564
494
636
85
69
458
74
63
480
403
661
908
104
801
148
796
377
666
848
572
839
793
658
331
788
883
201
687
868
146
664
5
913
861
985
14
622
578
838
735
707
408
335
124
647
217
241
191
200
383
806
262
201
129
744
133
439
694
890
882
25
36
992
563
332
29
46
872
52
734
96
203
748
749
845
623
981
907
954
505
724
675
246
185
828
143
449
387
663
643
256
593
650
339
852
943
450
605
640
550
154
758
937
475
952
979
20
610
425
579
875
947
864
784
733
836
328
390
988
779
916
733
551
477
589
50
88
389
253
327
350
932
658
945
726
690
733
112
351
893
167
477
809
87
63
690
72
586
617
867
279
301
176
289
824
705
143
535
731
895
938
72
479
926
172
897
443
51
627
682
801
903
247
767
619
808
85
751
252
180
833
529
535
54
594
501
982
186
278
351
346
536
960
66
856
813
974
909
747
803
687
479
962
257
890
779
399
230
660
576
789
938
850
141
250
715
13
73
972
746
22
230
716
910
661
366
759
289
526
890
196
677
102
575
890
980
163
281
660
746
524
723
211
30
714
838
406
217
241
432
346
885
450
611
243
582
687
801
706
603
897
965
44
633
11
840
618
366
32
309
401
1
672
592
479
655
419
142
57
771
318
667
354
420
659
436
468
864
474
929
227
118
513
535
883
311
883
856
638
940
664
433
713
57
885
956
617
842
522
563
395
478
382
850
287
289
697
335
203
92
345
354
616
724
822
840
133
619
372
341
512
39
980
328
503
604
193
517
929
1
498
152
19
913
664
137
422
19
712
646
553
241
5
870
913
827
760
83
28
901
191
997
892
872
403
39
369
954
4
79
944
100
733
401
531
802
91
326
513
756
660
706
870
140
950
299
409
438
304
534
51
536
934
15
93
127887.0
273
901
7
158
833
818
853
989
215
519
785
310
867
82
541
672
208
953
318
114
212
541
452
5
988
744
175
603
567
45
437
134
379
119
689
135
300
761
266
718
286
682
879
806
389
667
577
380
182
527
136
154
358
274
442
601
456
880
16
892
914
307
764
415
92
191
609
536
583
242
752
829
349
453
679
316
928
851
711
703
466
250
784
106
707
384
369
747
304
982
705
466
518
888
193
371
681
856
709
553
22
668
161
351
686
606
682
114
560
10
521
945
1
981
753
286
450
544
861
96
932
203
132
733
61
863
173
804
160
122
470
755
923
847
813
505
924
192
767
354
567
179
952
234
188
488
899
506
811
701
327
239
717
768
385
458
254
983
693
475
388
539
814
958
631
370
309
88
181
241
677
244
191
128
46
962
951
593
983
201
697
189
463
116
67
683
837
503
735
595
469
316
309
823
879
392
487
821
170
776
372
518
367
418
730
466
5
627
184
105
218
103
808
34
608
260
390
235
781
794
604
106
994
824
181
352
677
460
452
748
171
98
265
964
390
768
960
573
882
859
383
977
181
337
931
597
113
955
735
653
821
363
869
120
299
684
675
639
936
479
242
980
801
609
385
156
483
415
75
86
987
149
898
791
759
516
399
387
154
45
897
139
892
879
438
503
111
957
456
483
253
153
78
657
816
675
525
481
687
501
182
688
264
196
619
611
494
522
671
677
380
959
889
100
843
966
504
740
814
650
375
960
112
380
965
864
803
15
303
947
880
864
138
126
718
389
573
955
568
962
177
446
887
562
386
600
7
699
88
931
843
756
832
441
328
378
732
86
706
381
569
737
615
396
948
138
327
413
720
16
627
636
378
99
540
848
614
532
201
741
848
798
773
430
58
101
832
612
956
710
543
837
573
440
581
880
103
807
118
214
900
696
958
301
760
103
975
800
224
382
556
609
165
912
44
753
657
815
274
760
4
121
540
343
554
509
949
129
59
191
153
900
977
578
291
719
186
880
219
800
202
944
536
943
230
822
222
629
350
809
487
956
12
588
926
169
507
394
569
770
579
351
326
892
187
944
363
612
359
640
676
770
462
918
583
698
202
522
288
3
392
375
123
334
925
177
33
842
995
664
154
744
551
483
170
254
429
747
3
421
740
126
714
369
676
42
13
111
215
566
41
383
849
637
353
329
571
936
32
220
965
483
833
798
736
622
615
693
666
943
168
289
942
526
704
976
783
637
128
816
354
174
426
114
792
580
9
48
62
274
965
49
15
263
239
935
443
578
180
189
776
99
732
337
945
644
660
89
624
742
797
642
915
171
59
870
805
337
363
819
721
586
300
113
575
114
654
820
821
306
773
515
698
236
856
336
628
372
369
501
924
882
664
283
896
496
895
625
935
9
810
142
918
510
268
662
673
154
328
225
40
311
713
915
985
874
532
697
830
711
627
218
389
910
683
760
128
998
216
942
470
710
320
796
485
775
601
264
973
561
620
314
301
272
932
802
173
232
839
807
39
523
261
908
207
48
860
990
965
278
425
138
730
132
482
129
190
771
666
807
15
972
81
939
218
801
233
226
945
865
618
371
731
664
586
264
136
642
320
752
633
441
78
647
214
158
549
888
522
873
138
61
56
453
161
911
528
771
284
677
695
271
658
987
131
863
479
647
757
579
257
6
599
285
649
297
133
711
193
657
915
793
252
351
424
232
848
766
828
93
411
38
678
595
110
350
997
88
843
830
28
151
643
698
832
959
418
494
116
221
862
495
205
679
91
810
530
313
693
658
558
31
479
275
903
793
274
525
59
689
775
988
646
251
584
411
964
896
865
775
183
981
965
748
467
666
193
916
47
919
603
341
458
687
27
840
858
879
872
270
60
26
511
874
431
16
663
725
340
695
769
848
971
526
509
172
817
51
875
944
321
260
139
609
739
486
521
207
298
803
348
333
425
331
286
246
201
414
478
323
153
639
986
745
673
980
678
73
948
9
719
649
336
123
328
371
836
746
379
381
364
376
912
45
283
313
812
383
414
596
650
435
611
528
410
225
207
557
344
930
655
853
807
734
579
624
700
766
222
902
902
648
990
450
940
367
588
417
54
206
113
753
632
203
795
421
673
569
574
793
413
200
568
311
837
512
556
971
863
522
79
261
661
876
463
448
499
116
499
627
842
325
761
806
703
570
32
26
998
840
496
797
23
90
377
202
162
844
282
437
516
338
532
78
286
966
373
664
436
537
483
74
966
587
617
636
97
778
626
951
315
486
527
380
21
91
179
920
682
35
126668.5
198
934
979
201
599
791
320
990
181
530
938
377
175
132
583
720
408
946
947
130
864
635
157
93
320
784
917
598
394
45
71
226
374
197
736
168
479
846
382
735
815
598
994
818
819
610
118
321
466
506
757
241
275
201
532
671
773
860
802
874
196
267
597
505
911
111
535
501
492
289
514
851
760
353
700
223
176
854
467
663
957
287
113
30
944
463
559
830
339
925
184
370
418
905
52
271
105
910
374
616
664
658
185
411
173
649
297
124
79
74
477
997
899
889
220
189
791
622
232
186
597
209
382
754
859
835
898
824
711
171
492
710
7
929
785
483
256
124
499
334
321
218
267
273
678
435
176
407
988
676
913
172
282
680
276
375
234
909
197
487
878
570
979
970
478
393
684
96
461
335
177
177
168
158
210
986
50
539
834
168
416
111
153
30
201
693
982
527
754
529
687
222
511
795
958
302
453
856
110
698
101
594
269
386
853
458
709
638
91
164
331
170
243
76
960
345
555
326
745
709
91
109
288
804
552
320
260
459
944
845
330
2
487
898
279
809
593
666
792
948
842
896
268
428
455
583
446
975
174
674
825
395
946
139
788
715
484
572
757
560
66
999
893
612
900
125
18
420
502
180
763
70
606
764
418
518
688
472
469
98
605
175
119
890
298
559
923
975
307
532
107
103
12
658
787
693
100
520
357
567
213
665
606
239
56
589
470
481
477
666
640
919
355
29
791
899
503
766
701
696
183
915
242
480
966
944
29
92
991
963
891
904
986
126
460
303
66
902
273
955
907
431
309
603
228
524
530
731
279
840
793
806
594
538
516
447
298
112
608
307
833
794
147
313
969
233
122
348
927
8
980
654
186
31
225
835
574
495
515
657
907
796
565
360
157
173
405
634
407
739
37
862
149
438
262
799
639
722
804
196
202
634
963
355
850
190
355
843
625
411
28
542
12
840
58
729
936
906
280
739
665
126
63
355
174
477
598
87
638
98
720
952
520
520
384
656
374
859
205
874
562
865
322
877
928
751
124
710
358
889
244
942
858
505
814
132
555
471
900
721
522
284
408
903
880
946
116
660
740
575
3
761
32
925
945
643
637
462
991
70
439
455
904
379
421
240
801
749
476
616
35
647
535
394
647
257
600
762
944
478
268
70
620
273
130
40
971
70
323
637
67
362
645
630
459
362
948
878
136
243
751
398
688
862
627
593
657
693
336
957
780
330
509
539
294
908
224
641
199
775
726
215
865
158
203
592
870
30
230
366
999
60
716
208
932
965
44
642
8
202
421
44
158
393
784
550
665
133
147
826
583
700
647
166
38
922
460
364
671
789
558
562
882
75
658
107
75
830
420
303
937
504
591
310
214
345
795
390
981
585
134
799
289
332
128
411
172
678
260
90
340
54
723
478
881
737
393
129
736
226
841
316
389
876
617
816
313
791
93
760
211
209
24
853
929
821
596
996
325
919
275
613
792
824
135
713
330
299
499
507
215
383
302
285
367
872
130
138
849
770
2
476
671
912
782
30
585
957
740
294
876
59
657
97
939
139
924
830
83
899
139
879
716
977
952
739
89
229
843
836
60
349
973
689
953
353
874
735
977
811
476
353
928
676
491
204
962
944
234
820
468
76
567
428
371
905
45
688
950
662
514
282
404
959
242
876
941
602
208
654
665
97
597
309
999
244
453
799
466
624
488
766
95
434
507
274
955
853
216
8
733
24
323
505
992
389
283
178
775
748
363
183
491
629
488
926
560
492
313
291
74
586
203
585
495
727
271
351
699
663
836
38
469
344
659
892
37
620
232
760
356
994
21
284
408
452
379
871
960
864
265
922
238
822
889
654
543
929
713
833
956
261
146
634
998
760
321
863
317
248
398
57
245
872
848
3
67
680
681
714
62
794
20
442
679
157
524
4
911
976
902
195
790
702
881
555
55
197
41
847
791
347
155
324
473
175
505
324
873
400
344
735
130
762
614
916
842
74
58
12
987
635
902
159
674
442
672
673
379
342
748
383
41
72
607
236
784
320
878
518
283
445
747
456
141
140
75
459
374
962
896
905
717
728
218
687
853
725
857
887
422
626
886
537
387
365
683
371
559
261
737
724
711
141
219
462
797
471
224
854
373
221
852
294
96
463
539
970
896
598
148
333
476
932
268
369
86
176
296
660
64
424
519
744
212
477
509
103
409
861
576
808
235
98
751
233
236
918
947
351
813
435
795
135
510
889
958
616
762
532
231
105
831
547
814
654
249
702
93
952
949
549
960
467
616
181
915
902
622
42
119626.0
60
914
166
295
288
841
810
920
765
508
489
383
737
188
689
742
810
847
918
71
44
715
517
76
622
800
826
675
382
16
38
270
332
191
834
72
228
915
165
696
121
518
420
899
569
599
26
238
136
588
534
171
12
132
511
716
897
881
84
933
61
278
171
485
563
130
92
513
484
250
105
893
208
382
384
155
24
800
904
583
558
241
982
87
638
562
185
775
507
826
235
457
575
916
806
357
993
875
512
703
516
750
306
356
144
607
196
52
568
63
713
988
351
792
456
221
697
720
788
141
795
134
186
731
149
778
678
839
367
75
19
648
550
855
633
500
940
176
475
269
369
230
951
263
125
529
972
398
391
714
196
134
99
677
353
386
764
851
755
450
779
474
107
941
156
305
377
8
781
308
84
207
69
223
704
956
267
441
564
105
120
204
647
50
155
627
78
565
48
535
558
131
160
794
647
205
478
883
894
775
545
617
427
360
528
460
667
679
504
92
664
252
99
168
175
385
7
237
872
686
553
204
14
763
859
332
776
464
810
765
416
41
969
943
928
736
340
660
927
879
425
978
149
347
74
610
505
919
598
608
116
355
345
76
966
628
232
540
973
548
103
939
219
565
587
223
66
482
107
215
277
67
134
779
334
493
401
494
559
74
356
125
417
936
513
568
301
900
621
505
270
7
311
668
327
748
573
616
487
574
646
646
388
270
281
642
602
478
584
658
664
940
896
120
735
851
26
678
961
641
596
961
999
526
752
917
642
44
313
954
612
891
764
165
597
296
803
833
954
962
536
494
735
510
415
599
71
794
304
829
435
766
272
574
254
357
241
68
669
357
421
838
199
315
268
234
935
436
821
56
822
595
592
128
210
808
630
429
363
582
391
777
688
353
329
216
987
555
31
725
604
944
932
487
99
771
27
791
270
248
668
687
335
355
579
107
702
900
215
349
93
594
497
743
24
694
187
825
363
808
682
33
649
271
522
430
404
67
860
186
749
903
390
605
854
750
919
918
373
908
241
783
634
839
647
814
496
690
617
937
686
982
924
509
122
78
994
536
949
640
832
231
866
848
410
957
722
700
209
596
209
719
375
971
301
549
717
549
371
39
801
477
473
380
501
255
513
791
976
600
147
554
159
322
452
335
364
843
153
437
790
25
90
228
85
107
99
8
521
655
490
347
86
724
935
298
827
912
584
147
16
306
198
883
445
546
601
643
622
895
86
417
830
521
856
861
97
664
675
746
358
254
316
181
239
576
419
57
693
438
67
4
64
290
762
911
491
702
452
185
237
32
314
473
871
529
653
51
62
901
236
698
610
192
392
965
449
291
605
784
360
601
113
70
300
173
744
886
451
204
324
471
712
230
549
323
295
416
133
615
191
787
813
343
787
402
151
718
63
173
905
78
987
526
892
715
959
65
521
276
257
318
728
808
246
791
321
777
162
814
75
149
407
888
703
892
708
987
605
987
323
646
197
864
374
783
6
271
348
432
215
344
800
199
333
846
617
162
965
819
810
557
692
876
986
65
689
990
62
359
646
55
762
115
841
58
921
889
653
878
891
928
84
930
671
656
164
180
825
759
868
269
257
606
246
363
249
664
970
867
951
352
783
650
775
107
334
919
735
898
249
67
991
364
29
891
714
709
767
570
870
279
755
984
650
866
9
644
115
680
502
97
820
262
138
211
673
866
221
677
393
761
503
363
985
264
590
754
341
91
380
77
617
558
96
484
5
146
270
711
882
217
31
726
486
895
481
569
404
198
800
583
352
524
30
792
760
366
268
669
995
138
670
420
221
854
455
714
208
684
434
935
639
189
859
441
870
837
196
842
310
935
550
899
473
591
568
996
877
881
507
213
44
640
227
704
966
807
306
298
71
118
692
773
389
85
676
704
578
751
214
774
885
375
535
229
123
15
948
972
328
264
150
626
744
630
322
114
914
780
45
410
938
369
490
125
708
283
14
387
483
726
524
763
349
917
614
89
552
6
710
539
323
165
714
360
55
754
640
256
451
405
152
161
231
235
585
339
639
617
477
428
981
384
480
154
47
386
59
950
874
907
263
809
328
706
386
813
413
876
479
589
523
597
18
427
703
418
11
201
34
760
472
157
848
478
798
501
86
795
235
264
458
246
188
414
113
908
581
638
24
431
540
953
8
330
652
141
375
565
355
512
297
833
910
457
121
47
437
789
702
788
984
76
953
198
829
866
621
367
695
522
733
165
959
977
116
520
419
507
689
188
215
567
7
705
439
634
645
969
311
640
632
382
174
174
654
951
925
106
121504.5
213
999
944
344
817
795
862
839
3
525
82
476
686
114
994
672
740
843
115
113
656
747
530
5
422
890
125
750
750
39
314
327
77
233
362
140
55
839
979
678
715
618
953
838
922
673
762
145
647
504
21
262
788
219
557
813
59
925
233
928
449
267
136
470
588
206
636
593
993
215
84
820
703
345
14
159
971
776
966
580
800
212
895
144
83
468
424
832
588
861
715
414
688
819
559
457
831
966
343
743
173
679
847
409
29
642
678
8
706
130
830
942
860
709
375
252
314
681
293
160
56
202
248
699
864
726
358
847
808
85
771
567
97
838
381
445
287
273
422
353
375
151
696
251
363
503
483
467
725
710
498
107
939
673
19
438
790
823
260
549
323
555
273
888
11
229
202
26
927
331
443
177
760
225
464
910
752
431
440
80
619
186
839
2
727
527
679
617
791
623
883
194
18
703
92
108
252
907
977
800
584
678
10
334
804
438
229
626
143
74
949
250
700
129
369
352
152
315
461
635
417
173
851
807
989
301
196
411
615
799
365
118
112
997
914
694
50
612
320
924
736
995
755
321
657
594
564
870
45
545
462
351
431
94
242
726
354
607
976
620
314
998
699
559
890
205
944
396
261
214
13
4
215
699
173
530
159
445
834
119
988
37
617
914
230
531
517
863
158
407
47
83
306
688
870
827
395
709
699
513
167
593
133
223
768
663
980
466
672
672
25
952
167
188
945
904
290
776
301
591
290
938
51
526
136
956
239
31
665
997
170
899
581
201
503
305
547
778
295
992
938
430
745
570
820
602
920
863
521
742
695
691
107
515
465
279
781
129
246
335
36
921
884
220
467
286
63
382
2
92
136
539
450
75
661
823
921
507
294
555
331
816
772
286
116
306
813
557
220
790
972
892
453
445
715
862
61
882
786
193
788
687
921
362
63
37
198
824
50
332
845
610
73
764
433
749
989
815
908
896
317
75
922
367
653
361
534
16
152
203
439
870
859
577
564
746
511
969
987
874
358
878
171
860
312
868
51
644
657
902
419
899
376
577
777
107
199
457
557
724
223
195
826
926
518
896
607
780
776
659
151
662
792
936
691
639
871
628
629
84
96
518
266
362
338
255
56
832
766
618
757
471
299
380
695
415
546
826
247
349
938
12
169
233
947
185
520
25
33
645
62
391
40
692
829
396
797
887
142
198
555
385
114
803
376
641
238
721
897
864
519
436
912
580
705
820
591
733
211
682
570
218
503
171
187
519
562
34
61
342
824
44
154
370
135
986
144
691
398
164
595
24
96
424
517
516
492
81
348
838
29
613
588
240
45
974
234
235
398
879
266
520
260
62
726
211
888
937
436
299
117
488
602
157
16
349
25
345
115
631
250
816
126
329
295
501
952
690
848
110
807
30
91
533
286
641
822
101
961
177
178
373
504
890
340
823
868
697
888
894
599
157
86
987
612
896
786
888
32
991
1
718
428
872
499
820
202
260
225
346
667
294
131
103
918
773
863
197
328
900
815
651
536
892
112
49
151
901
656
403
674
151
767
169
260
8
185
909
182
879
568
956
587
855
528
594
884
119
968
859
792
177
736
626
1
308
15
746
532
820
793
323
565
616
211
55
797
870
313
972
212
46
275
344
460
863
143
617
295
587
320
323
672
916
136
897
225
565
943
665
564
34
467
209
244
185
504
782
376
739
64
754
503
422
388
184
574
762
430
137
710
173
97
652
72
548
540
54
520
780
533
146
459
762
985
884
127
496
415
117
396
668
673
602
580
838
514
352
600
689
655
106
288
508
987
789
178
742
348
677
531
860
767
186
40
531
162
778
844
819
886
997
320
925
456
653
533
956
394
845
815
115
703
708
550
691
974
901
313
392
720
66
496
846
944
108
13
732
982
776
893
774
306
392
74
195
842
76
572
967
887
272
947
655
507
625
10
117
565
844
764
393
142
381
290
160
196
241
708
478
572
783
51
665
336
924
741
126
8
46
248
439
128
217
915
437
53
785
448
310
974
306
456
249
602
285
739
305
701
703
762
377
116
448
115
142
712
411
921
920
769
867
759
730
62
606
152
859
300
935
239
671
634
574
220
391
26
368
571
175
378
828
348
73
859
456
317
438
160
748
758
355
827
159
695
450
943
918
805
540
173
452
577
930
606
360
711
171
333
571
694
474
706
760
627
417
836
3
828
716
882
782
219
40
366
147
459
820
685
271
130
574
876
107
673
987
461
535
290
514
900
254
114
581
29
778
21
729
859
936
650
563
10
335
103
268
828
852
982
75
129662.0
295
938
413
339
648
701
786
822
555
541
927
403
315
213
35
732
634
833
954
99
265
700
109
43
318
978
69
845
682
5
227
260
380
328
400
201
748
768
827
629
936
621
807
911
713
659
386
115
104
535
540
354
650
252
481
822
542
880
319
923
864
365
508
458
668
138
151
596
450
170
490
811
944
256
851
228
628
768
580
480
66
270
384
230
960
509
247
822
990
825
813
421
702
898
990
463
118
956
367
644
280
771
656
321
485
640
903
79
167
154
243
845
319
681
291
256
358
608
504
182
663
249
844
679
998
672
735
805
627
76
3
632
186
903
24
468
545
186
617
362
77
66
141
336
345
413
887
454
979
646
221
197
739
763
605
395
476
906
263
611
926
627
734
955
373
269
741
108
473
387
748
277
271
256
716
917
441
499
138
50
628
201
236
40
64
551
825
635
521
667
183
207
904
631
512
58
109
959
980
778
764
721
624
417
964
399
780
702
17
151
566
174
995
87
102
319
723
269
750
708
912
217
992
718
705
293
878
400
502
824
186
25
969
905
651
753
805
609
1000
833
506
963
514
354
493
682
501
945
674
498
441
415
617
19
848
733
909
647
243
700
536
952
497
520
542
216
488
436
234
241
913
33
298
634
214
602
776
349
992
135
560
103
696
844
971
610
219
843
282
410
339
142
764
773
780
762
505
733
883
503
525
684
883
130
547
589
192
473
618
610
882
945
991
175
708
952
689
767
700
575
427
959
733
508
72
981
358
42
145
987
386
871
562
233
189
304
224
781
219
964
660
376
12
527
367
632
228
871
652
737
742
621
750
605
726
306
945
75
108
425
491
867
882
186
702
318
807
373
515
58
835
607
712
95
834
794
948
522
481
543
929
863
74
274
594
275
820
592
429
847
337
900
26
406
12
904
187
807
454
125
420
612
355
378
512
70
683
867
398
389
118
541
442
680
110
701
189
727
917
797
510
77
397
302
951
365
360
71
912
270
251
810
142
663
448
720
660
902
927
847
369
854
744
935
775
854
327
631
143
886
476
992
761
643
944
35
312
452
508
805
536
216
263
859
895
893
688
833
534
578
55
637
561
970
578
574
696
579
814
53
984
582
444
312
6
175
265
821
171
575
619
473
609
339
266
433
338
908
931
333
210
40
842
278
919
193
403
57
805
577
802
443
730
608
146
383
907
952
570
295
702
439
403
704
636
664
380
696
454
889
571
398
544
680
111
828
585
645
212
598
677
249
832
213
686
489
401
26
718
307
456
61
451
456
408
985
589
720
687
194
891
69
49
477
52
452
107
141
798
774
309
709
636
243
322
979
539
266
564
935
669
532
756
127
999
141
519
951
802
340
37
394
654
157
239
339
735
276
436
533
203
898
590
281
59
490
84
747
757
83
157
117
699
495
156
578
251
124
505
242
553
280
365
828
321
743
369
687
607
796
518
64
41
891
194
882
616
908
334
897
767
745
979
927
502
894
622
292
42
377
68
363
734
71
322
835
218
263
706
845
283
552
37
830
621
85
503
836
882
477
638
132
671
99
369
86
704
955
883
794
429
864
570
779
194
568
968
182
993
900
242
101
653
561
679
211
408
740
650
807
43
315
894
586
46
87
204
938
381
921
263
118
288
263
164
860
778
612
530
589
262
423
350
877
408
879
738
629
412
727
966
117
908
255
20
220
861
751
579
700
447
812
342
452
779
208
157
842
642
144
481
121
781
557
859
542
611
90
197
739
527
50
715
724
687
789
274
531
217
132
948
749
805
631
180
923
239
326
676
743
500
48
444
469
96
742
262
813
459
643
385
823
415
261
234
628
547
778
609
854
675
951
358
906
874
626
967
863
697
805
757
55
343
672
670
628
590
984
335
437
878
141
831
939
342
174
325
657
452
676
462
799
889
403
950
237
97
45
467
907
934
364
652
613
342
647
684
90
715
891
471
420
742
333
320
84
300
150
832
419
449
781
169
721
684
1000
521
199
552
136
81
441
909
277
116
356
857
800
37
210
536
327
234
256
349
199
421
379
961
763
309
438
448
457
426
156
268
312
906
838
306
900
992
785
413
668
531
917
791
999
278
746
93
594
817
329
585
458
611
194
628
923
194
165
7
365
877
426
487
743
93
417
642
70
904
410
435
971
776
489
596
453
709
933
92
325
277
153
532
520
84
542
341
856
281
401
297
27
136
806
722
743
383
94
79
151
478
806
649
360
675
551
494
178
886
929
37
454
117
553
975
328
916
591
276
686
945
809
646
923
457
532
281
388
117
225
514
762
129
140
124867.5
621
973
960
406
968
728
881
914
410
445
344
434
494
220
365
816
335
896
430
146
554
681
513
59
508
886
192
883
67
67
407
242
932
374
103
113
956
684
578
710
508
576
775
838
68
637
207
120
830
588
530
436
117
342
571
902
373
808
22
982
787
404
12
402
767
115
650
685
160
120
254
851
205
228
964
186
281
724
151
457
256
332
645
306
591
468
141
828
42
912
99
520
335
923
1
469
781
1000
244
704
9
679
73
295
178
623
189
92
590
188
348
922
700
719
908
236
404
704
370
156
937
293
146
758
717
683
93
873
438
23
293
548
549
870
594
394
794
91
509
446
133
85
83
422
837
499
792
433
14
691
122
281
352
709
403
412
933
870
589
667
247
670
878
958
833
321
878
42
361
357
461
277
776
189
802
936
519
572
471
48
938
119
858
46
597
577
55
616
579
644
944
192
913
553
352
3
252
978
248
863
194
738
127
475
735
374
527
616
908
108
801
100
375
106
41
314
185
356
926
759
467
208
81
640
878
259
158
443
875
818
932
83
355
920
754
844
858
610
286
807
289
873
302
437
869
596
809
913
14
569
390
508
191
114
884
793
449
577
590
791
458
909
831
522
136
209
136
492
403
240
693
68
831
699
945
588
79
381
805
66
236
160
123
881
866
677
538
914
652
412
385
127
633
750
746
728
636
813
745
418
66
659
676
219
325
662
105
561
443
645
243
951
161
78
102
931
183
770
545
551
534
889
250
542
737
913
598
123
541
973
925
966
287
316
442
348
218
689
284
892
187
384
687
572
383
657
298
892
934
700
682
680
22
611
453
372
354
154
395
335
91
965
733
232
216
297
101
459
783
154
847
705
555
105
972
847
952
598
33
472
655
896
672
210
277
255
629
518
354
886
485
849
623
380
967
858
328
714
732
197
64
577
870
300
835
161
753
804
555
439
642
629
576
696
525
766
636
751
753
713
106
67
707
313
966
463
590
44
587
289
925
789
72
615
138
650
271
969
474
858
46
790
445
981
866
860
711
712
299
841
359
994
219
674
703
33
41
439
236
839
99
226
908
824
389
867
263
787
992
571
808
579
428
985
852
478
60
654
473
135
377
556
518
329
345
236
535
745
819
617
117
414
914
266
543
402
847
959
330
274
298
32
617
324
69
170
503
20
128
551
717
367
359
510
179
321
736
934
798
253
141
436
977
635
596
607
522
745
565
884
442
324
454
700
573
850
786
679
598
655
407
274
781
199
104
407
393
109
253
254
671
135
332
511
935
935
842
717
41
198
448
8
883
532
463
360
251
231
380
834
935
648
121
156
507
983
483
356
822
878
509
592
443
165
718
145
532
888
644
399
543
454
801
109
638
269
644
313
274
537
460
936
528
284
138
506
22
661
528
150
816
187
862
528
137
487
137
143
638
142
749
208
251
868
279
654
653
698
443
725
376
129
679
975
989
866
193
863
523
977
432
761
649
829
594
941
958
290
24
362
644
323
582
111
895
907
11
200
931
746
1
615
272
748
907
162
245
922
927
511
380
100
134
116
52
142
454
868
564
725
5
842
949
692
512
469
441
140
711
969
158
151
969
549
307
169
684
706
70
854
256
326
387
676
388
119
43
976
715
926
225
96
998
350
262
886
350
576
796
626
225
477
781
966
619
829
70
584
141
747
349
91
556
336
370
296
921
746
293
789
700
854
661
414
697
184
883
743
868
44
636
207
434
607
423
448
38
6
56
713
95
83
704
646
948
806
941
505
702
41
688
712
231
660
933
935
475
404
113
749
307
89
938
405
609
746
810
861
92
687
650
871
925
250
743
719
768
720
26
764
180
975
220
845
385
579
151
815
914
824
824
9
341
602
841
601
718
962
653
406
253
53
260
972
395
84
963
725
572
630
204
761
784
322
41
321
905
25
598
983
526
423
828
613
868
647
710
151
842
917
291
488
690
264
789
114
670
70
114
413
102
717
123
656
736
995
784
156
479
54
172
535
272
339
295
368
918
872
440
112
176
309
810
231
922
126
18
283
847
664
261
348
462
401
421
59
284
330
579
931
683
1000
364
780
723
590
845
865
139
989
657
803
740
579
854
280
819
502
793
152
828
922
148
166
253
452
363
455
765
757
671
352
941
18
597
475
798
959
530
547
430
513
980
950
194
356
589
167
160
492
175
628
357
951
129
327
840
62
340
760
804
808
948
126
459
239
940
865
134
379
528
470
67
196
235
892
492
508
534
608
380
407
125
585
405
600
392
775
490
943
538
510
383
441
759
273
593
823
812
132
128032.0
713
906
924
373
189
731
994
860
267
353
238
425
746
126
175
878
334
905
52
148
61
714
379
73
573
908
847
788
530
23
942
199
185
358
987
211
102
663
396
657
734
607
705
867
352
611
116
150
385
669
962
348
526
427
884
936
82
842
410
895
581
401
675
447
346
177
218
714
180
202
927
860
360
146
460
195
472
706
731
539
974
304
923
275
752
493
164
799
181
969
370
436
724
993
725
546
318
911
438
640
893
683
788
350
521
580
474
136
973
189
865
998
759
634
845
202
906
771
725
240
158
247
17
693
184
652
56
817
395
44
88
522
618
958
450
361
989
168
968
544
638
159
762
434
125
448
476
521
609
675
724
246
273
651
466
442
898
923
385
750
778
686
196
982
646
230
89
45
298
271
634
187
188
142
13
961
700
650
224
39
791
111
777
78
583
561
102
543
151
729
22
100
383
571
458
103
568
991
394
922
335
764
854
435
858
281
813
676
1
35
804
52
544
98
126
414
148
357
112
694
972
191
235
599
125
182
204
521
222
763
848
9
707
874
543
932
828
655
398
776
647
803
983
356
134
538
680
906
167
496
395
428
469
28
376
844
684
598
136
759
768
974
106
602
309
173
493
560
685
290
102
124
838
625
596
678
452
400
789
17
372
187
800
938
620
614
447
922
645
507
246
55
522
720
135
745
127
866
119
363
822
588
464
129
237
698
50
653
4
559
987
882
827
77
567
885
802
732
856
616
2
861
595
447
340
915
577
217
458
992
819
892
737
329
933
437
131
694
881
817
823
311
503
588
98
566
953
886
31
738
181
609
738
604
327
394
785
94
864
302
340
976
843
220
58
383
661
386
977
108
81
685
374
170
171
770
201
624
694
471
177
947
957
222
525
218
833
530
70
860
609
762
205
475
288
877
446
637
91
195
544
674
434
252
654
257
594
744
568
426
413
570
725
621
477
745
587
676
230
659
147
91
734
233
144
480
848
29
741
334
385
739
287
706
125
659
138
870
848
795
625
773
164
948
39
876
721
762
456
865
518
967
62
763
605
40
454
385
488
749
756
229
777
743
656
957
398
857
511
623
710
603
4
973
631
429
924
720
114
83
191
575
88
235
258
172
453
667
344
565
881
511
583
178
189
489
61
921
489
303
232
38
615
297
539
121
186
8
689
635
234
281
323
501
846
252
718
836
777
153
961
531
87
726
536
646
109
669
747
909
289
228
82
677
932
945
456
751
555
626
711
211
988
221
485
405
345
180
882
344
138
199
108
529
795
843
647
696
469
222
679
6
585
541
994
266
93
169
268
754
926
639
860
121
884
944
838
332
761
949
386
663
527
221
413
232
763
898
486
324
854
479
919
15
865
328
144
376
406
571
666
933
877
263
766
514
634
651
251
172
54
226
50
478
475
458
414
66
316
174
202
245
850
878
445
561
444
651
290
676
329
56
905
974
61
796
299
898
810
880
585
714
886
785
904
902
88
387
372
447
643
409
603
20
210
807
345
260
917
811
419
654
721
777
841
257
198
930
745
490
649
135
669
150
840
121
347
888
824
681
411
931
936
744
686
394
303
130
878
900
558
93
625
584
252
191
207
647
687
914
655
359
151
714
760
29
952
988
418
898
335
163
827
324
793
902
674
647
617
647
802
542
304
943
412
915
362
502
958
785
220
8
833
278
493
258
761
800
310
712
534
763
354
480
737
123
107
803
607
107
89
174
752
617
796
504
311
46
921
634
183
66
309
641
201
757
675
452
454
71
435
740
833
759
847
869
468
312
412
687
469
56
604
481
452
666
311
879
58
748
861
961
610
273
691
800
927
719
325
799
613
963
909
893
943
495
628
733
788
818
962
39
859
689
436
559
104
976
569
401
229
19
685
931
997
63
290
745
3
648
570
741
901
349
901
407
893
39
727
983
775
425
522
667
912
609
918
110
282
929
619
518
184
330
432
111
858
49
379
416
47
627
790
556
47
983
312
91
138
150
222
574
317
296
929
401
220
924
350
185
120
339
264
223
647
70
562
257
723
633
299
249
294
471
242
118
484
322
720
921
128
987
91
775
525
550
647
921
938
967
846
841
415
534
968
374
733
487
735
197
951
880
572
198
872
551
586
424
995
799
78
377
780
56
885
448
657
930
497
485
114
448
939
889
310
414
545
87
377
524
808
704
976
990
336
286
104
49
641
693
83
811
189
88
458
299
908
898
566
401
272
547
156
124
423
834
799
551
467
580
557
331
103
639
100
505
524
829
490
924
957
522
123
476
395
289
459
792
165
105
129200.0
561
896
218
404
465
720
482
868
788
392
405
494
198
166
985
908
262
830
922
182
693
670
876
148
839
912
358
797
149
5
538
286
71
324
465
307
386
654
868
739
600
682
399
904
50
669
506
107
828
741
233
373
133
347
62
878
977
941
880
857
259
355
472
510
72
98
765
644
638
247
505
783
109
72
242
205
30
797
342
541
528
299
107
364
235
537
507
845
728
940
262
440
277
961
248
590
2
874
756
696
741
682
252
447
507
487
480
60
3
231
698
912
583
670
932
164
585
817
610
264
453
199
160
620
961
659
409
744
404
79
217
613
861
870
837
425
72
120
930
480
333
180
153
372
369
352
162
423
637
707
149
278
371
722
546
481
922
957
630
840
650
622
724
981
640
183
607
70
879
185
522
162
185
56
624
885
956
686
586
53
647
126
65
45
491
493
601
609
280
666
63
24
640
647
745
70
944
916
728
922
641
833
733
495
42
341
727
693
456
54
316
147
482
40
844
395
117
408
234
603
437
156
941
613
30
261
179
477
872
740
395
28
492
934
954
894
815
695
853
861
176
721
507
265
966
492
347
817
734
503
928
497
311
77
125
773
217
690
142
687
830
921
362
688
997
174
734
475
893
335
1000
124
335
583
167
604
756
303
486
30
409
250
24
925
759
529
433
954
546
442
91
24
659
722
797
836
900
897
358
320
290
672
720
84
837
615
287
730
554
584
729
894
221
126
703
925
369
813
250
556
418
815
404
446
798
864
842
282
638
998
881
885
561
329
819
490
935
623
428
832
135
232
841
649
151
591
403
883
804
679
543
659
74
561
491
347
927
17
426
298
581
922
738
235
32
428
157
474
934
188
187
664
898
70
115
771
385
665
990
489
235
924
384
171
984
237
119
597
10
824
257
711
298
494
718
952
659
723
256
237
50
750
429
171
761
186
901
665
770
503
237
522
436
689
5
692
515
709
466
620
423
171
984
133
851
432
463
17
793
336
636
837
524
644
737
681
489
883
175
833
772
811
438
998
191
953
850
759
819
786
110
914
367
818
716
103
495
336
661
668
449
235
367
811
977
890
210
806
662
579
112
512
634
970
597
360
324
671
609
149
541
646
363
306
835
216
546
662
584
573
326
433
854
242
402
449
673
951
692
247
700
32
364
324
420
109
261
28
934
616
724
242
875
492
961
245
849
898
111
77
280
539
486
704
884
607
805
607
752
851
137
154
191
619
55
1000
614
788
623
689
161
224
358
238
897
467
709
249
157
285
920
146
627
494
46
788
266
713
544
301
217
44
932
461
968
183
494
86
813
683
57
561
769
116
573
940
407
393
258
922
245
716
732
243
437
276
697
905
691
381
919
560
251
13
643
257
115
400
311
662
966
842
719
252
749
561
315
749
589
140
86
134
218
564
696
424
880
42
492
220
486
173
563
914
443
595
795
750
118
627
440
65
406
965
93
839
540
988
374
789
889
734
495
858
53
960
279
381
109
436
440
458
848
69
559
818
482
193
382
764
950
713
189
821
87
342
491
936
888
422
552
182
761
160
602
131
812
892
813
628
452
877
67
655
486
391
294
125
650
903
912
120
821
589
149
136
823
614
965
852
420
275
658
616
189
4
577
936
107
821
698
201
657
403
818
890
1
625
946
623
641
460
802
928
435
871
465
559
248
834
531
72
510
354
833
223
290
826
58
757
240
854
541
446
653
219
360
714
586
38
495
183
543
714
300
481
855
13
853
623
568
157
727
701
515
790
686
372
372
126
629
720
905
773
366
908
562
269
687
764
643
26
945
384
660
746
32
959
757
722
613
863
346
330
976
885
466
660
784
741
520
884
269
945
865
540
397
709
929
824
943
132
751
680
831
519
464
876
65
415
438
90
774
836
93
35
736
676
815
631
522
799
379
289
606
505
218
129
774
991
122
487
471
657
255
622
159
98
568
834
182
540
336
239
688
50
987
98
526
498
126
558
418
518
985
957
201
150
989
190
11
590
590
295
357
319
386
844
116
268
153
245
611
213
839
26
406
221
603
604
275
322
670
396
818
28
877
362
116
916
490
985
800
845
731
457
451
975
358
932
382
758
668
548
907
393
491
469
377
257
135
911
279
265
275
525
917
478
330
879
312
411
81
148
869
397
871
954
906
398
383
409
288
819
298
512
115
181
114
511
341
739
842
987
713
353
920
63
474
744
963
773
553
9
330
239
674
880
541
462
324
553
246
205
199
903
267
621
806
485
425
327
85
721
141
408
926
730
345
955
915
559
877
442
906
233
577
871
284
200
127657.0
853
815
431
427
25
762
898
886
377
411
498
582
379
224
621
973
882
751
877
250
624
654
207
137
326
999
12
808
208
69
296
366
190
354
946
319
123
708
515
795
842
688
867
904
613
586
328
116
966
840
763
326
706
446
197
824
135
841
843
794
96
315
542
559
57
114
131
544
489
240
85
831
761
168
918
267
800
724
3
536
872
312
87
318
836
586
855
936
102
900
169
434
657
896
889
519
912
850
510
732
768
631
932
464
134
441
584
9
776
187
165
901
527
595
342
166
6
762
140
185
548
120
660
707
765
734
891
731
195
63
600
526
87
879
818
334
86
196
543
477
202
274
618
393
74
428
335
468
624
690
877
319
657
754
499
394
76
998
560
916
881
673
64
916
486
244
962
33
243
177
935
94
900
26
129
904
835
589
836
99
597
111
562
105
466
420
400
576
826
583
30
5
905
560
454
26
936
836
990
981
778
805
678
454
633
368
263
622
505
84
637
221
936
40
538
467
951
468
512
653
977
169
671
696
368
179
842
390
457
821
779
105
791
924
469
955
222
656
660
816
153
792
886
166
47
497
765
851
169
574
132
537
430
39
94
850
707
629
362
704
275
843
767
604
974
250
705
385
821
346
543
118
219
613
483
654
150
246
360
6
447
191
955
857
515
573
158
939
34
443
477
52
297
728
463
750
685
968
728
388
217
746
18
32
258
682
907
747
542
674
77
827
35
132
240
992
665
773
900
538
235
829
155
492
955
884
299
377
419
906
21
937
508
388
299
433
536
666
951
822
688
241
736
659
441
613
456
978
355
737
685
735
84
569
527
338
762
90
488
337
391
922
77
137
673
406
377
551
500
124
440
743
303
103
541
699
438
752
629
526
351
924
361
205
966
305
499
504
257
776
757
637
552
478
465
944
725
801
103
224
408
842
214
167
99
197
823
721
232
434
823
588
858
706
445
702
157
705
745
553
133
196
914
61
522
514
70
39
805
293
239
841
826
698
578
686
841
856
135
893
634
901
970
929
343
963
174
726
224
699
244
931
378
849
290
186
888
281
752
600
868
140
587
885
585
914
987
854
18
500
689
584
526
897
234
338
141
647
706
246
290
665
188
252
324
140
534
605
441
477
148
416
932
287
30
519
145
910
93
179
823
18
821
378
763
103
6
30
664
705
729
331
383
425
804
273
715
990
766
45
70
551
908
660
251
647
103
674
212
935
44
187
206
661
535
949
553
837
786
645
454
137
986
314
196
376
485
232
375
227
6
169
750
573
828
861
671
636
283
258
461
20
626
528
836
190
652
147
323
655
214
661
27
166
22
874
262
322
555
873
548
803
38
245
100
325
24
899
479
470
616
579
224
15
61
330
678
467
667
623
797
829
297
291
951
561
218
661
822
63
122
165
687
484
745
325
119
69
45
276
842
246
134
874
874
525
46
768
460
720
215
137
868
966
804
907
493
968
782
783
735
735
150
830
946
911
976
356
260
430
600
363
936
55
129
792
720
243
672
729
460
784
979
827
132
261
488
909
37
342
297
85
635
244
493
153
206
893
120
675
231
834
280
624
598
354
254
72
71
957
487
143
382
607
397
116
547
605
500
901
945
295
536
683
585
16
640
929
303
722
435
162
910
495
271
943
964
669
162
591
663
508
48
944
701
931
986
654
671
822
105
10
704
345
595
139
310
797
873
799
503
860
536
397
136
200
874
781
352
26
349
250
425
812
340
565
481
17
660
695
664
257
755
780
620
813
60
375
435
189
672
653
344
870
604
969
464
258
253
863
732
32
895
442
92
792
678
869
482
729
46
934
525
258
173
933
8
654
224
840
886
848
819
909
945
565
225
683
835
760
783
197
139
715
449
432
651
814
542
335
668
11
387
748
60
103
39
641
967
568
802
790
907
278
919
456
714
196
497
973
305
543
531
687
555
722
25
66
11
916
308
520
869
195
769
28
744
102
907
581
928
576
604
597
916
870
371
144
629
158
440
666
381
249
850
347
758
936
2
180
189
175
823
116
749
10
452
318
66
643
881
336
51
304
998
100
902
425
308
935
766
958
246
777
613
411
847
974
898
955
557
710
972
460
854
405
490
372
629
309
742
879
289
286
623
517
550
480
325
844
965
445
711
204
146
313
754
926
847
317
620
336
904
746
573
545
702
272
434
441
702
678
628
1000
620
318
943
120
173
654
199
690
683
80
312
314
857
901
313
555
679
467
579
183
628
944
649
621
443
551
685
395
879
731
836
349
613
808
635
970
573
512
119
508
146
301
989
791
994
105
128198.5
700
845
47
352
108
858
109
935
458
366
65
483
944
228
845
937
1000
795
583
257
242
610
199
37
812
983
145
760
916
152
434
350
345
382
973
368
549
712
818
789
263
633
825
865
737
494
801
60
616
884
701
316
705
479
443
773
576
855
886
766
585
345
672
554
703
108
30
584
442
260
458
848
196
219
92
257
549
679
567
602
500
325
490
311
993
593
338
954
140
997
980
338
317
993
380
445
676
811
877
731
301
570
738
478
56
391
99
48
186
139
619
807
26
515
751
243
609
846
504
253
416
94
460
721
944
781
688
738
830
87
687
583
284
801
727
290
824
112
962
383
890
319
848
368
473
331
510
530
39
651
281
325
297
710
425
308
584
989
970
918
613
671
998
852
52
250
701
18
983
97
265
70
920
98
497
891
213
583
581
89
622
57
23
13
221
322
965
542
447
651
417
96
576
560
31
73
965
921
695
932
518
751
753
379
381
384
891
567
993
25
99
279
870
106
322
554
587
552
876
578
15
84
681
678
910
120
973
408
233
738
995
88
934
958
672
922
942
646
212
718
821
844
486
90
119
460
790
889
772
544
415
466
356
97
589
917
956
532
549
786
538
918
229
560
258
166
697
409
311
286
590
116
259
665
816
634
349
214
72
13
944
211
308
953
69
627
981
943
21
392
734
152
679
782
817
834
484
988
858
485
374
649
121
109
147
641
239
690
897
679
994
789
416
230
716
940
469
779
650
596
699
900
416
404
231
787
291
442
700
901
659
919
910
335
965
342
296
744
791
854
307
303
214
612
362
648
314
973
288
704
357
678
887
484
647
401
355
167
137
252
785
829
677
62
963
354
662
558
598
161
135
778
47
162
66
696
492
733
144
440
287
863
343
156
39
333
274
584
106
763
848
600
82
554
377
953
190
840
761
128
868
899
128
77
491
257
452
670
530
425
184
659
104
744
20
623
771
802
326
520
386
229
398
137
689
521
224
134
584
261
801
835
686
748
930
602
598
829
281
927
442
959
156
941
748
928
12
650
514
648
688
989
746
829
512
124
895
260
423
630
467
217
629
821
149
928
202
776
155
592
33
497
160
836
57
319
543
642
232
245
201
681
11
177
561
152
665
661
737
525
785
363
665
240
543
522
808
911
85
229
807
89
338
468
38
108
9
123
521
710
304
319
497
389
581
347
846
919
240
135
468
506
155
567
816
685
304
735
285
977
188
263
530
638
859
977
823
779
781
735
846
80
3
400
501
417
459
300
568
247
20
109
367
543
264
929
947
735
419
239
719
103
185
506
596
151
751
134
756
639
468
748
702
84
146
910
555
318
916
876
368
833
661
234
982
276
953
815
300
463
94
607
201
24
179
323
272
523
391
604
353
834
787
248
983
537
520
562
594
67
419
86
799
502
38
288
294
25
264
259
623
311
462
879
277
562
179
851
18
658
38
230
870
973
385
839
334
887
922
774
552
787
855
819
932
962
664
404
284
410
67
396
685
1
883
736
432
324
353
784
299
881
216
774
108
259
41
972
230
325
804
10
854
294
966
86
741
912
884
578
722
769
621
589
485
414
738
26
84
879
733
96
769
583
499
35
715
616
22
846
898
353
550
695
579
5
71
945
383
764
970
144
759
458
970
962
291
697
797
672
695
584
384
860
588
944
901
585
160
792
610
101
120
310
56
85
462
741
644
702
270
888
691
310
663
293
441
803
827
9
784
271
528
772
243
512
424
10
395
621
524
351
694
740
937
719
812
365
973
206
935
738
580
929
898
906
695
347
847
803
566
97
105
542
693
743
501
910
975
716
788
989
736
237
787
865
778
648
785
804
695
934
276
934
203
590
692
632
217
793
46
170
497
708
492
394
880
813
173
435
580
41
684
768
84
16
545
603
884
540
719
885
252
328
950
461
207
189
721
966
535
523
341
694
112
796
523
3
146
821
20
561
947
132
685
64
613
131
89
669
428
632
162
497
929
938
904
125
806
83
217
674
403
267
308
273
699
967
217
213
42
110
624
83
978
109
283
277
288
638
455
379
15
207
263
32
664
430
482
944
961
892
840
748
747
384
244
998
979
855
298
778
818
505
904
355
395
278
323
368
3
919
304
340
850
464
260
568
720
762
848
462
282
263
39
409
512
860
151
232
711
383
999
725
753
611
16
215
997
399
266
737
771
907
304
296
397
62
449
594
819
598
685
23
967
323
460
846
479
618
41
529
91
184
632
929
606
592
231
527
163
455
139
758
311
370
463
762
333
999
728
583
264
494
789
340
897
827
677
204
127134.0
468
852
534
293
957
922
58
989
367
389
555
525
676
216
977
923
593
886
127
272
440
700
939
83
287
952
408
776
718
229
731
305
683
465
676
346
409
767
179
764
525
649
69
933
389
475
740
151
230
801
38
274
152
396
844
775
566
946
32
818
498
398
935
546
763
81
990
648
260
266
136
776
901
125
466
170
468
695
781
620
739
271
760
310
363
618
319
861
672
929
218
267
332
960
377
531
677
790
962
685
34
595
836
469
996
408
665
55
55
143
726
727
88
514
279
162
896
754
448
230
380
134
870
719
769
780
394
823
998
128
249
662
5
882
674
353
980
208
215
421
872
341
765
447
124
426
873
539
46
570
95
257
183
696
263
397
902
891
792
928
403
638
862
890
276
334
9
3
984
131
565
91
664
18
267
904
962
547
821
22
663
47
16
61
756
228
63
605
509
701
290
146
7
481
313
159
568
983
877
858
677
679
728
369
977
479
752
520
892
18
938
214
976
201
689
483
76
526
298
536
367
88
621
726
854
207
304
445
294
687
561
114
528
939
305
982
811
705
426
695
100
755
748
68
177
435
908
970
912
534
91
378
947
77
177
974
996
629
216
857
778
838
227
524
696
174
362
378
926
315
785
94
857
697
52
663
85
164
514
80
49
151
195
894
688
671
387
970
929
431
697
155
668
731
331
873
293
911
968
575
380
743
535
161
17
638
484
609
997
749
185
722
967
284
572
983
287
751
64
608
679
908
430
330
561
691
552
512
278
941
82
825
280
433
513
419
66
695
286
843
905
307
914
675
354
713
756
922
946
769
78
624
639
409
262
349
790
143
29
253
537
736
116
57
711
451
51
475
992
132
153
684
451
184
75
695
48
833
485
456
500
837
764
59
67
382
714
620
26
811
717
509
678
478
310
977
321
793
796
204
146
934
214
53
114
302
49
596
327
412
325
710
512
776
187
691
177
786
54
547
232
169
481
232
562
444
675
113
638
181
863
799
959
735
712
650
702
792
724
827
651
981
931
865
305
832
914
617
718
739
60
894
969
858
844
28
769
281
597
596
437
268
422
764
318
908
792
871
861
544
269
533
230
884
940
412
255
584
270
152
12
581
851
80
726
219
677
576
298
607
846
283
916
209
27
444
220
828
312
141
873
130
908
567
813
101
699
184
279
775
835
368
857
371
50
319
458
830
437
73
720
595
576
472
693
691
445
778
828
969
952
339
2
700
671
947
102
760
793
732
963
166
5
443
263
374
242
352
809
344
151
119
167
465
692
857
430
636
290
198
178
20
618
406
285
56
10
138
844
645
182
711
822
112
611
878
725
378
560
847
699
896
633
295
916
247
596
828
859
450
925
667
360
103
681
390
404
533
967
599
272
751
355
262
88
499
732
525
196
27
308
85
336
460
494
309
31
10
573
186
44
330
430
870
352
495
800
935
785
619
750
319
843
949
193
782
249
830
501
868
791
707
663
719
369
954
510
490
406
433
960
463
564
86
669
793
262
262
591
796
444
980
799
780
664
282
26
900
438
388
694
78
508
265
37
30
141
831
405
506
923
792
414
533
75
333
28
41
77
818
543
21
599
640
708
120
979
568
14
837
941
420
956
649
248
58
920
951
294
801
872
135
48
377
579
965
690
631
481
679
875
512
79
804
999
898
337
561
651
725
276
199
191
383
968
80
287
679
495
723
278
942
59
301
167
242
175
883
671
32
594
248
986
674
107
553
84
4
863
569
444
262
562
820
353
659
253
272
620
232
385
784
966
916
787
845
248
376
336
832
318
37
143
450
85
793
39
909
614
617
164
973
44
138
721
962
243
564
405
886
767
908
893
982
984
582
690
664
329
834
914
157
958
708
211
408
592
731
279
383
667
113
59
855
839
65
212
678
248
621
361
869
812
274
969
385
284
186
630
903
180
484
368
643
406
759
258
17
218
730
128
610
388
119
538
72
924
118
40
633
223
704
663
450
823
964
982
39
346
82
880
640
804
238
633
238
234
960
657
209
515
85
466
43
160
196
575
215
882
553
728
424
900
224
759
20
880
398
533
863
329
918
774
714
733
399
516
922
49
875
189
770
275
424
786
439
511
329
929
278
960
844
212
396
750
453
510
668
525
681
151
452
468
239
163
322
409
924
844
253
997
428
149
731
99
544
981
256
884
468
336
714
60
935
761
377
29
105
136
542
857
520
309
71
713
395
982
852
572
641
353
523
380
220
56
845
874
651
944
550
527
554
303
697
746
457
515
752
926
939
686
619
773
494
331
330
186
799
865
259
126831.0
376
881
522
308
946
919
789
987
980
439
65
442
350
129
22
873
11
942
241
361
570
735
834
101
215
868
275
730
592
138
602
276
876
385
512
276
353
733
945
787
200
631
289
952
771
515
138
154
360
834
941
348
642
408
936
818
610
871
954
807
25
480
543
447
883
164
47
593
827
285
398
746
902
176
765
144
503
626
110
545
392
280
527
369
280
536
533
894
318
866
467
224
480
892
348
553
695
843
538
710
912
566
367
532
738
464
497
51
842
50
97
659
894
498
532
143
471
709
721
251
37
147
535
717
850
854
778
828
25
97
628
638
897
972
722
437
201
170
153
516
84
417
978
420
768
354
458
564
448
470
343
258
401
781
343
411
291
803
627
845
433
631
735
900
576
305
188
88
181
171
208
65
705
95
193
981
275
458
536
109
111
97
609
41
39
194
573
572
536
749
94
150
563
567
129
221
938
931
835
771
451
619
864
423
204
390
807
505
20
20
12
225
343
116
981
402
631
572
205
442
347
96
480
748
871
144
444
399
255
731
584
201
612
924
975
885
66
714
338
688
789
667
234
165
541
522
582
926
656
591
316
302
118
158
985
963
692
673
887
792
382
905
806
546
50
104
933
292
310
391
958
44
398
781
316
587
696
251
139
19
704
200
730
807
180
736
450
894
487
389
479
93
87
740
610
841
10
861
53
639
441
787
785
180
701
555
777
548
577
732
14
636
746
326
329
923
494
816
758
577
845
828
784
363
927
748
418
547
356
941
192
842
442
459
75
465
726
684
176
875
977
386
997
619
361
660
726
824
774
785
548
700
665
349
486
402
351
143
784
345
116
673
668
54
768
371
401
514
337
147
609
668
175
233
467
598
250
871
407
500
503
857
842
95
841
328
296
556
688
754
35
461
293
494
781
954
752
887
970
121
437
844
439
100
924
270
96
618
984
400
18
614
711
700
150
696
443
717
770
556
404
127
898
212
410
483
254
110
349
249
979
861
111
759
387
583
554
831
214
744
75
975
945
880
220
735
245
614
209
811
735
857
196
898
565
106
698
349
268
554
732
366
856
724
858
843
776
839
935
571
38
490
969
924
577
383
39
541
341
199
518
587
926
168
920
125
885
644
193
706
483
361
925
230
581
522
532
836
229
85
158
206
981
570
206
164
113
284
75
781
735
349
435
291
825
306
39
803
778
92
242
505
923
372
594
696
204
727
689
942
998
316
727
698
791
937
186
803
416
748
927
73
24
426
13
390
446
330
737
257
21
198
832
374
979
898
733
721
921
136
790
83
867
348
313
7
948
127
767
733
314
729
546
66
709
876
835
338
637
834
86
878
731
389
309
205
520
887
395
361
659
723
946
151
95
295
571
503
743
590
592
723
467
282
528
584
614
535
866
59
502
23
488
458
330
354
875
61
87
238
77
292
940
958
96
508
135
904
519
678
891
379
368
996
935
846
275
917
112
790
607
730
536
791
768
924
907
436
446
441
281
531
335
55
296
750
698
169
718
894
102
903
505
791
271
184
814
828
154
363
465
95
212
292
246
42
720
925
299
575
620
777
712
574
85
334
149
30
539
748
319
56
410
649
578
33
603
545
342
806
969
461
746
676
78
13
28
920
118
872
713
161
544
403
832
948
332
566
212
658
155
519
93
758
471
906
758
493
791
708
923
135
69
401
231
46
853
638
731
650
209
967
239
345
207
184
382
840
134
37
246
311
198
771
213
556
917
20
856
495
808
188
86
829
517
581
915
204
875
280
229
738
992
994
264
849
677
435
364
922
683
73
116
415
396
740
500
832
86
699
905
964
450
204
466
988
465
499
342
926
481
833
493
993
800
647
230
710
57
823
652
256
35
776
873
503
180
815
246
468
837
53
703
926
555
60
19
603
173
574
286
839
913
289
428
439
886
111
929
979
155
401
585
617
511
834
429
20
568
728
603
656
769
63
149
25
751
154
932
681
86
765
808
442
42
925
645
28
213
93
251
607
395
275
247
319
993
932
954
203
443
140
947
120
557
192
79
276
799
558
924
359
487
281
157
21
809
342
70
769
685
867
154
695
981
309
271
857
491
928
625
778
164
423
142
517
950
314
707
367
652
849
988
357
796
533
982
752
387
774
279
467
930
197
543
392
591
955
610
182
791
330
415
813
241
638
580
230
760
480
51
777
714
932
561
349
99
90
514
514
761
461
860
65
630
452
713
894
288
708
776
424
616
164
205
873
308
671
361
585
494
585
177
699
360
419
627
828
250
854
250
698
528
532
468
258
832
707
930
242
124625.5
599
923
523
271
652
852
146
958
664
497
945
463
265
145
934
816
879
968
186
261
257
765
855
68
807
820
627
796
386
74
181
337
706
325
11
350
78
832
633
747
470
547
320
898
484
502
891
187
235
870
920
317
831
387
962
781
272
813
285
727
149
405
917
453
507
218
80
495
243
194
590
726
218
177
444
142
610
546
221
591
674
219
32
431
914
523
660
953
564
874
301
275
639
846
980
493
494
876
559
611
111
601
217
608
730
563
972
107
504
33
493
738
258
496
54
196
712
731
333
237
783
123
542
760
199
791
265
837
903
18
823
629
181
959
662
342
2
179
739
499
699
430
92
355
619
365
377
570
673
460
876
294
518
694
390
488
11
860
813
932
289
617
361
980
588
388
173
167
99
267
653
100
897
164
414
940
437
411
69
141
839
173
328
63
538
201
440
513
671
731
187
76
567
531
927
217
920
924
508
747
43
693
997
512
870
363
936
588
380
48
776
302
885
164
149
429
679
473
301
416
817
33
44
805
410
135
933
423
988
694
247
143
975
939
200
878
331
672
783
774
898
636
134
131
141
512
674
891
683
536
716
378
168
236
433
944
247
596
571
846
470
837
77
604
848
137
683
309
369
483
970
89
443
871
779
667
695
176
830
16
115
177
908
818
168
816
373
990
255
433
484
20
234
806
258
847
807
854
112
563
919
787
252
258
934
627
276
484
612
774
752
661
896
424
834
852
708
871
369
493
379
763
868
273
414
833
942
468
601
965
274
879
259
519
291
443
502
594
148
885
219
444
261
549
374
692
705
869
346
764
912
671
447
343
462
415
110
133
558
304
688
702
298
30
983
306
273
598
818
170
485
616
408
262
526
612
119
797
710
455
139
764
22
104
877
351
444
583
690
654
585
459
263
550
193
945
113
858
10
172
892
900
518
27
734
233
671
613
410
444
481
656
989
640
626
673
672
707
305
488
701
156
887
145
241
439
262
187
578
216
534
958
114
747
642
516
110
872
667
689
151
918
257
868
799
663
235
654
758
756
888
802
574
959
1
103
573
270
760
497
119
431
322
669
189
829
439
787
523
596
205
422
81
874
505
420
59
490
419
148
43
573
699
89
970
181
641
582
173
740
457
305
414
279
220
487
10
807
898
149
7
138
726
577
861
262
685
331
777
765
334
348
921
285
661
342
263
893
277
10
548
451
188
370
777
626
939
723
28
869
494
247
682
732
522
909
77
748
891
827
22
43
452
513
575
402
849
413
91
235
749
124
544
412
506
818
929
650
290
128
501
66
156
387
524
102
327
108
358
706
26
673
855
149
554
963
310
265
995
766
192
945
579
406
576
182
86
987
842
353
632
755
583
95
777
306
54
415
240
654
278
721
826
353
316
565
252
458
122
41
532
38
143
417
780
340
651
137
91
282
639
236
942
893
480
451
249
817
787
744
571
385
966
959
944
934
382
932
216
819
139
657
637
858
846
884
49
525
753
347
73
511
351
27
362
822
345
207
44
969
999
849
697
718
442
106
358
880
560
269
53
135
312
226
384
31
965
854
223
481
299
709
744
620
717
433
374
120
722
792
809
43
145
629
896
91
161
492
729
825
517
365
549
644
437
36
489
899
650
882
786
249
299
373
602
949
528
639
531
567
143
617
461
687
59
947
578
474
28
708
167
183
473
353
911
93
892
718
203
653
920
985
350
273
519
155
94
805
789
124
915
242
753
849
767
500
714
22
642
430
662
115
341
843
243
607
501
257
95
193
589
774
886
945
985
762
395
450
52
998
395
36
502
475
1
695
497
732
113
739
812
918
524
113
382
921
92
516
149
977
57
874
872
906
692
610
587
747
247
797
635
175
597
773
295
533
638
765
832
376
260
47
738
827
576
75
790
662
969
545
148
888
155
380
423
470
942
183
272
968
600
391
457
640
419
846
866
50
677
673
310
624
160
76
166
29
807
87
14
671
823
684
249
528
719
957
815
15
450
138
31
563
858
242
776
406
393
965
677
267
226
204
891
34
960
226
39
282
478
628
641
412
71
182
906
78
595
329
967
708
295
877
794
638
545
279
815
773
501
869
336
681
210
409
956
533
420
330
618
332
419
798
96
457
438
523
862
656
726
824
205
527
405
284
823
305
399
887
580
136
933
381
953
783
365
554
476
302
160
571
697
707
235
848
314
413
395
180
575
531
257
535
541
158
364
402
795
879
463
714
996
517
818
214
263
932
570
694
393
540
145
556
686
693
436
340
382
853
227
828
24
751
821
433
158
227
898
762
306
172
