500
16
124993.5
207
793
25
903
606
507
127
426
372
84
532
437
971
295
602
941
404
751
863
658
996
631
402
432
900
13
581
301
209
639
700
662
717
761
578
468
494
276
448
79
967
456
485
660
666
982
950
540
253
952
654
228
538
746
450
661
872
124
757
142
414
579
322
506
693
447
795
726
16
669
87
876
741
782
945
149
401
387
975
854
138
147
832
217
902
314
151
538
480
926
370
957
367
137
361
724
618
959
218
371
451
776
993
730
89
372
276
820
11
476
511
898
532
724
597
924
225
837
224
833
664
855
243
520
566
401
867
155
96
220
474
273
887
989
401
413
792
759
242
121
899
660
646
405
583
255
119
457
262
141
480
497
443
107
695
116
601
63
469
545
899
883
696
640
775
537
47
664
215
480
150
148
344
930
617
856
493
275
947
454
863
780
257
293
367
461
880
332
205
349
515
951
459
976
85
600
258
578
861
633
253
69
727
434
564
986
649
867
587
202
828
66
657
719
166
80
268
801
228
17
939
47
710
218
842
749
165
571
305
261
308
467
399
900
886
664
435
199
603
296
64
514
280
272
739
113
463
926
2
849
362
893
132
697
9
274
693
823
173
879
114
190
819
653
916
636
169
976
432
630
38
177
209
405
934
719
451
615
158
52
509
220
396
642
5
149
195
183
23
717
820
144
938
495
157
216
759
891
747
510
214
49
420
726
520
894
481
93
304
839
965
998
235
722
148
897
29
547
295
937
8
315
561
52
210
766
174
581
838
393
261
398
775
83
350
444
938
398
143
835
55
280
140
135
337
439
28
849
171
68
911
833
747
788
970
368
994
875
477
506
974
350
986
331
806
656
172
302
369
364
693
736
944
944
935
359
370
939
624
941
640
449
169
179
419
402
165
770
672
225
895
494
112
886
509
934
752
608
403
852
777
719
878
702
482
891
225
506
545
1
894
550
215
144
516
297
236
600
753
300
545
629
94
712
541
415
668
112
427
270
985
456
71
715
860
281
634
979
867
129
218
309
145
328
423
517
608
680
828
76
939
25
241
157
689
758
393
960
284
126
40
669
14
570
767
640
307
380
869
377
930
678
448
585
994
290
462
239
772
524
677
232
226
436
297
414
230
379
918
104
910
801
50
984
57
258
135
849
159
467
712
395
880
33
201
547
955
265
793
188
837
873
318
829
893
482
178
125
744
13
262
364
609
853
18
918
689
550
161
548
682
688
513
76
627
371
609
182
249
338
648
200
668
976
521
605
211
638
555
42
485
219
89
271
696
368
480
763
106
934
884
396
227
317
163
611
718
303
137
326
934
243
765
601
203
52
458
64
916
193
654
81
31
868
230
772
251
546
750
284
249
831
112
254
302
227
505
347
626
364
765
994
53
571
876
63
722
527
190
230
303
925
292
763
882
932
82
897
758
224
931
763
256
692
372
594
125
635
586
365
173
277
633
415
217
443
983
18
208
827
604
226
481
239
283
825
434
31
16
326
173
216
489
796
671
207
629
215
556
466
619
742
307
643
236
479
699
650
730
524
539
398
64
72
744
81
928
493
955
919
765
257
578
799
798
860
828
254
189
900
586
131
602
743
210
912
397
474
439
250
104
581
908
711
723
17
303
459
859
663
832
670
795
430
359
267
359
970
851
10
28
408
125
1
211
960
816
943
609
125
683
773
810
79
986
823
814
975
601
78
79
876
790
351
852
896
699
286
25
699
943
501
670
705
384
805
920
445
738
747
461
324
242
354
946
589
755
216
80
743
752
910
404
196
23
400
247
766
632
648
253
870
280
134
956
89
443
309
101
927
156
145
583
205
984
734
164
927
294
614
772
570
898
453
649
822
489
455
686
79
539
562
700
744
671
756
20
411
725
515
731
387
769
555
566
865
209
587
226
996
459
64
513
508
363
301
124
659
234
641
101
230
928
43
371
504
202
926
949
777
731
583
932
793
286
341
115
842
567
97
675
644
500
363
315
172
538
654
505
118
450
431
409
1
109
52
879
30
376
91
180
517
295
68
434
855
121
652
283
524
213
9
799
359
8
323
104
761
677
186
629
66
988
927
204
390
680
643
223
712
331
287
988
401
850
953
411
82
719
899
95
102
73
812
743
839
394
832
905
182
458
618
900
147
874
603
703
233
636
803
813
560
648
421
675
887
362
725
849
618
794
840
601
719
415
387
794
814
837
754
468
840
225
779
32
151
277
864
267
275
718
23
414
291
669
862
511
375
134
493
178
487
588
147
430
946
512
390
758
838
198
567
191
775
928
620
939
614
272
896
120350.0
485
867
122
981
873
505
344
364
188
124
803
479
6
211
577
886
299
688
429
624
486
605
541
379
302
26
678
287
665
662
266
659
459
797
340
568
723
338
179
168
772
428
705
688
659
935
186
588
939
871
360
213
70
764
664
703
713
152
16
96
341
512
879
518
440
463
560
726
497
615
434
871
512
756
857
103
152
466
653
806
827
195
679
135
781
286
502
515
947
987
645
923
884
100
190
757
64
931
306
336
485
749
520
809
264
394
383
919
791
558
867
935
479
637
627
885
162
864
952
884
434
887
120
620
142
472
371
164
370
239
593
216
422
955
55
337
147
855
466
185
657
583
637
505
856
185
662
525
510
71
963
575
637
59
229
136
498
97
73
635
644
800
636
601
350
511
799
711
496
397
463
91
280
966
223
760
289
207
445
389
939
710
535
220
112
462
534
409
726
327
264
917
204
916
759
641
503
543
385
611
797
59
690
458
166
967
51
821
353
218
973
119
304
740
332
157
733
797
825
8
52
39
266
176
736
759
52
477
688
279
566
519
296
920
269
593
171
246
335
240
332
479
196
316
385
87
507
947
677
865
223
794
356
778
247
246
773
875
402
926
59
258
502
585
669
605
471
970
508
704
471
188
399
492
863
810
822
641
449
139
149
283
411
677
950
182
287
222
576
747
391
85
611
515
1000
153
281
891
786
579
515
29
688
735
602
959
21
177
504
753
551
975
882
635
495
890
484
557
744
917
52
251
971
146
292
731
384
506
719
480
145
481
358
8
796
452
825
326
791
848
345
244
935
135
458
498
655
772
361
80
258
893
750
688
113
295
206
938
631
601
253
436
849
426
544
664
589
347
280
278
57
725
435
991
80
322
25
905
867
845
216
385
727
208
91
480
216
781
54
186
963
403
815
947
22
923
281
641
652
928
956
694
264
726
152
812
418
575
640
62
660
517
990
123
341
373
205
503
562
216
789
712
789
797
864
323
745
186
845
284
672
526
43
669
26
375
409
960
860
120
2
340
966
287
177
459
71
696
173
14
25
32
87
196
112
733
374
873
55
172
645
584
60
648
134
567
501
421
50
336
299
729
595
535
641
247
408
231
632
564
657
325
740
349
272
353
759
393
17
156
908
864
860
886
683
200
42
797
756
371
461
420
797
117
674
621
944
236
77
169
153
782
947
910
888
447
383
196
751
92
767
371
431
768
752
828
774
560
280
530
165
722
153
53
606
295
83
134
321
296
74
199
39
982
225
632
14
660
920
108
677
258
546
285
844
326
539
693
643
953
87
341
885
228
478
698
431
224
893
333
664
304
710
687
997
112
148
152
374
279
714
172
938
827
892
841
407
570
854
213
313
909
882
246
781
263
718
299
206
356
917
897
352
627
690
49
391
533
15
211
268
850
480
840
327
922
154
919
118
205
200
723
261
681
80
518
312
690
327
277
660
271
695
473
991
372
270
67
21
796
28
307
434
316
125
825
255
95
594
277
77
130
815
884
58
293
636
280
184
513
172
695
472
666
410
577
763
745
594
549
223
485
336
40
457
17
95
532
355
994
627
260
681
845
497
808
904
219
618
816
518
141
513
739
350
822
622
448
96
349
628
577
896
684
675
52
227
472
593
631
130
589
356
520
236
307
651
992
228
94
749
468
169
30
881
949
658
943
354
174
297
767
186
108
658
906
558
903
419
136
272
857
892
305
888
933
293
273
140
614
458
577
126
711
805
710
707
398
557
740
775
315
80
286
259
628
898
244
552
662
270
895
776
171
260
398
524
820
486
681
894
936
849
127
116
84
492
297
194
987
218
210
122
259
477
635
2
843
34
588
182
574
232
501
899
789
767
518
224
58
37
659
195
824
886
696
343
394
790
519
253
287
500
523
193
885
341
574
364
901
336
2
850
428
431
215
637
674
245
598
294
215
151
80
302
427
961
967
694
697
832
486
194
802
388
253
567
750
221
100
519
562
29
377
819
141
171
683
442
136
155
350
844
65
722
131
678
22
735
108
392
497
712
32
651
786
954
751
559
601
692
11
931
458
810
233
377
844
541
158
708
17
33
868
334
440
571
572
753
679
310
326
817
416
337
987
703
71
134
880
356
172
465
871
143
830
253
829
243
247
883
581
695
234
406
610
267
302
594
861
979
522
772
468
689
957
642
717
188
539
951
833
268
742
310
305
439
841
679
716
956
873
784
720
839
194
922
840
578
198
397
106
442
360
636
911
972
404
989
537
184
561
553
199
988
938
739
387
62
938
93
534
893
696
285
528
50
579
228
877
124363.0
379
855
29
883
18
527
257
285
116
125
812
548
598
188
881
910
299
637
395
546
173
587
586
368
775
104
462
338
991
663
90
743
847
727
870
648
759
365
929
102
315
513
683
623
243
923
783
672
718
817
624
293
803
798
497
689
528
147
796
1
84
424
927
458
37
522
530
660
84
627
54
831
237
825
173
68
324
419
657
839
131
134
507
96
53
294
959
443
309
970
218
962
746
6
891
806
223
851
882
372
399
821
288
778
284
310
625
921
430
574
566
836
610
575
430
907
863
818
951
794
445
855
489
528
441
476
835
199
210
164
786
169
540
983
785
322
224
836
644
252
976
571
157
512
213
233
952
556
742
58
389
480
858
49
801
36
562
116
371
557
603
899
873
565
234
481
932
772
69
413
788
163
308
869
611
778
255
248
10
407
712
663
810
173
494
548
19
480
822
306
282
859
499
872
401
677
911
642
740
512
149
84
626
493
908
997
207
891
687
211
5
73
534
697
441
211
104
792
597
94
443
107
271
259
205
792
77
436
799
284
910
587
234
943
294
549
972
231
678
231
26
435
84
324
431
129
397
882
410
897
822
718
1000
766
475
153
458
783
4
865
236
264
220
486
979
629
307
905
212
755
907
102
765
559
642
840
545
558
603
73
399
350
715
732
726
86
205
221
180
763
900
121
810
600
106
64
173
948
152
663
3
117
840
717
997
958
728
162
668
707
12
970
874
664
623
815
100
464
761
818
313
256
706
223
656
741
440
436
829
485
131
491
646
27
387
512
587
391
98
862
42
296
183
49
275
553
512
871
464
35
572
950
593
723
583
353
845
958
414
594
738
403
591
445
734
762
744
390
933
355
436
770
80
946
755
328
328
884
748
784
307
291
357
276
185
428
692
879
153
165
623
328
124
863
684
896
588
710
492
947
818
653
235
745
21
911
451
588
299
18
199
511
891
138
614
452
452
467
697
273
503
633
877
797
24
350
974
214
909
190
776
557
797
750
156
370
929
872
650
196
783
267
449
360
655
547
113
768
109
30
93
33
53
218
453
777
828
878
51
208
336
495
776
564
44
568
29
397
402
251
619
664
914
489
140
188
67
177
315
585
838
255
684
376
242
293
86
386
933
107
68
856
722
903
684
192
282
768
867
432
562
423
731
36
698
676
599
256
528
95
861
836
306
890
680
510
223
105
617
26
378
314
189
704
69
848
307
528
801
546
372
758
247
2
794
270
668
173
596
278
619
102
232
893
300
669
750
755
950
168
884
341
71
270
948
381
83
602
738
894
294
316
431
299
494
755
730
174
995
425
952
259
161
647
726
69
121
122
729
349
122
249
636
857
620
840
301
576
773
291
989
875
777
254
404
247
112
305
246
293
520
919
236
652
598
140
917
456
122
214
538
902
345
925
482
913
354
837
192
119
885
781
908
622
733
491
490
660
631
287
363
359
591
374
690
307
615
152
19
732
282
258
930
374
853
798
264
187
725
224
145
172
990
916
605
316
62
222
777
584
144
729
265
700
470
649
738
809
735
621
633
546
785
92
282
112
441
629
600
939
141
298
539
799
498
779
104
312
873
820
369
226
311
755
293
802
303
427
726
297
410
548
583
719
510
75
792
493
407
623
38
645
426
524
479
378
740
939
576
126
324
558
279
109
411
995
970
984
354
94
971
753
402
82
290
977
638
925
578
142
128
808
684
265
702
992
503
281
70
578
405
567
643
707
626
666
883
393
377
707
6
237
907
356
772
585
326
303
480
708
709
892
970
213
235
326
869
739
899
583
141
985
978
194
694
134
336
310
92
976
789
119
197
258
542
718
112
781
137
626
571
622
710
435
807
693
11
544
862
55
427
612
22
786
939
749
77
451
288
498
30
255
626
509
226
899
615
659
73
852
976
45
679
422
735
228
581
606
323
659
903
156
937
101
197
490
125
959
281
649
906
562
388
832
215
162
182
714
554
111
939
480
527
356
175
202
95
727
350
157
453
291
844
41
90
57
482
44
679
58
308
408
69
70
157
690
380
699
337
604
971
86
561
367
94
243
893
827
533
221
397
91
879
792
167
526
743
547
625
729
774
285
821
340
258
995
403
104
398
951
929
164
709
807
929
922
27
820
991
257
910
676
401
259
690
655
735
370
74
821
626
609
489
388
397
898
296
685
111
503
81
768
839
680
571
330
751
853
159
763
464
939
841
645
553
262
512
920
831
115
400
201
32
442
361
868
511
426
966
600
732
641
88
159
506
984
117
464
15
847
12
452
675
638
448
601
728
607
3
794
129363.0
231
944
356
877
742
546
993
291
654
107
620
607
867
217
801
899
578
626
393
459
390
542
836
322
675
50
440
365
901
739
620
809
407
818
899
700
925
338
347
163
494
470
605
588
376
927
855
765
370
888
657
317
919
767
329
757
797
125
192
45
945
402
372
512
308
513
133
589
20
635
503
771
637
879
855
127
67
501
741
842
362
179
256
139
994
222
976
399
232
901
651
914
340
3
939
710
796
891
108
286
962
880
304
876
453
377
787
986
799
642
580
838
214
520
317
842
466
889
760
696
680
909
635
456
53
412
292
261
493
115
459
138
842
984
425
226
157
737
573
321
198
508
887
419
279
280
305
500
631
78
23
462
625
28
879
89
395
77
819
517
772
915
830
534
411
540
6
679
52
322
505
129
251
892
98
732
782
236
734
439
244
576
994
245
347
486
207
454
671
272
852
779
658
797
465
609
895
630
836
553
306
86
610
449
935
952
358
942
922
125
107
92
125
625
183
229
512
783
274
17
342
188
869
171
593
775
238
475
288
253
968
647
896
919
374
608
397
259
970
246
650
360
920
266
745
203
247
861
347
965
89
703
94
789
95
155
851
806
843
831
114
245
923
400
218
557
408
810
291
850
997
18
123
648
966
790
104
519
792
3
131
367
471
683
291
72
692
171
740
761
885
82
15
627
517
131
100
880
683
715
804
215
987
656
836
916
698
258
606
668
189
969
279
741
903
822
408
387
761
755
500
276
148
195
396
686
519
520
152
481
937
460
559
61
753
526
560
303
312
870
123
263
9
37
671
647
178
879
465
71
571
986
394
750
8
418
424
887
88
694
586
470
202
358
816
721
587
306
966
445
213
836
449
951
124
294
309
910
298
742
462
271
664
245
808
342
857
944
423
222
395
283
382
915
30
853
740
651
634
870
958
571
523
684
783
953
662
624
822
78
994
421
175
50
645
434
214
523
363
277
846
697
935
814
907
286
301
204
572
115
568
554
987
766
389
418
656
866
695
186
284
323
602
397
586
480
476
679
978
45
823
5
721
281
635
699
485
806
853
231
909
457
746
522
880
581
419
387
810
308
976
744
21
418
63
197
359
207
642
538
125
233
565
285
599
282
880
286
40
135
109
789
996
906
649
260
153
820
682
474
166
404
834
107
480
740
889
235
544
114
787
919
354
960
532
573
644
14
156
50
550
251
451
787
353
916
629
605
476
527
722
670
543
29
537
256
323
248
275
237
157
7
353
957
560
674
647
683
443
148
725
363
356
311
166
325
770
674
300
797
946
219
748
387
305
673
130
140
77
422
102
284
949
677
844
79
47
135
601
249
647
288
385
862
314
890
528
670
668
264
947
897
23
264
616
258
502
360
23
239
548
943
788
556
742
50
176
422
921
247
390
814
696
875
623
988
853
881
345
65
330
710
327
608
865
397
918
720
113
273
78
459
279
297
714
400
603
110
454
794
200
224
733
349
519
701
294
159
248
212
836
243
417
866
283
276
269
215
347
625
627
654
623
635
597
568
250
783
151
589
57
638
259
141
418
190
852
615
450
942
454
357
995
767
949
816
894
226
763
879
618
176
559
791
594
750
179
350
998
327
421
494
430
656
278
168
950
423
1000
721
347
586
604
550
491
388
573
850
955
177
154
581
356
64
787
949
432
986
424
134
794
759
904
162
821
946
919
862
583
100
764
841
975
239
1000
993
445
300
525
586
754
519
189
609
580
618
617
469
304
766
432
278
532
332
93
662
823
390
761
760
779
829
941
188
926
355
452
725
675
565
312
974
577
129
408
220
382
363
846
876
757
73
204
348
139
730
41
729
802
574
40
665
77
367
316
615
57
536
109
155
610
600
766
796
394
780
705
513
53
533
255
289
960
532
260
910
962
705
333
847
687
65
449
460
321
283
683
677
913
675
810
112
495
75
864
547
290
866
267
679
224
487
480
749
281
78
305
733
365
30
437
446
306
366
103
144
761
748
117
156
353
361
281
47
117
35
545
46
544
155
48
355
558
39
489
781
586
763
973
640
766
112
7
375
24
219
756
808
979
319
258
82
388
884
880
480
876
609
450
688
8
314
601
297
479
909
437
174
95
993
184
213
92
745
246
867
918
828
24
274
337
651
735
296
880
636
342
442
382
919
346
694
728
426
989
925
399
642
615
593
922
711
859
639
596
397
609
900
843
703
558
942
250
614
138
172
227
980
274
33
809
163
817
526
763
968
320
493
606
618
31
694
413
87
480
889
290
544
697
908
243
456
23
546
377
557
630
682
344
768
126751.0
441
917
135
935
85
471
766
332
727
153
606
655
553
182
840
854
800
709
627
447
599
481
935
259
804
19
194
427
168
834
124
900
62
737
486
759
834
365
14
117
392
514
899
596
536
916
961
857
822
951
251
330
382
758
663
704
896
176
478
144
661
454
542
606
885
584
606
512
34
660
760
727
202
918
991
157
188
412
468
815
922
244
721
151
579
291
332
374
372
977
425
948
13
6
149
630
862
846
830
195
708
956
378
837
329
394
370
900
782
608
119
841
449
448
827
763
995
879
753
653
727
965
700
515
615
436
255
252
982
121
131
63
192
909
637
145
1
828
263
411
866
551
553
416
390
189
715
454
827
71
558
538
5
26
142
22
898
88
135
429
595
859
24
470
438
513
487
768
432
243
632
52
365
940
901
794
277
156
110
485
234
538
881
263
851
582
385
461
224
282
605
785
707
824
526
535
920
601
134
475
335
155
165
430
482
933
556
912
50
173
213
81
313
571
470
276
155
687
616
22
63
109
311
219
18
696
993
501
533
304
430
616
656
946
851
646
533
301
31
162
667
448
341
253
116
162
209
797
972
993
140
725
756
789
608
133
71
892
630
737
94
174
392
357
718
522
756
881
881
754
244
105
174
586
126
831
54
536
193
65
593
290
260
634
96
161
147
177
360
827
843
143
26
691
104
124
92
838
565
718
177
299
410
597
920
933
766
238
62
626
865
908
506
781
362
787
364
340
88
712
705
307
951
202
838
766
527
512
855
431
97
529
554
43
403
464
200
280
977
814
314
267
481
71
712
650
983
787
36
105
925
890
878
678
276
482
246
870
629
620
5
432
623
295
856
636
963
210
687
411
29
757
808
946
190
382
992
833
192
669
824
350
129
289
626
396
425
975
790
256
327
382
638
994
845
816
503
614
442
895
286
501
891
696
116
854
377
619
61
72
77
400
311
5
603
412
383
427
927
248
755
716
686
911
142
307
813
160
230
215
619
634
282
720
707
364
25
828
198
252
309
231
843
389
238
579
585
685
622
108
62
62
288
248
388
678
404
824
735
209
901
482
425
619
972
653
116
342
234
281
507
705
641
393
170
182
783
127
86
533
812
152
957
308
589
228
126
203
691
118
521
863
437
994
150
259
136
762
165
551
943
471
325
9
605
667
943
180
900
118
100
882
557
869
47
589
920
8
314
143
683
276
306
854
146
955
448
533
707
599
28
745
330
97
192
277
544
344
577
316
14
104
499
991
761
720
909
766
789
187
35
277
802
252
132
280
991
651
969
811
930
159
523
434
732
708
525
130
478
380
874
321
120
598
612
167
279
130
224
149
655
368
197
769
471
891
158
614
929
296
130
877
992
301
972
284
127
431
921
304
729
873
906
465
510
20
528
496
539
304
209
746
882
847
139
951
685
909
559
47
349
797
834
606
956
428
174
800
846
264
312
443
779
283
78
355
497
29
415
759
656
203
298
338
322
729
272
187
133
232
319
154
645
810
554
205
801
186
704
583
569
705
912
566
830
557
819
732
873
652
628
550
600
226
900
157
783
658
168
952
997
292
747
749
471
768
549
182
77
894
770
247
828
820
172
817
165
414
524
297
827
464
425
626
903
206
761
422
613
772
564
488
413
611
355
465
228
810
819
136
917
483
245
115
593
911
200
976
285
152
624
726
125
177
216
871
632
947
944
41
527
867
875
258
396
898
968
389
300
589
600
601
246
561
516
559
52
381
872
796
938
264
702
238
104
631
307
338
710
721
528
768
120
150
83
430
369
656
682
541
591
922
384
208
213
287
572
384
997
877
687
43
911
439
730
808
172
728
346
549
404
659
921
313
944
693
54
526
850
195
530
508
302
805
34
793
649
426
398
627
635
348
631
565
942
820
815
783
160
878
341
40
888
546
331
352
448
630
250
773
725
19
462
100
612
594
268
948
968
592
208
516
531
756
866
97
656
707
813
32
845
438
924
280
114
159
939
805
457
105
579
385
781
71
1000
18
281
144
981
145
139
361
587
67
971
781
228
789
287
616
824
33
306
282
443
165
701
727
453
239
285
169
220
972
943
455
331
533
176
599
791
340
652
241
647
997
887
116
173
896
352
115
670
735
40
850
110
756
10
241
465
579
90
364
407
539
849
525
537
872
619
645
30
378
625
910
744
563
660
650
699
704
467
724
798
369
734
947
262
652
249
943
84
681
260
186
238
981
288
125
976
180
917
573
309
904
901
515
275
526
441
600
549
187
444
872
449
507
752
844
717
456
742
493
854
612
165
782
542
798
128817.5
795
861
722
937
873
443
296
351
864
216
780
564
92
134
479
886
527
704
692
452
217
423
148
210
708
40
728
400
103
900
380
858
152
745
232
826
568
414
208
106
742
459
978
561
6
840
633
950
314
988
731
339
804
856
197
730
715
110
669
217
145
401
822
532
731
674
195
413
592
618
557
742
86
896
808
237
371
412
610
800
408
246
943
239
719
344
766
438
579
926
271
979
660
102
551
592
150
795
116
204
518
996
609
911
24
309
943
981
964
605
730
854
384
352
754
720
592
922
959
609
815
956
814
552
977
385
651
152
936
80
647
117
277
847
208
184
909
750
409
490
826
511
203
467
60
172
252
551
728
147
951
487
805
102
543
1
755
180
169
425
660
787
302
454
370
419
102
795
428
167
278
38
766
993
3
873
299
188
576
501
964
492
685
317
295
606
591
362
197
263
38
746
710
782
573
608
52
586
789
469
975
93
574
419
102
974
324
941
565
183
465
24
98
580
783
176
699
649
916
54
629
158
375
262
382
658
204
577
101
356
245
639
68
888
454
616
157
346
561
151
165
519
656
192
195
258
51
711
296
971
651
715
770
824
623
141
865
868
139
730
495
209
804
286
104
607
21
924
576
790
202
31
962
551
345
880
244
463
22
74
139
363
572
704
826
148
46
167
765
837
12
54
101
769
90
127
237
887
680
641
158
247
792
662
599
864
958
334
698
683
492
970
419
811
937
860
767
361
162
668
413
273
803
171
5
783
247
475
907
464
976
448
426
22
469
518
975
285
227
890
325
217
708
90
863
663
983
795
301
126
813
831
98
687
755
531
923
906
733
709
109
529
151
353
215
652
929
115
96
403
528
692
187
973
890
332
413
861
229
757
808
293
66
272
556
469
100
876
986
181
696
318
487
912
14
805
799
615
747
915
178
529
304
711
517
952
302
677
625
121
712
311
685
76
591
426
635
415
579
280
25
795
103
940
226
260
97
253
969
143
999
711
740
639
955
323
59
774
5
349
711
322
807
472
617
607
839
619
148
95
52
54
243
337
853
649
316
900
620
188
577
427
139
667
928
644
341
252
638
274
566
768
337
353
723
89
524
149
192
518
666
234
892
309
940
157
572
260
311
149
763
812
624
919
910
240
943
717
413
489
680
425
675
74
190
761
185
89
108
21
920
849
885
895
205
622
683
70
849
112
542
345
656
777
822
986
548
444
110
592
7
692
993
60
580
345
921
347
292
220
477
175
472
962
739
693
977
825
842
285
631
182
356
276
916
303
584
677
967
798
580
59
583
344
901
725
287
90
84
424
444
402
736
523
341
266
293
187
780
163
216
377
711
805
104
921
108
545
631
307
942
803
469
267
569
356
431
530
460
258
809
900
786
525
269
25
911
582
165
352
873
784
323
947
66
933
208
917
129
61
330
863
126
570
495
351
167
817
134
244
813
397
855
279
411
427
508
47
660
695
563
262
365
366
114
690
568
127
920
197
442
133
460
726
233
172
420
184
478
565
128
751
913
536
669
625
200
719
307
578
673
624
154
222
690
162
495
588
219
876
279
304
747
751
171
737
50
244
365
876
369
306
388
866
76
771
788
472
454
335
905
437
805
527
920
170
952
441
994
693
869
531
342
560
993
484
39
732
999
207
503
396
271
179
519
836
929
929
618
156
832
656
161
117
826
939
947
878
96
121
610
840
918
161
537
879
112
467
326
511
660
649
288
495
611
484
241
320
329
720
759
171
638
280
582
703
649
293
490
705
513
715
820
245
318
402
242
647
845
496
265
835
915
188
798
315
857
324
579
969
924
62
40
451
174
889
505
710
131
544
787
596
304
383
915
751
162
611
181
104
359
463
996
713
456
731
469
397
912
676
673
322
321
636
903
741
144
701
719
886
673
42
494
565
288
336
837
604
566
788
288
94
734
57
546
550
414
850
153
523
915
611
534
840
208
111
67
633
16
26
634
532
752
339
513
67
102
768
807
126
754
472
948
83
928
51
998
132
614
161
777
455
821
46
84
842
986
806
391
626
928
22
446
364
110
123
916
775
37
323
375
133
388
892
557
396
607
544
722
648
938
415
812
253
64
939
394
177
878
909
932
203
708
749
542
850
119
799
297
254
80
494
624
392
469
570
740
599
84
897
362
589
424
463
516
906
800
466
444
624
841
667
834
639
531
429
587
997
551
663
120
943
813
628
272
274
297
932
202
69
253
94
678
542
411
947
83
600
964
428
295
672
451
146
571
924
221
594
537
813
341
380
243
536
504
654
976
747
886
731
122156.0
67
880
426
845
894
392
392
255
166
192
45
537
957
42
721
894
960
795
456
461
314
487
369
157
621
80
303
444
986
962
985
821
269
816
699
790
962
361
726
31
389
407
389
547
669
775
36
979
706
968
563
364
775
939
134
802
183
120
56
215
980
312
828
591
81
711
999
366
640
639
303
831
80
799
570
194
356
373
377
836
187
297
682
153
228
360
20
364
133
935
621
894
296
112
931
688
226
714
958
295
705
915
193
981
643
246
507
935
104
535
211
806
153
361
333
728
479
1000
139
659
166
992
47
551
424
326
46
182
952
4
894
190
6
763
421
269
197
817
529
564
836
605
958
428
770
252
508
605
167
129
617
401
126
79
601
29
572
211
431
492
710
799
62
443
746
330
60
818
250
168
636
109
234
917
737
900
184
235
304
535
750
565
100
365
290
583
440
309
441
298
654
683
692
812
504
539
702
584
660
454
796
28
918
411
341
899
149
897
36
191
514
17
676
650
702
96
386
732
206
95
759
65
923
179
948
731
112
553
648
389
441
719
53
944
923
649
47
328
954
76
727
607
854
142
321
331
641
623
996
966
728
778
68
890
11
143
15
910
91
830
248
280
598
189
545
595
607
990
846
870
181
111
879
600
130
853
206
430
725
119
649
382
757
761
963
161
585
146
996
921
789
53
848
748
855
148
541
945
195
705
314
209
4
563
659
878
397
365
879
761
465
973
575
769
662
902
268
291
812
610
433
205
626
98
888
812
427
539
26
498
947
427
79
101
825
442
60
284
607
957
359
271
291
183
873
731
202
714
308
43
678
847
229
710
73
470
181
973
836
665
230
514
91
412
588
554
36
106
148
434
381
633
473
887
190
430
292
883
720
722
957
354
705
318
841
373
204
872
584
162
498
343
647
914
934
832
198
654
112
906
826
459
910
783
749
936
536
748
490
206
912
344
371
52
596
466
682
424
938
345
405
875
210
963
602
253
173
189
87
186
473
627
504
730
601
232
99
721
948
259
830
272
785
473
126
532
894
587
998
135
185
94
23
246
682
596
280
991
653
169
102
389
968
615
487
642
346
197
966
227
897
672
662
405
316
183
728
115
543
525
277
275
219
323
928
241
863
190
204
67
833
877
344
876
423
194
556
738
614
431
350
358
911
146
309
793
734
189
659
57
905
887
893
820
827
619
557
90
680
100
697
260
392
865
996
995
557
374
40
603
452
651
667
24
294
432
237
264
275
240
421
242
374
957
542
775
769
900
711
353
687
99
490
217
978
379
135
594
490
702
154
51
557
299
435
792
640
75
559
342
247
406
654
458
505
197
461
120
427
209
271
328
383
730
938
976
856
547
181
263
281
783
768
222
495
412
855
431
726
163
458
861
393
521
300
11
143
505
128
432
956
793
701
898
196
838
429
894
748
61
600
780
18
646
742
279
24
785
33
266
40
405
443
349
254
402
926
11
697
760
37
248
557
268
669
638
308
219
512
198
108
113
535
651
86
160
741
238
442
542
797
776
598
573
86
703
811
752
557
672
921
546
573
215
749
187
448
596
797
926
391
314
991
705
569
680
371
311
362
861
357
335
62
825
919
740
126
520
360
327
480
418
676
586
226
163
74
496
428
759
694
504
252
523
195
477
21
750
622
287
361
481
175
198
255
865
472
984
339
158
246
599
491
199
98
915
404
918
875
42
219
741
595
192
97
893
893
551
144
532
443
679
409
450
49
449
425
264
34
800
201
80
338
201
935
628
153
364
174
693
403
762
479
344
24
304
422
661
829
481
2
802
445
157
430
361
486
274
465
982
655
93
839
420
774
919
836
765
355
623
9
534
315
451
34
774
551
512
380
42
712
482
67
749
881
778
686
374
614
633
196
295
702
642
617
828
400
706
953
834
321
12
755
542
973
236
993
703
726
794
225
64
420
68
679
504
801
845
446
455
3
608
253
866
829
74
533
546
118
115
202
489
288
410
902
51
371
824
540
225
668
451
666
145
139
73
223
155
116
228
826
510
69
54
249
860
651
854
416
635
225
114
552
397
614
172
273
864
233
398
368
152
346
821
310
429
428
586
871
716
976
343
464
161
920
889
749
181
275
858
927
151
474
726
614
898
780
794
68
329
811
493
985
386
569
473
539
660
56
973
210
679
976
557
127
912
329
463
759
691
725
740
346
564
72
386
485
956
735
729
336
990
615
542
387
251
823
929
447
31
156
9
643
540
763
979
175
660
598
335
55
623
645
59
741
975
507
557
967
886
109
375
721
588
154
629
583
831
362
709
127938.5
397
823
691
759
78
445
863
194
486
132
981
468
578
21
877
986
506
839
869
536
690
485
767
139
390
97
347
430
215
883
890
826
289
852
985
828
906
440
127
51
864
495
110
567
344
843
499
976
237
899
394
267
234
981
679
743
441
129
962
167
997
233
234
626
738
749
571
451
613
651
105
858
911
779
332
292
529
450
598
912
121
350
343
60
118
374
425
383
86
956
879
957
673
59
17
754
548
736
821
351
219
881
142
956
572
201
544
927
320
602
33
882
419
309
22
782
634
912
469
744
998
989
958
587
429
425
111
230
283
14
793
185
558
833
217
323
769
890
111
627
161
686
643
495
15
339
360
525
272
110
347
483
534
27
899
118
791
179
208
583
387
702
929
392
834
358
158
823
486
208
835
24
268
940
66
830
954
248
620
436
385
554
115
303
438
514
884
306
802
272
265
647
524
902
116
519
622
633
589
407
422
71
903
466
499
893
8
917
696
106
867
16
968
612
982
16
291
780
303
22
40
153
474
118
485
783
687
595
786
440
79
752
335
961
379
730
980
327
175
144
42
601
43
234
472
268
868
595
397
894
525
694
218
837
589
72
897
970
949
816
628
340
145
172
321
691
905
890
137
921
319
48
805
621
121
839
934
431
672
115
675
423
894
743
717
105
897
213
304
909
569
90
360
722
483
174
320
988
922
805
792
217
332
517
751
911
312
331
865
794
561
905
817
779
483
932
395
238
370
607
20
243
65
25
965
802
315
606
479
559
902
470
754
179
799
343
566
344
277
899
245
256
564
174
822
795
541
750
530
132
225
933
725
778
985
553
28
988
923
691
223
561
182
366
931
557
893
95
786
521
853
723
83
822
622
358
839
963
601
693
532
274
475
370
99
295
238
883
840
101
362
330
633
820
977
744
9
706
294
874
457
532
133
878
786
845
69
682
951
140
390
404
879
32
931
521
772
447
559
396
596
829
674
962
90
214
110
169
983
211
432
615
86
776
647
246
225
689
696
340
571
296
48
463
711
494
3
489
98
36
667
47
912
254
673
508
547
931
969
202
495
438
431
565
944
573
872
219
678
222
81
741
781
311
953
219
530
139
567
588
802
341
648
349
4
144
889
199
501
101
677
818
892
881
202
208
401
813
215
359
131
358
93
156
546
884
976
130
272
67
735
839
925
895
965
565
395
101
153
109
323
227
562
908
740
964
532
397
870
517
439
638
409
63
749
358
495
251
967
176
621
244
143
875
875
874
318
845
365
278
765
188
709
315
395
293
908
630
374
631
751
14
880
363
52
787
390
135
386
282
368
352
239
540
248
175
333
99
848
228
807
331
957
765
60
894
597
623
102
173
928
737
345
265
925
496
540
331
92
90
870
825
66
426
759
63
55
481
862
367
416
823
436
828
398
781
527
929
101
119
428
801
557
687
939
328
286
744
540
213
393
414
604
279
273
319
810
56
319
793
262
198
206
357
165
688
977
142
124
179
188
71
899
575
514
194
956
179
641
447
43
708
708
556
123
628
398
754
899
608
479
637
963
293
521
89
84
521
666
921
769
273
766
610
234
672
87
326
251
920
376
271
73
806
79
822
499
608
156
287
523
433
65
536
238
132
577
488
409
770
998
456
254
547
559
533
704
728
64
320
601
454
219
214
365
925
212
965
489
190
570
594
744
176
146
979
635
877
400
85
87
648
440
197
367
818
493
650
563
492
980
606
210
475
429
373
378
289
946
853
649
28
870
127
917
722
249
429
755
708
694
827
143
293
353
398
847
716
871
459
765
894
145
128
8
368
37
292
339
962
833
39
292
492
424
976
790
684
561
648
379
470
671
424
717
736
587
427
591
16
837
406
550
653
32
748
820
348
19
546
348
361
314
678
344
856
967
652
577
823
371
2
640
464
533
172
335
709
350
839
782
46
879
87
552
452
583
762
441
411
631
531
685
958
563
50
194
617
797
199
42
486
910
508
979
130
477
735
892
209
896
383
65
168
685
50
476
142
856
247
961
499
560
99
833
863
49
803
502
596
555
124
531
460
881
91
548
831
874
449
760
143
906
803
569
487
419
587
369
644
976
298
586
127
675
823
700
193
929
880
254
205
512
682
480
971
263
843
12
350
711
566
789
367
78
523
554
741
70
907
200
601
772
459
526
836
47
538
448
610
981
717
251
542
172
448
767
916
688
641
635
990
214
499
27
254
248
838
173
82
546
79
142
584
972
924
273
734
744
376
136
666
678
122
23
887
55
469
688
859
918
398
707
584
219
589
643
875
103
778
127621.5
2
754
723
804
153
507
369
131
865
129
934
446
693
86
95
997
275
776
728
621
607
498
796
148
219
60
945
342
57
969
896
800
427
791
459
770
225
437
295
88
466
403
250
645
505
763
756
890
311
893
825
331
829
883
220
782
353
69
280
199
936
272
16
584
238
651
983
528
787
747
188
914
924
805
744
368
165
469
566
839
851
338
544
17
212
444
618
311
440
905
953
992
332
120
330
737
770
682
860
396
673
796
163
998
26
148
674
975
832
598
405
817
753
341
890
682
15
961
294
720
637
913
130
559
887
397
376
200
870
41
479
215
669
779
89
274
404
865
603
644
434
614
606
464
401
336
358
601
428
32
978
474
32
16
341
48
158
139
222
670
417
702
121
464
226
449
92
878
502
254
237
107
315
949
622
790
11
176
49
342
108
549
832
311
115
493
841
324
791
364
638
688
301
934
687
480
961
597
46
367
829
150
20
478
54
877
289
940
134
95
889
92
908
562
484
26
911
745
77
42
684
168
594
42
459
774
808
527
164
468
18
792
412
898
122
791
851
299
537
79
419
587
506
174
943
349
469
675
792
940
818
626
678
861
503
64
213
943
779
867
383
388
963
227
577
596
680
851
546
971
469
81
388
681
290
932
919
520
634
133
139
348
990
654
440
54
427
141
345
946
244
6
650
665
346
268
650
936
114
784
342
290
997
526
740
831
961
421
631
733
239
921
689
811
827
907
811
270
807
577
708
331
834
101
434
788
919
520
831
645
65
469
120
187
604
321
298
428
13
945
69
226
81
148
726
845
87
680
337
186
364
889
595
756
928
488
902
929
374
621
474
503
584
335
808
513
770
189
114
422
563
674
798
743
565
266
912
886
263
634
156
193
207
302
629
352
77
863
819
57
674
276
703
879
772
789
545
731
774
960
603
604
441
890
169
765
950
593
571
80
467
487
835
131
138
600
882
348
613
470
248
876
749
933
31
265
622
108
495
255
193
667
207
718
205
339
867
615
468
345
558
262
502
520
123
495
413
429
352
55
283
37
768
256
966
563
569
883
87
264
736
450
463
560
33
555
324
223
221
315
586
729
774
357
781
215
133
58
214
500
710
343
759
274
349
93
600
107
551
41
174
772
800
801
968
214
342
807
794
340
858
416
118
232
17
978
501
116
884
52
800
905
525
820
436
530
832
84
88
78
882
189
772
887
582
921
494
470
80
426
873
617
699
94
500
325
280
350
359
263
655
186
519
970
902
897
931
880
64
359
542
144
214
384
176
273
308
660
387
684
595
92
636
341
247
726
652
93
947
306
791
387
430
553
755
105
599
178
485
238
628
424
420
849
495
943
576
688
497
124
644
710
819
353
444
562
287
302
390
29
344
920
372
442
175
12
569
414
319
464
697
865
734
769
418
847
142
943
253
86
658
707
30
678
727
293
102
693
332
306
202
514
777
351
702
323
510
115
315
731
8
148
626
388
119
674
862
177
912
256
338
53
194
629
617
224
259
148
263
456
689
640
94
548
878
594
814
697
355
614
551
589
957
320
879
106
117
554
168
968
858
337
244
603
43
736
791
402
962
893
961
293
920
747
755
808
18
509
302
309
234
396
929
581
384
173
793
410
678
730
634
388
120
531
966
501
510
802
877
252
624
427
919
165
948
896
870
891
221
246
910
692
960
126
51
896
806
872
294
29
732
722
386
189
932
860
404
582
40
452
846
689
75
448
349
324
568
206
49
861
796
5
960
30
603
664
427
492
683
624
920
885
193
373
283
385
884
681
375
431
877
879
310
149
207
353
455
247
674
994
830
71
332
512
889
952
541
698
344
558
148
478
898
510
137
816
687
454
234
39
891
416
506
685
991
687
836
393
843
583
167
446
529
734
583
766
214
617
968
845
445
15
687
511
427
154
370
756
859
914
95
115
830
119
906
425
192
813
456
486
992
460
9
953
497
31
468
602
519
280
421
456
289
455
530
85
434
824
362
206
957
425
692
246
196
150
226
197
848
312
580
594
602
6
852
880
879
896
355
639
622
31
729
431
4
33
78
733
804
355
455
63
18
871
552
456
485
578
830
558
694
296
432
184
80
741
334
152
597
956
335
177
838
676
416
880
43
934
334
284
546
473
206
291
9
530
376
657
202
894
979
599
988
500
688
870
432
561
584
624
32
808
10
626
119
475
518
988
522
579
451
904
672
556
924
346
972
799
736
38
451
2
553
523
547
942
536
755
68
436
232
676
231
101
812
840
244
420
709
773
617
465
114
682
432
529
959
892
707
809
125344.5
781
691
824
815
770
491
877
86
468
175
724
542
305
70
984
916
204
701
998
551
416
436
978
73
937
20
171
363
579
934
644
801
963
848
81
792
817
493
695
41
667
420
491
602
405
732
211
848
118
989
600
276
587
858
278
872
413
29
886
192
207
300
845
507
551
727
992
508
406
747
599
876
998
818
957
421
129
565
723
840
115
243
946
11
435
412
271
392
733
873
334
921
934
26
939
793
349
645
545
422
201
808
210
954
678
173
25
890
936
523
699
730
672
346
498
688
470
967
718
733
924
960
124
540
903
352
323
247
301
28
728
220
646
729
103
328
38
944
85
645
482
543
61
400
288
357
457
650
237
28
487
427
631
30
276
36
376
42
685
631
562
750
571
425
15
430
953
873
936
155
890
203
285
977
339
839
287
271
474
255
109
497
38
327
827
526
434
314
333
302
997
604
850
845
357
542
248
578
304
307
566
65
437
484
622
818
314
907
503
180
263
89
461
598
589
109
19
662
610
128
511
99
320
84
490
836
618
558
574
564
213
739
674
852
893
697
254
221
340
40
409
630
379
154
69
442
723
580
622
944
628
679
21
958
88
17
864
875
432
886
710
331
20
299
594
518
740
789
594
983
626
173
559
743
400
852
324
546
230
127
820
359
941
644
387
118
947
55
964
882
472
39
858
636
961
367
513
842
74
753
687
366
78
457
416
826
836
399
411
656
414
858
542
759
77
866
29
363
187
601
528
405
588
53
533
782
559
426
791
735
713
540
786
274
267
388
117
392
923
885
245
315
608
216
975
784
555
596
96
126
310
953
375
825
772
390
167
939
175
642
714
446
772
414
814
594
501
208
650
332
336
671
950
770
420
287
118
934
313
588
233
119
976
213
702
329
853
799
339
114
499
295
933
801
436
871
775
762
278
878
994
567
781
859
501
853
254
597
799
92
790
498
648
147
558
610
875
365
968
456
382
969
781
973
926
285
855
52
653
182
81
618
606
700
477
288
657
537
706
271
659
162
705
545
765
470
219
444
25
8
983
115
167
290
638
512
789
916
74
240
566
513
909
488
337
528
689
156
314
224
343
687
29
339
997
237
674
100
435
478
586
432
23
247
531
137
490
44
618
37
894
830
423
804
997
285
513
823
442
288
686
457
224
134
814
967
143
102
756
70
600
895
514
847
324
468
167
120
767
165
715
252
315
950
189
945
258
548
999
456
576
617
74
35
659
384
288
271
212
272
910
91
703
942
476
928
52
914
836
450
63
232
274
363
43
347
568
566
699
622
851
162
25
385
418
816
474
77
16
314
32
469
280
591
459
124
211
94
249
327
106
491
288
764
888
983
980
748
186
92
62
685
461
379
292
523
496
281
526
102
821
879
394
385
54
49
119
437
890
416
589
940
243
836
462
814
962
945
157
102
93
622
248
723
62
366
104
720
303
213
706
606
386
395
419
370
424
43
971
738
135
174
222
473
22
656
548
229
130
268
974
92
962
568
462
125
612
196
644
519
51
671
645
495
619
650
54
671
107
637
869
635
215
402
922
104
203
596
918
959
270
262
308
548
378
641
220
442
767
945
759
231
575
762
254
906
648
557
716
266
796
468
88
490
108
253
557
460
59
682
594
312
415
483
335
486
659
779
166
309
609
428
344
219
830
979
672
819
229
247
615
674
46
181
18
881
386
938
572
62
301
660
885
273
282
880
470
546
747
503
480
764
217
406
36
310
20
279
470
849
708
91
922
7
783
629
304
534
700
566
885
896
406
452
134
305
677
770
576
529
2
877
625
175
808
401
727
303
45
906
271
137
492
553
87
972
841
687
462
577
843
428
713
435
172
893
990
527
674
80
303
378
829
771
861
768
411
414
937
513
417
503
371
732
748
843
849
572
468
876
892
62
461
413
471
122
654
838
52
896
472
48
918
214
449
339
191
773
198
423
650
450
757
959
715
35
101
545
434
249
145
487
532
355
433
36
402
816
241
196
102
361
476
295
705
195
709
144
242
401
878
588
879
73
484
889
159
977
97
663
304
131
375
456
855
74
874
765
467
292
264
144
264
848
362
368
527
578
480
568
456
263
408
257
717
831
937
167
306
976
775
127
662
654
238
804
673
913
477
268
256
398
273
218
743
628
352
665
324
867
210
509
357
524
238
905
65
544
841
562
682
807
697
558
811
575
707
990
735
603
544
914
507
490
644
271
906
774
658
92
210
80
915
565
234
962
795
672
883
520
873
654
645
56
725
892
566
493
286
832
58
379
99
729
183
450
165
932
626
713
119393.0
121
664
413
802
793
490
98
16
753
133
203
463
490
133
756
922
836
679
608
565
197
521
682
154
265
69
856
303
655
878
799
741
595
924
487
814
569
557
128
119
793
510
506
549
163
811
634
943
389
999
21
334
219
768
483
849
113
86
228
134
680
298
179
581
72
821
713
591
33
773
52
934
629
732
906
516
796
579
889
935
723
217
41
56
169
449
279
370
747
852
195
929
466
42
578
768
412
633
721
476
489
858
543
995
560
230
69
799
349
446
310
692
785
271
393
780
217
932
997
800
762
890
881
583
118
332
30
324
153
56
232
201
236
800
593
264
772
896
743
551
164
469
841
315
100
429
284
644
263
51
582
367
772
35
994
59
648
95
777
574
688
831
666
419
37
463
173
864
388
196
708
246
167
904
915
828
91
238
785
196
869
420
11
331
788
574
2
401
133
227
110
555
310
906
756
564
743
673
108
381
37
54
165
490
223
815
973
908
217
105
756
6
682
558
5
83
101
671
171
214
903
115
569
156
212
760
351
650
46
497
51
747
196
793
990
623
661
130
56
116
931
676
909
207
882
494
383
519
422
953
49
656
115
871
343
81
145
859
189
841
385
352
743
335
920
542
141
719
647
928
153
197
243
760
281
940
995
476
286
135
146
393
302
631
997
183
488
2
912
909
858
38
239
621
734
338
798
851
837
729
64
291
579
373
742
926
59
436
966
708
300
770
522
680
960
910
488
271
785
617
937
501
404
124
221
775
563
436
201
677
742
564
86
349
164
434
834
462
869
830
602
413
117
270
877
817
373
670
334
56
570
929
272
807
637
380
684
897
213
691
222
544
696
470
234
675
657
133
855
425
751
622
451
675
651
297
346
846
37
628
125
119
232
305
964
362
302
756
107
104
453
372
274
867
126
903
347
712
562
817
685
576
775
914
710
853
207
592
496
116
921
494
305
174
10
565
399
386
583
518
612
897
134
898
424
314
398
129
606
172
294
527
896
617
739
231
659
488
105
312
137
259
649
447
915
501
188
420
586
64
257
41
166
282
387
490
569
918
902
216
467
556
688
550
185
524
881
98
145
237
738
627
441
312
679
269
751
125
157
404
665
404
521
157
107
101
367
4
405
12
50
795
154
862
980
265
397
893
919
348
952
451
466
173
350
928
411
171
681
129
412
915
283
924
668
533
50
41
44
80
494
247
340
879
133
892
866
480
713
503
931
656
782
17
212
425
271
263
990
271
121
122
47
894
379
829
601
868
857
378
317
238
501
303
352
407
635
581
501
705
909
222
398
472
682
718
333
92
190
249
867
534
620
677
390
71
494
131
245
291
46
432
513
814
658
937
342
651
712
39
512
635
850
286
812
472
665
279
398
67
323
855
603
319
901
42
778
445
130
348
94
929
519
861
261
789
814
931
552
5
485
698
731
645
911
358
47
783
151
310
769
634
607
355
670
355
18
8
26
683
50
188
679
544
755
692
849
234
873
277
22
156
439
476
537
157
166
251
894
505
275
756
333
459
845
585
384
579
354
732
319
619
919
444
595
185
914
691
648
879
215
303
154
454
607
561
158
508
861
988
469
273
530
838
967
881
33
580
314
340
626
448
745
503
770
246
821
437
464
597
164
361
110
461
963
445
887
782
636
213
65
335
493
180
961
922
61
877
860
217
355
700
692
95
347
888
425
860
138
135
2
584
236
352
875
971
399
586
825
478
823
775
203
403
947
220
246
212
97
773
502
32
123
80
72
714
107
575
398
649
191
932
268
364
212
374
15
818
321
435
747
963
158
126
818
371
626
209
456
893
455
37
346
476
715
993
271
738
747
573
158
475
82
535
671
816
686
469
583
153
337
315
387
757
153
807
955
340
891
497
391
531
152
809
148
863
900
569
419
904
916
90
574
407
88
72
848
828
663
980
536
87
172
157
863
304
978
767
65
358
247
460
870
958
109
8
972
540
709
154
512
394
846
402
259
112
119
746
918
223
307
450
200
379
275
133
395
114
69
347
819
681
348
88
778
918
661
928
107
686
318
156
275
537
332
57
85
864
256
313
590
164
529
892
322
405
784
535
341
534
607
353
571
356
584
731
26
151
36
901
919
124
428
728
262
833
814
989
626
192
994
317
921
191
429
544
262
575
766
769
271
450
913
583
917
995
764
483
461
600
744
738
299
642
204
614
427
961
487
699
802
847
121
476
80
248
322
679
941
178
804
9
999
538
68
887
897
647
771
518
356
711
657
31
467
813
23
475
78
804
72
411
772
703
665
367
131
931
688
782
127054.0
878
759
545
719
958
513
191
71
419
208
620
509
268
40
909
847
433
760
457
560
921
427
993
124
946
132
685
269
729
851
233
687
880
890
664
859
926
457
612
49
542
587
134
500
951
821
509
843
975
977
824
399
112
671
748
815
170
106
409
195
364
287
1
563
462
803
449
645
411
717
497
882
149
733
317
423
901
535
982
987
530
213
152
75
365
358
309
348
567
887
658
993
787
28
410
732
617
695
941
565
293
807
999
974
192
244
896
742
976
407
463
762
388
210
131
847
214
836
384
824
760
809
769
516
467
335
587
395
240
112
414
106
984
806
363
225
987
928
281
562
17
473
503
326
190
525
690
714
968
67
391
326
584
100
949
149
735
122
929
665
852
787
289
445
170
390
611
963
318
203
665
172
27
949
179
886
295
188
639
222
268
366
929
254
270
663
981
365
656
251
649
594
989
900
639
567
511
604
350
364
239
114
929
539
109
866
212
992
124
69
736
41
423
629
749
26
729
621
759
220
292
214
608
76
612
817
544
598
343
459
261
747
172
706
174
610
178
106
145
55
176
581
744
110
549
485
559
505
207
926
421
712
13
940
567
108
413
894
482
789
265
353
496
361
398
569
597
637
10
954
493
228
950
842
877
975
981
383
539
175
363
382
345
571
835
90
909
95
66
823
968
43
718
718
421
285
740
799
723
761
692
255
94
428
95
842
576
476
610
789
82
734
353
692
94
976
550
331
254
611
299
599
247
41
875
848
819
371
968
764
839
503
894
296
798
526
819
542
514
832
900
500
94
304
827
870
62
760
416
134
278
987
860
868
661
411
460
958
194
663
228
545
556
457
711
751
660
183
172
501
770
612
504
628
443
397
151
896
812
649
262
213
435
285
996
398
791
838
823
47
751
449
75
850
435
945
111
800
501
825
521
583
742
998
152
753
34
543
452
16
451
563
652
105
728
570
306
405
564
538
318
984
985
953
155
368
474
176
224
154
791
482
552
672
734
235
798
419
643
304
363
174
126
456
847
463
1000
371
785
6
854
105
941
308
922
410
670
884
167
215
275
459
307
538
593
571
716
178
917
188
802
679
371
260
580
205
310
140
985
316
958
426
15
78
19
29
161
71
26
99
93
826
731
786
612
260
385
869
30
346
802
414
414
260
146
875
548
209
927
175
187
916
565
947
515
466
260
27
788
22
727
337
409
806
774
859
447
424
651
471
40
736
960
92
509
444
226
359
375
226
80
86
142
796
890
810
494
851
420
433
602
293
667
206
327
500
788
583
135
619
241
302
761
458
754
707
889
73
747
165
544
632
450
600
14
164
770
218
449
306
914
392
753
803
85
873
18
591
832
106
503
585
283
296
800
490
120
221
828
13
686
886
529
276
291
98
353
356
131
380
159
869
94
960
590
753
216
947
75
7
44
721
272
561
981
360
131
758
736
236
386
584
544
331
527
287
381
24
990
742
83
261
539
522
610
725
408
236
113
181
333
225
109
563
186
257
19
197
597
509
403
830
354
540
195
579
384
637
652
734
739
700
736
387
193
142
759
669
305
843
425
370
639
469
83
509
18
421
390
898
501
327
146
761
894
869
903
522
678
386
986
373
447
438
274
195
360
494
137
616
649
319
448
366
756
477
789
706
379
290
490
417
665
107
659
906
347
952
994
316
986
665
964
51
155
859
685
934
636
207
967
544
243
303
144
962
797
557
624
497
303
711
89
428
274
133
683
120
721
731
178
31
222
23
210
728
802
639
622
635
218
959
818
428
773
473
450
850
805
440
78
872
861
62
833
397
669
189
490
807
812
60
828
497
633
969
274
792
945
483
553
418
693
621
705
803
868
537
793
223
346
378
658
714
816
757
271
360
82
503
908
604
553
788
195
828
238
529
848
884
600
92
488
484
670
35
455
832
972
909
109
26
250
183
252
394
893
795
106
331
234
485
737
927
189
1
533
531
577
68
691
358
249
373
909
130
87
758
273
172
700
432
209
437
650
43
785
123
916
284
133
633
677
29
391
978
59
995
179
586
586
204
985
511
860
98
141
890
704
297
162
261
322
919
241
448
254
441
382
434
624
400
330
378
414
823
835
136
793
874
484
80
666
671
204
823
891
998
679
195
113
318
206
195
282
638
754
597
845
673
123
383
4
652
365
926
971
403
16
694
334
665
833
699
283
567
359
899
974
627
239
756
950
513
672
254
724
721
658
168
382
102
152
579
37
912
507
735
689
508
380
718
729
78
863
785
455
523
474
725
578
408
429
800
253
465
39
950
175
705
121530.0
870
744
649
739
263
481
201
104
153
277
82
599
364
2
696
934
37
666
858
634
526
373
76
93
630
150
224
343
694
760
303
636
367
803
543
793
893
459
465
123
458
615
624
547
13
850
349
927
620
970
58
339
726
741
749
889
9
131
413
261
662
305
316
562
858
768
554
547
643
741
889
946
890
654
525
452
460
543
576
895
366
264
66
105
589
397
343
305
66
827
120
967
246
4
441
704
5
651
294
579
103
803
787
904
870
259
748
728
42
486
928
707
864
143
431
929
648
802
163
775
275
848
860
429
716
338
444
363
234
71
460
57
659
873
601
289
956
848
808
584
126
447
280
339
928
497
612
763
165
108
637
372
589
167
363
55
34
91
732
683
237
739
367
499
961
370
374
913
208
183
122
174
654
960
348
807
295
224
5
125
763
325
632
269
53
756
455
404
202
291
753
509
429
810
282
660
886
595
633
291
534
175
330
441
434
925
773
959
607
142
111
87
395
531
52
57
755
692
922
151
805
227
796
40
222
796
90
674
904
368
789
800
18
606
119
686
745
168
730
19
626
615
275
49
408
582
872
456
407
860
257
763
208
986
484
14
79
806
28
753
7
330
232
428
108
514
161
558
352
934
256
132
262
875
534
993
580
288
637
204
60
332
41
573
288
155
562
194
155
744
133
114
338
739
619
205
321
899
121
808
316
295
29
512
363
744
972
500
16
816
449
653
971
639
757
989
125
396
283
535
118
596
276
69
506
754
996
450
264
782
316
479
728
365
399
438
59
568
916
861
515
409
679
394
668
795
896
768
446
116
525
960
418
789
743
383
167
981
328
743
973
586
803
464
175
824
160
178
660
555
877
549
410
712
859
430
285
983
565
582
512
267
149
287
866
472
696
765
146
143
615
502
23
772
970
932
678
748
422
877
25
608
617
905
113
706
725
602
712
67
60
648
615
146
19
592
613
371
868
461
51
888
455
909
694
370
813
128
211
137
449
572
585
746
451
277
969
476
772
346
709
210
799
453
723
376
568
398
368
58
269
133
695
312
942
493
303
857
351
287
972
375
752
518
852
580
997
86
304
141
12
608
137
280
362
150
886
102
249
372
599
448
907
95
414
76
252
158
126
92
127
834
869
731
312
167
296
969
324
361
520
446
481
246
658
885
659
280
64
81
153
914
259
989
882
425
641
2
179
76
954
414
942
747
203
854
414
487
353
391
791
762
568
65
505
372
528
423
975
265
477
32
411
796
200
794
632
798
441
414
114
340
955
190
549
557
427
657
493
679
870
259
234
404
187
636
243
115
435
191
117
622
873
586
936
151
931
127
69
251
136
394
780
836
651
848
969
586
791
121
433
525
641
358
844
511
915
225
140
89
720
981
258
195
775
56
353
366
656
335
852
936
201
902
162
812
537
945
246
3
651
684
725
540
542
421
356
808
961
156
48
585
134
406
679
257
844
96
82
657
552
355
867
431
821
767
741
160
525
273
985
125
17
475
709
304
560
146
359
511
738
907
483
448
505
518
6
600
953
784
829
731
220
477
913
182
965
750
267
849
714
316
799
477
32
599
398
471
461
802
847
312
534
772
546
853
314
591
6
315
809
376
979
408
322
224
443
487
339
644
150
365
351
417
958
542
67
752
295
248
131
336
816
156
424
958
537
949
485
377
532
728
852
80
759
896
594
937
488
128
264
454
471
222
208
888
49
627
545
594
176
655
59
366
480
61
524
205
797
731
255
65
719
46
171
735
366
683
418
559
110
993
792
416
530
405
345
840
668
431
411
793
77
8
307
383
411
280
394
893
67
146
655
400
970
919
702
799
671
414
736
383
61
568
371
833
68
582
240
320
270
403
829
661
589
709
886
359
754
517
41
646
999
752
694
862
695
558
380
794
395
87
748
500
708
129
183
829
105
863
154
5
882
129
222
470
551
719
971
295
710
577
863
840
264
12
686
506
451
16
137
283
7
280
414
63
795
692
318
248
522
469
837
492
165
129
454
112
368
187
687
604
713
83
334
895
827
981
742
624
594
165
296
600
444
186
915
872
88
296
94
205
69
921
820
374
8
521
413
417
627
393
467
455
925
882
117
231
976
907
257
122
759
653
283
903
521
942
901
146
655
351
51
260
996
644
737
665
833
634
424
363
128
605
917
871
789
403
49
743
953
601
538
633
353
577
409
871
536
687
707
682
912
579
305
265
47
763
632
228
687
104
649
590
756
948
972
834
688
551
269
713
771
10
24
739
185
513
382
733
232
310
126
773
459
386
73
927
935
605
120101.0
30
829
587
813
975
425
328
193
545
318
124
594
246
34
588
901
53
747
556
719
881
282
788
135
372
66
603
348
180
668
548
638
218
890
177
874
345
418
315
168
947
585
85
477
203
919
159
993
363
920
39
351
755
692
623
870
227
121
252
166
664
329
265
590
301
739
109
480
348
696
203
904
348
587
497
401
290
582
250
848
930
166
241
97
874
302
878
242
72
854
990
927
837
72
190
627
257
603
800
484
440
750
706
909
455
238
232
651
126
573
200
657
58
138
577
997
92
876
867
778
775
938
554
481
255
329
418
450
612
54
638
81
631
955
662
304
852
945
817
488
767
433
935
309
596
485
236
725
357
142
722
297
217
93
391
115
813
93
127
766
837
698
515
597
148
409
901
956
519
158
849
225
665
960
969
732
754
253
713
32
592
355
357
334
657
741
905
330
923
233
446
541
417
876
778
674
716
568
468
259
266
98
364
435
768
907
932
913
483
157
542
151
119
587
44
25
428
674
84
109
239
259
448
87
506
868
254
607
329
300
808
803
884
587
191
726
946
197
864
49
390
617
508
122
530
532
600
369
784
867
841
780
129
942
965
48
318
728
411
698
343
374
701
460
66
475
38
580
832
914
872
153
548
819
324
968
5
212
236
249
627
252
124
586
941
85
117
163
300
843
537
185
627
723
259
122
615
818
591
756
455
195
404
563
437
655
741
496
419
874
448
569
263
621
927
947
369
296
542
593
284
584
955
38
238
710
101
393
823
762
28
441
831
283
754
477
197
568
509
792
875
318
877
456
223
809
303
846
162
196
204
892
16
799
243
373
462
927
502
744
947
524
62
409
553
762
774
161
934
534
508
578
478
674
165
416
137
892
673
491
200
285
225
282
927
538
360
861
802
65
224
482
464
730
661
949
343
655
594
858
140
533
872
941
120
785
220
665
550
134
709
737
251
62
40
500
822
299
785
488
466
929
576
940
473
335
534
90
139
93
805
568
109
658
902
354
102
421
98
419
813
310
296
370
848
303
57
313
393
68
750
113
865
327
720
498
740
805
151
386
146
371
875
597
309
680
34
46
91
217
99
562
588
254
601
66
588
181
767
447
632
390
775
92
126
54
327
222
503
180
134
796
897
804
129
257
701
897
374
416
457
367
158
301
582
876
300
187
235
84
159
888
29
970
529
450
841
39
748
122
518
450
971
847
265
923
893
516
788
339
365
697
182
77
809
455
727
480
827
192
93
12
568
855
125
822
543
807
637
468
301
342
71
151
658
579
546
575
140
778
645
260
115
460
601
608
679
16
127
137
124
607
112
555
381
148
826
51
977
158
120
469
462
863
595
908
173
555
128
152
355
596
403
443
94
529
21
213
513
152
28
928
154
289
743
124
334
314
243
291
736
909
136
859
57
900
455
972
600
61
909
723
821
569
344
401
960
721
763
168
810
558
909
486
660
192
544
69
26
725
480
330
835
524
186
684
929
100
779
335
430
78
252
409
466
361
69
245
308
437
884
837
937
510
198
583
411
608
891
758
578
675
970
443
666
266
194
836
130
840
877
271
268
439
392
644
174
523
686
891
714
344
159
825
156
829
565
556
21
387
129
412
686
312
624
319
57
399
357
648
522
381
727
491
541
505
467
664
895
217
292
319
220
190
800
956
596
961
837
396
568
820
206
150
291
947
714
857
453
61
56
398
378
301
5
866
900
550
823
641
389
729
283
295
533
67
63
177
25
662
362
54
573
54
651
742
524
700
818
459
434
957
781
420
511
412
229
828
65
401
608
861
957
44
399
354
739
217
323
836
5
65
32
479
339
859
801
803
341
468
204
423
769
570
976
806
819
663
624
284
704
308
826
606
959
700
792
442
2
426
60
650
477
847
912
863
724
532
716
801
566
26
951
460
504
129
260
876
341
800
56
59
121
47
743
371
574
731
629
196
598
622
101
810
262
69
614
557
311
42
372
367
932
214
949
149
585
598
677
210
9
488
515
576
235
48
353
24
355
163
63
577
260
13
87
918
374
922
629
541
686
157
326
681
442
171
964
839
767
328
825
267
495
830
229
363
504
613
344
388
169
309
956
500
508
850
750
304
321
919
186
195
199
745
831
813
446
911
539
234
445
300
915
258
873
608
246
584
273
594
836
394
649
622
581
938
15
499
199
816
127
699
446
685
181
491
315
970
558
710
315
745
185
664
204
256
549
681
838
241
683
92
471
617
899
855
460
866
273
514
672
800
676
57
815
706
567
521
929
776
585
271
13
692
374
386
782
988
838
603
127232.0
600
803
760
873
913
405
632
114
958
250
353
692
755
58
94
805
62
806
169
778
669
322
848
200
543
19
187
412
421
733
606
667
881
963
227
846
961
451
991
119
8
518
571
467
725
980
529
966
940
943
659
408
234
768
334
785
495
105
957
207
889
329
230
632
493
824
31
474
517
601
138
875
239
670
969
387
502
643
216
880
851
96
647
141
705
282
719
169
847
878
602
936
791
13
325
603
785
551
574
492
311
686
449
910
100
275
962
561
14
539
964
697
173
41
168
981
358
963
105
744
9
979
945
431
825
288
668
501
32
57
14
127
642
904
330
398
612
854
244
550
668
373
299
267
249
546
364
721
506
86
405
359
166
117
72
186
494
113
571
815
748
783
424
628
153
438
203
861
923
115
38
325
284
973
357
784
401
269
486
60
767
271
439
295
660
722
874
259
558
240
277
599
62
788
872
651
866
543
183
176
818
129
447
467
910
917
961
878
941
67
363
185
877
687
717
42
724
706
883
154
326
245
691
91
394
945
554
544
350
378
743
705
251
492
10
639
200
194
168
120
139
557
646
35
9
572
629
411
614
790
331
821
358
962
365
8
956
790
677
685
669
440
27
514
157
556
419
489
849
890
431
125
657
781
643
869
22
129
184
332
564
335
817
681
711
93
51
171
678
905
317
140
163
730
699
39
831
783
818
815
895
232
70
512
59
698
151
570
715
828
373
660
295
563
103
874
153
213
424
619
477
550
555
5
91
725
366
327
855
711
122
429
691
241
934
435
802
520
883
759
885
245
873
471
104
779
279
800
449
98
136
970
429
826
78
440
514
863
7
684
76
467
348
349
635
765
949
131
632
443
438
536
808
668
62
402
837
972
313
467
569
356
911
336
684
624
743
901
300
66
242
520
980
727
648
955
847
606
332
823
832
551
467
898
136
823
988
600
46
45
116
648
288
68
596
478
14
362
397
416
232
900
800
894
469
352
363
89
965
63
555
648
443
603
753
296
579
425
836
346
117
376
514
317
579
316
866
270
128
47
975
15
824
283
348
449
7
816
316
433
779
295
814
551
905
740
932
61
583
123
733
564
123
169
214
116
328
157
361
416
384
318
621
113
344
140
5
276
580
81
20
812
600
722
83
256
842
993
122
423
1000
425
551
223
137
850
890
242
636
24
425
982
680
938
962
451
530
102
127
22
695
356
199
799
950
843
974
588
709
386
884
780
922
115
825
452
910
433
763
104
914
99
322
929
844
879
773
803
622
384
698
420
512
113
903
565
270
608
91
767
220
355
407
464
40
625
203
37
376
55
260
669
313
527
859
215
262
33
208
194
975
562
211
941
931
817
73
548
83
158
802
629
615
474
692
493
761
122
848
71
140
924
918
247
127
25
969
348
641
332
717
816
708
789
270
933
492
926
997
89
668
779
462
619
147
387
669
815
991
244
259
552
924
451
505
209
364
154
792
691
43
339
763
525
828
733
912
9
152
341
427
73
353
344
259
401
560
183
146
360
726
925
195
488
738
651
998
676
174
790
707
627
275
408
449
330
616
850
193
896
964
239
254
505
46
691
31
509
726
931
528
299
692
818
228
860
490
516
658
325
743
501
681
343
345
408
504
462
719
594
702
335
340
444
685
493
847
624
669
189
798
264
522
185
467
991
437
930
911
326
743
802
84
115
200
853
626
765
829
149
220
341
628
342
994
960
530
512
550
670
515
781
550
306
951
113
974
99
234
689
716
139
725
120
851
792
11
732
104
528
67
883
777
367
241
340
21
868
950
314
756
956
625
96
249
372
953
311
331
779
867
113
2
382
518
885
563
832
705
470
118
351
216
509
612
714
164
625
642
209
567
404
454
680
576
681
898
394
688
386
624
734
275
808
260
830
898
521
916
725
211
19
866
360
602
142
958
972
345
882
366
11
867
11
17
303
29
831
603
112
167
573
972
802
913
88
260
619
302
134
947
398
177
229
943
230
159
649
569
153
746
503
774
587
43
29
580
103
752
94
33
528
144
103
791
851
691
936
215
486
709
150
233
587
10
222
335
880
549
371
623
180
105
921
165
314
203
647
809
330
890
292
502
436
592
865
712
404
455
837
304
163
211
704
370
871
25
935
271
331
288
394
838
205
418
595
299
631
834
683
593
375
538
672
362
884
58
542
386
809
809
778
698
642
493
418
199
989
846
628
142
712
424
713
22
169
761
675
792
173
941
152
38
543
374
811
325
952
9
505
11
714
864
135
743
763
638
567
855
709
815
240
765
734
497
288
349
974
390
532
127309.5
85
766
436
914
419
425
288
178
287
177
705
611
866
81
672
771
6
792
258
864
314
229
587
297
11
102
31
316
502
696
569
578
757
955
556
870
370
365
390
59
118
583
784
477
463
942
185
948
441
981
996
491
269
756
390
773
608
54
194
113
138
239
569
681
619
824
482
381
490
570
23
846
487
597
476
464
878
549
413
803
392
120
742
96
778
217
808
182
290
891
474
839
656
69
864
637
255
614
486
560
576
622
869
923
730
246
684
606
441
610
955
740
374
14
637
989
886
880
580
815
680
928
844
404
354
201
335
461
478
17
813
179
219
859
242
449
265
833
627
548
773
420
54
338
809
490
4
666
47
26
591
260
131
186
55
248
1000
175
333
854
76
724
598
710
226
392
289
833
566
192
434
239
34
933
107
786
217
296
440
40
39
241
208
375
13
702
194
176
11
275
251
526
89
799
448
740
991
636
225
228
536
216
730
521
460
853
251
849
457
93
182
113
930
628
489
94
121
606
309
215
981
163
825
134
264
868
932
525
934
442
122
614
305
393
792
562
541
205
650
132
200
476
146
9
208
635
1000
471
147
859
792
860
105
935
881
48
162
858
237
678
643
347
572
416
903
521
455
449
386
961
254
44
504
779
765
796
348
181
34
415
544
369
910
646
911
73
372
111
991
842
852
148
706
731
652
43
642
843
618
841
753
163
633
606
357
659
104
558
528
760
740
704
896
643
877
882
628
134
530
616
565
471
496
43
2
659
737
345
842
657
419
360
652
223
204
477
418
547
989
806
657
282
759
392
291
782
395
822
775
47
514
942
298
767
193
450
30
777
146
599
850
507
2
373
374
676
817
83
707
460
534
606
547
666
820
445
422
996
274
439
536
450
642
325
579
639
470
858
731
128
161
511
658
678
764
871
552
689
887
746
617
511
458
849
251
808
693
650
630
88
136
707
629
82
215
467
335
341
948
327
8
995
464
930
743
298
736
22
546
41
746
728
900
546
957
299
498
369
183
387
874
399
122
376
999
287
676
352
828
58
995
59
884
228
693
383
983
774
827
457
20
320
925
571
277
654
161
136
386
150
266
616
976
149
723
26
767
197
130
438
634
274
536
99
810
130
803
306
253
95
362
724
961
741
457
279
854
996
940
472
797
511
848
206
426
874
938
195
345
117
862
936
577
979
996
463
722
170
59
29
107
268
26
704
129
940
852
507
507
308
780
711
327
71
168
491
300
435
165
167
269
118
182
999
378
966
635
841
792
356
651
330
454
82
533
495
787
625
92
798
857
312
347
537
193
663
830
54
40
107
894
610
995
507
623
197
419
122
857
249
861
573
718
990
73
741
107
589
773
222
255
722
176
545
633
553
421
69
808
52
969
924
5
327
900
69
703
289
788
363
175
912
584
776
453
906
958
890
824
159
982
684
609
609
354
309
719
727
883
248
243
574
172
351
563
175
96
171
288
778
410
269
59
439
142
811
625
62
461
276
916
129
436
325
14
414
114
95
920
271
716
887
861
423
461
679
752
671
575
745
587
636
893
332
344
394
706
843
843
813
462
258
951
445
888
596
292
568
777
997
826
387
442
761
507
953
995
579
245
346
363
524
761
370
618
338
145
436
699
593
808
384
366
510
773
488
313
697
68
272
10
279
664
87
21
948
147
920
234
322
703
859
626
203
445
792
731
738
142
110
759
358
459
322
550
960
786
460
535
701
51
769
436
331
185
201
518
33
392
696
474
47
387
24
108
826
795
703
891
430
315
887
749
359
868
377
649
884
463
256
317
968
489
195
476
463
355
396
399
879
512
142
944
303
539
936
853
824
711
382
337
394
602
456
649
739
101
543
808
116
671
312
271
677
362
648
984
469
972
474
932
825
223
854
713
866
157
431
139
679
485
49
389
262
163
97
990
924
886
810
388
31
95
103
665
337
322
820
897
58
891
582
225
818
176
92
429
635
838
132
692
325
438
131
47
311
208
553
502
139
720
571
25
665
488
33
189
177
653
83
922
557
682
122
769
938
945
849
259
543
169
110
109
598
24
127
118
951
584
318
185
217
291
921
192
345
54
703
759
401
387
247
336
375
347
857
905
328
817
749
675
127
804
630
196
779
573
900
173
322
780
432
647
150
290
660
143
718
198
698
295
322
500
730
900
830
742
597
654
772
593
711
58
626
506
354
731
907
324
572
109
707
734
706
357
230
980
633
85
190
950
231
179
499
958
803
239
954
17
562
168
674
376
137
788
719
847
663
881
636
9
200
617
642
722
284
670
978
861
474
