500
18
125009.5
961
472
722
888
93
1000
997
327
709
109
88
515
259
90
865
414
766
695
39
882
762
437
44
202
199
751
716
331
534
555
796
365
225
424
973
176
855
170
42
144
526
557
35
921
794
271
427
459
972
720
390
441
332
711
3
25
190
41
136
955
400
451
959
454
421
427
975
347
650
613
83
53
62
841
554
535
121
785
569
688
944
98
449
869
316
59
50
325
290
115
631
872
753
220
594
792
400
687
34
429
51
935
615
280
888
859
564
398
449
73
464
601
596
892
813
843
495
455
129
80
520
741
833
910
331
946
544
719
879
89
730
306
727
662
576
457
906
220
506
991
721
935
248
831
657
816
574
990
645
454
427
480
355
840
381
43
24
306
581
264
655
575
516
572
572
77
34
746
77
493
1000
861
930
197
87
84
971
983
476
880
817
936
526
505
519
105
262
312
944
549
376
932
469
423
69
323
135
49
876
899
976
53
525
20
603
806
603
434
182
569
932
85
42
916
686
958
735
652
174
888
704
255
108
209
963
191
471
321
163
692
685
339
33
823
557
47
326
309
906
854
215
802
654
622
590
147
64
424
360
707
537
667
254
933
800
596
84
499
890
572
19
584
67
52
709
541
440
635
488
234
946
361
70
549
81
505
76
349
65
199
434
249
622
814
785
942
956
567
801
831
411
612
106
353
765
750
839
341
764
218
785
422
193
208
286
847
952
560
763
392
282
616
109
758
761
717
785
342
239
816
252
14
173
787
687
162
718
101
128
203
938
372
261
759
244
323
897
304
769
488
734
722
409
793
902
580
756
606
624
528
705
632
374
125
42
917
313
962
707
604
647
467
850
425
136
66
109
639
155
113
339
503
735
35
499
651
621
402
892
242
926
295
698
395
142
155
246
610
969
243
759
516
489
518
644
97
579
53
737
826
839
164
571
876
546
991
84
555
796
721
251
383
149
906
306
587
175
969
698
810
979
466
732
186
975
414
622
684
505
439
30
95
713
559
15
415
345
241
660
413
1
676
661
74
16
652
741
992
54
739
340
770
88
965
344
141
616
525
766
500
238
931
915
133
677
783
289
294
958
525
190
831
619
138
137
440
94
310
10
723
313
675
320
765
278
349
341
319
461
11
224
435
389
964
157
318
391
101
486
397
790
801
930
659
781
533
472
22
689
854
698
793
405
590
198
111
577
305
276
556
888
541
891
284
329
444
567
858
565
984
106
138
216
696
902
471
692
787
983
23
773
981
878
100
205
268
805
888
383
366
150
126
168
669
328
686
444
976
524
716
748
839
407
336
843
923
687
23
683
727
113
744
70
621
946
940
50
242
507
73
376
521
436
573
335
369
899
330
527
490
451
710
321
903
704
599
236
181
868
308
222
96
581
68
811
390
598
58
790
49
107
473
610
831
11
856
726
996
481
723
48
908
166
803
436
581
423
679
469
332
522
585
459
570
915
665
983
953
998
990
315
951
602
851
828
94
498
929
770
531
664
21
901
683
310
737
450
742
599
606
159
16
149
503
678
244
962
946
320
126
10
59
401
892
500
465
459
465
952
65
151
345
428
921
794
627
197
353
375
150
347
409
57
740
770
3
750
697
146
34
517
921
200
253
929
320
576
893
410
972
784
764
8
729
189
399
402
684
477
229
804
429
39
475
550
635
8
634
868
636
185
348
826
859
518
533
142
236
476
744
375
959
913
104
340
938
148
379
947
886
952
172
535
377
734
215
998
405
795
535
789
204
252
363
366
892
438
872
531
100
990
491
272
869
387
675
439
159
20
224
5
753
868
263
158
78
671
247
276
95
507
23
431
777
544
925
393
155
307
75
580
743
144
961
608
626
153
41
440
68
366
920
969
587
871
775
622
928
600
647
221
608
796
743
54
215
817
953
602
191
14
397
782
646
243
650
824
344
280
494
34
43
939
139
318
682
334
830
177
98
23
907
869
254
221
243
812
828
301
694
373
969
40
129
580
230
929
967
856
52
716
8
552
670
426
648
803
908
652
80
183
806
92
39
38
496
521
731
539
714
884
704
361
454
921
686
506
423
608
985
731
319
783
702
948
80
961
359
822
784
100
817
572
68
795
169
553
31
872
170
770
386
356
220
133
969
502
474
471
931
14
314
283
102
537
913
569
71
210
187
960
151
637
884
856
710
667
880
197
510
685
922
368
945
702
938
198
397
482
556
603
972
862
250
740
789
23
658
392
319
478
104
958
476
518
803
867
475
216
807
713
270
661
273
264
277
373
676
591
589
30
930
391
349
944
624
121
213
363
90
128233.5
120
538
12
175
989
71
538
597
685
798
46
402
235
930
985
562
265
235
489
105
363
536
238
727
186
167
504
609
629
384
38
674
56
514
480
766
757
762
879
849
770
467
106
119
100
742
940
606
976
222
711
589
328
278
182
990
999
997
696
116
954
528
485
538
239
625
918
575
806
413
566
923
721
161
824
426
366
249
935
311
720
933
947
157
954
893
445
720
663
943
901
41
619
755
993
142
563
311
805
596
956
141
706
661
133
109
738
649
62
973
915
477
985
122
167
67
356
583
450
855
925
350
376
143
706
6
305
339
135
828
236
713
451
239
441
532
639
829
444
76
355
148
572
154
848
282
151
101
426
524
640
496
807
200
261
981
699
690
986
798
583
396
515
337
636
959
940
229
287
603
444
159
509
867
422
917
871
11
232
133
588
3
585
593
756
847
646
619
147
372
191
105
994
494
537
742
713
957
152
30
487
973
335
952
863
95
368
540
229
449
877
946
339
145
460
85
815
377
189
127
974
769
371
780
83
868
643
718
968
341
989
674
575
182
508
962
45
721
272
187
362
125
848
466
220
878
591
488
281
355
247
370
134
163
494
337
291
546
983
358
897
363
945
975
645
445
485
343
378
746
891
573
570
398
942
492
960
721
848
702
107
691
67
171
287
107
335
361
285
88
30
362
147
576
773
325
473
598
994
722
596
490
662
870
715
190
965
402
718
636
195
445
518
163
475
199
557
593
143
184
604
990
898
280
724
859
155
966
112
853
704
596
342
272
604
704
441
746
643
487
345
357
559
232
315
374
950
337
965
539
441
358
816
918
927
154
744
58
970
427
810
536
108
552
930
857
821
326
446
967
174
523
683
887
689
327
146
597
541
705
730
680
894
613
553
834
720
431
3
772
789
393
208
438
550
963
644
929
307
119
885
872
600
46
312
74
103
403
949
373
882
708
82
121
746
503
902
120
805
133
685
550
78
909
461
614
774
395
492
556
925
925
561
379
718
496
907
813
361
549
885
377
18
966
351
378
326
92
70
163
416
266
154
18
710
847
803
472
861
560
734
141
595
799
730
209
625
690
212
414
746
98
149
904
766
636
183
769
230
289
875
357
343
139
648
698
390
746
654
902
123
472
854
62
540
685
45
966
760
637
530
280
47
390
510
438
782
948
211
152
129
170
580
369
895
793
223
710
123
494
687
477
341
755
882
652
57
133
160
62
790
932
143
351
23
595
97
276
222
905
826
67
59
995
664
675
183
66
207
729
937
873
883
244
826
227
741
50
553
308
546
134
336
634
308
56
265
936
492
202
511
231
402
423
604
160
726
675
288
936
935
563
921
423
74
631
590
724
546
479
442
237
767
132
179
371
453
856
611
690
259
948
936
834
930
574
449
995
368
863
844
571
619
241
268
196
491
35
32
353
314
182
351
144
435
326
409
418
74
699
9
404
836
473
722
413
226
6
889
76
498
146
90
64
819
929
851
126
537
544
233
943
465
347
207
222
689
160
721
457
647
985
654
573
719
743
963
60
805
973
99
866
54
177
978
510
253
455
446
903
120
710
805
172
76
440
297
582
292
914
180
581
696
261
578
910
458
235
260
903
980
2
480
777
641
708
875
109
122
14
729
154
504
341
184
586
243
407
574
683
380
667
612
464
881
435
119
338
762
435
588
694
982
113
38
401
88
800
187
288
119
126
559
862
50
62
451
556
889
39
764
874
527
571
610
851
450
681
802
559
615
814
205
669
603
155
290
127
323
921
719
547
401
189
9
377
111
816
260
853
563
338
610
723
187
973
813
820
163
932
921
890
645
232
313
152
828
912
795
968
313
320
589
13
787
352
400
871
849
863
623
41
950
420
179
158
235
71
646
397
709
317
46
256
272
718
93
70
275
752
689
679
69
297
564
252
820
664
816
512
170
868
93
908
202
318
298
133
627
890
186
119
618
679
82
766
323
216
729
382
35
27
863
794
509
726
136
110
170
950
15
997
962
253
320
367
291
30
933
905
373
161
565
940
98
512
76
205
857
302
804
326
272
544
809
227
798
673
203
84
574
618
476
397
675
977
891
568
718
136
294
139
322
916
118
870
832
993
614
900
525
578
819
866
79
115
580
505
886
65
542
726
581
947
593
164
973
954
484
822
326
784
747
130
36
274
666
211
492
563
120
26
715
100
943
92
234
543
779
381
311
65
290
847
275
194
573
354
190
627
72
861
150
545
569
117
760
610
831
269
649
695
74
645
279
760
18
384
31
446
788
137
693
631
964
290
949
857
386
882
119322.0
547
465
588
879
554
906
401
429
861
302
436
569
301
123
241
478
431
734
136
919
159
427
530
318
60
840
238
387
967
620
111
259
686
423
375
159
429
241
669
214
193
631
964
929
986
306
111
383
520
742
468
425
929
799
16
107
641
96
162
874
214
449
590
479
606
392
390
471
34
548
137
47
779
849
485
616
208
664
258
622
391
95
19
786
518
42
712
195
828
11
71
915
24
274
358
834
96
697
652
374
640
951
702
311
469
817
330
374
625
105
290
540
361
902
160
900
834
378
775
90
824
692
97
864
433
989
120
592
113
98
175
288
388
748
603
457
717
102
213
952
569
918
195
927
36
685
426
932
765
495
38
579
597
839
156
72
820
285
987
150
994
677
962
694
331
36
617
728
306
484
685
873
515
108
791
179
168
923
686
877
659
958
584
362
115
111
280
310
853
649
208
920
815
504
307
266
856
34
146
919
772
87
348
139
203
952
893
417
203
531
84
50
865
908
963
829
514
653
83
855
591
133
567
251
665
134
302
305
445
607
306
335
947
847
321
114
656
318
173
740
625
873
80
557
70
89
391
560
961
602
39
564
443
740
648
597
799
427
72
663
489
575
553
48
851
643
914
689
250
214
980
516
811
657
834
461
985
234
494
271
311
341
596
837
862
796
843
579
529
976
28
570
721
410
767
611
655
486
88
296
867
432
258
44
479
838
712
653
137
458
815
534
218
751
298
816
772
352
753
738
736
93
384
767
661
73
254
78
687
100
199
460
16
687
381
335
9
188
221
459
144
577
750
843
312
574
539
734
912
530
29
591
821
8
400
783
113
973
356
565
919
557
449
505
764
72
399
694
363
110
713
419
155
120
471
652
192
431
177
339
375
329
822
388
777
153
893
518
213
287
797
701
608
635
521
106
381
30
346
855
288
200
382
913
181
830
891
646
350
656
197
353
247
866
427
563
210
973
631
917
358
476
972
179
237
445
76
601
339
413
438
26
390
666
628
585
720
181
124
404
181
680
407
13
933
608
91
932
481
937
409
744
778
918
503
53
879
497
370
535
662
812
827
154
846
708
250
386
30
632
684
907
951
155
731
327
755
146
331
704
258
708
287
768
705
207
532
171
544
25
551
460
74
933
625
302
147
25
87
413
328
688
245
703
876
523
261
42
494
817
491
860
828
559
744
126
849
376
997
410
491
556
600
181
559
440
207
773
300
939
562
104
529
719
210
361
696
719
957
160
179
978
684
23
531
313
833
959
13
260
796
209
523
694
154
819
638
980
706
785
61
797
305
456
707
902
23
91
485
755
389
734
651
592
251
885
283
280
297
15
562
338
632
561
169
367
523
303
415
613
829
798
67
815
506
583
523
241
614
402
726
145
182
213
150
442
329
78
359
194
217
500
139
846
380
775
388
901
466
660
426
794
117
896
575
753
719
568
188
331
143
531
454
603
851
545
691
943
515
974
332
782
892
984
842
159
281
786
653
429
167
82
655
634
850
741
868
808
916
483
296
26
3
503
112
308
679
878
390
54
546
89
363
767
36
466
747
594
844
97
731
242
990
921
139
544
592
450
870
98
600
321
553
660
857
26
317
782
89
54
67
907
634
196
134
326
942
803
610
912
727
803
787
566
90
315
774
540
844
324
91
404
829
630
626
548
638
688
816
604
886
282
830
791
465
698
682
234
372
683
509
935
252
210
998
989
29
442
312
992
498
57
747
489
187
79
510
295
12
415
220
175
916
327
147
901
645
857
170
25
727
427
414
822
262
563
527
209
411
119
483
691
222
234
758
66
633
125
92
119
339
140
723
771
505
774
630
25
500
84
381
619
26
973
121
660
628
50
858
219
696
922
878
518
758
942
164
939
248
598
659
625
792
704
671
268
524
852
981
321
600
403
115
745
318
709
733
255
401
415
650
53
64
52
783
713
330
857
551
141
950
857
14
293
363
332
73
827
211
557
390
908
452
281
870
298
653
814
229
14
559
32
515
685
929
622
55
892
656
159
737
827
216
2
586
510
558
826
51
782
82
726
253
540
285
714
606
369
661
828
145
482
341
508
293
63
912
519
326
820
675
905
161
124
970
143
132
101
35
74
453
394
729
150
39
880
106
406
498
915
827
213
485
55
543
832
66
73
671
141
842
254
702
923
188
730
403
851
822
513
277
910
726
920
58
876
794
507
173
626
341
980
403
73
479
748
963
712
423
317
449
97
509
481
144
930
670
428
196
666
221
235
600
352
682
156
305
639
440
466
756
779
77
303
515
760
528
176
78
41
119533.5
615
473
629
131
600
150
7
640
850
681
278
360
767
895
733
475
908
242
779
142
891
541
405
618
931
175
725
683
903
377
384
817
128
581
25
758
322
809
527
827
813
345
628
12
647
744
319
524
277
318
304
585
378
280
740
859
931
864
392
210
416
650
437
493
234
609
457
481
181
544
20
979
80
249
953
438
52
366
149
461
588
832
684
237
966
867
553
903
230
930
525
80
881
703
733
240
33
300
861
706
697
78
811
719
559
258
330
717
708
889
113
542
72
142
367
94
189
714
178
840
833
404
364
122
208
15
69
371
376
871
171
634
410
241
840
625
384
826
176
8
714
45
973
73
104
243
908
56
21
598
156
514
669
237
954
917
714
705
661
766
269
368
627
405
240
919
897
270
582
473
945
57
923
802
630
848
18
95
171
147
606
115
562
722
252
812
665
615
26
359
327
3
882
531
685
737
467
919
959
37
309
917
413
859
138
138
208
505
67
386
999
868
435
75
45
242
570
260
912
191
131
772
367
727
126
793
32
625
364
430
872
610
668
163
300
795
304
696
146
280
607
185
938
377
183
957
623
405
668
318
55
439
242
311
883
304
96
586
757
253
686
368
988
968
283
456
948
351
231
876
286
494
362
388
751
513
499
700
35
776
729
755
225
128
990
185
743
323
580
54
500
371
864
490
156
311
686
460
171
768
282
472
704
961
241
129
549
419
673
541
926
486
905
207
671
144
86
613
532
249
483
838
905
195
166
943
10
974
549
904
149
611
230
295
429
612
35
858
453
543
721
521
936
132
109
416
295
214
504
472
896
369
106
900
317
149
445
76
901
434
240
479
763
533
158
857
341
354
846
912
391
656
841
847
455
275
321
610
718
670
530
740
461
598
447
895
498
503
803
709
570
354
941
411
28
809
565
961
387
85
288
780
64
57
399
211
59
418
493
362
535
600
451
44
529
523
662
66
836
113
150
582
736
886
36
556
585
401
253
523
144
876
848
365
682
419
809
730
872
557
953
396
695
912
170
306
889
159
784
57
340
185
799
119
188
892
228
567
111
489
803
262
11
878
445
357
46
599
104
272
815
4
572
784
343
747
475
819
97
225
695
298
112
132
391
730
192
742
242
945
643
524
154
42
434
690
297
940
123
521
450
395
263
255
513
437
797
980
119
214
83
121
640
506
218
787
891
652
406
604
141
412
638
892
379
628
351
129
632
17
201
807
535
372
393
552
147
273
305
769
715
114
161
897
889
732
773
43
212
736
592
744
823
356
575
215
27
80
124
199
143
162
130
576
331
19
723
902
381
337
459
308
610
456
303
84
424
815
829
954
888
592
36
506
370
552
469
780
461
437
285
125
419
235
829
500
284
809
321
546
937
913
893
757
408
550
107
841
794
889
935
412
695
92
494
168
527
23
593
294
138
170
67
22
760
233
93
334
245
656
254
438
121
495
289
371
530
96
473
96
477
148
124
86
235
899
964
147
100
619
654
818
844
295
49
220
278
161
502
585
70
900
985
423
705
702
173
216
441
969
651
936
91
170
187
559
862
325
302
876
752
689
376
59
504
503
139
479
846
948
427
680
541
243
264
907
465
240
766
978
286
69
340
773
918
599
414
110
314
25
319
123
298
379
378
732
904
528
982
621
777
573
888
333
335
395
940
282
459
402
961
808
979
109
912
330
377
739
675
408
759
155
351
816
811
106
721
536
304
32
25
879
469
530
144
955
28
743
574
622
501
754
725
670
282
138
443
107
93
882
976
643
219
203
875
514
382
852
114
972
460
231
130
736
990
866
106
949
627
860
315
823
657
295
841
231
924
898
239
962
174
336
108
29
639
270
973
952
421
763
866
151
157
523
361
94
751
124
443
449
428
329
503
313
825
720
236
128
777
703
499
639
547
266
595
331
717
688
727
644
30
947
19
869
562
193
607
49
604
897
841
151
538
673
438
747
499
89
252
450
273
117
146
646
959
739
756
218
27
935
26
884
134
282
478
419
947
54
727
813
195
241
133
987
635
524
28
216
459
270
57
183
470
433
922
280
83
725
305
112
231
456
993
510
734
842
997
487
612
217
770
127
487
884
556
779
580
872
981
881
237
678
243
786
8
67
765
642
411
184
495
759
46
909
41
142
907
851
650
785
604
692
538
153
919
192
709
178
59
553
677
125
237
124
180
48
40
579
980
455
444
104
79
853
727
196
652
332
813
637
771
906
737
476
91
62
616
478
124
253
760
799
458
667
313
911
319
447
578
456
545
190
547
796
718
293
71
756
168
866
124109.0
528
562
121
932
374
880
39
458
533
377
917
700
388
22
736
522
381
723
241
896
735
439
570
317
587
915
427
225
143
625
865
274
536
369
757
301
644
114
679
125
290
635
420
938
870
277
407
495
249
665
646
421
908
737
228
134
846
235
228
887
707
371
994
603
279
301
349
575
993
552
300
24
450
817
229
645
701
628
209
456
902
256
66
710
183
231
779
25
955
68
996
880
324
212
510
826
192
791
344
314
209
882
853
194
184
782
77
244
212
70
312
538
711
833
321
906
531
244
688
185
608
518
807
846
633
978
756
710
621
192
809
291
92
732
390
389
246
250
263
928
920
983
529
978
858
807
802
941
289
399
699
448
760
839
941
18
490
382
935
209
263
558
347
619
492
88
841
727
699
590
150
876
433
177
540
103
894
847
416
861
693
943
889
261
815
130
519
428
704
668
414
965
334
455
290
286
76
101
929
973
740
66
7
45
115
946
674
465
705
706
52
184
245
968
83
666
596
767
748
879
334
266
136
247
645
198
484
469
684
541
577
473
648
922
890
127
1
207
677
671
982
815
898
709
681
130
38
541
51
742
500
575
606
675
311
791
204
491
134
824
945
711
71
35
250
625
717
653
239
106
647
480
272
697
288
580
970
321
87
232
884
331
877
890
781
839
977
599
992
920
568
648
708
600
455
642
102
542
853
270
257
556
515
111
928
941
377
587
933
369
382
451
397
719
437
773
22
377
962
846
473
233
110
829
305
131
2
125
623
156
87
472
899
705
978
292
232
207
175
431
434
419
402
964
882
637
879
847
636
438
177
605
307
131
809
775
846
991
179
524
295
493
102
515
699
175
330
722
100
149
519
398
614
72
212
816
570
433
285
326
536
293
728
467
660
126
132
505
575
340
679
640
406
667
37
234
76
36
711
872
666
240
783
976
185
803
844
534
176
654
84
426
879
902
98
446
367
856
20
809
970
478
463
49
57
355
164
579
242
509
54
203
265
602
227
620
739
188
537
439
646
682
369
69
930
783
978
748
834
942
907
912
263
890
479
8
120
344
463
462
670
809
258
164
340
681
4
379
992
787
62
945
922
247
810
156
466
141
202
857
731
737
177
803
88
336
170
198
249
11
84
464
972
976
200
217
530
87
960
525
467
659
581
668
564
525
806
30
305
715
874
976
579
582
496
222
7
417
740
420
421
660
779
140
472
422
673
797
377
954
698
211
465
724
265
433
322
771
40
307
711
811
549
59
104
278
444
931
774
305
537
271
697
681
236
840
71
982
527
862
739
790
493
352
641
985
135
10
232
642
339
709
636
510
820
876
626
105
648
124
524
323
925
497
642
496
248
231
360
624
11
806
809
792
642
463
851
146
727
356
94
136
262
196
642
388
614
69
616
117
659
626
25
837
191
748
982
884
436
654
445
896
644
934
586
667
310
655
432
281
134
639
560
487
911
645
746
958
586
886
534
753
852
874
216
185
269
791
439
427
864
229
898
723
152
709
758
928
488
379
122
194
533
663
645
206
516
804
332
75
138
105
35
782
721
382
951
674
676
148
959
396
537
954
87
451
997
477
730
66
774
229
159
846
595
159
234
819
496
12
778
913
265
264
703
460
311
937
186
971
718
788
481
717
533
321
302
555
502
318
622
457
390
578
150
532
282
674
607
507
624
216
977
909
252
733
402
270
507
601
731
837
68
284
386
881
719
392
678
874
360
38
224
409
85
128
594
273
224
278
69
164
680
346
931
816
143
933
721
129
340
387
200
827
337
456
152
177
28
28
998
816
6
235
938
141
776
8
920
223
192
119
242
635
492
725
261
96
712
65
877
587
9
875
974
778
859
132
136
139
353
884
253
528
803
840
492
816
160
477
24
582
427
752
671
268
902
970
201
226
543
337
984
786
143
684
120
274
397
275
331
124
915
221
823
885
407
935
591
51
763
766
275
236
194
325
554
883
30
612
899
830
13
256
821
206
608
817
110
120
71
166
413
647
896
635
444
911
980
198
377
772
805
97
295
523
404
836
777
822
986
806
81
531
436
783
590
224
952
802
82
635
940
553
345
168
559
535
442
696
70
887
302
175
703
162
966
208
829
118
553
240
435
154
397
864
762
258
952
789
564
188
117
14
793
911
17
145
737
226
340
287
749
890
591
841
626
824
234
402
101
853
127
892
533
886
238
399
921
518
397
849
616
224
341
871
906
644
951
313
974
92
420
452
719
959
221
495
643
764
277
264
736
369
337
29
575
531
958
488
197
834
243
267
38
749
233
245
457
74
125726.0
805
395
289
130
148
165
122
453
112
662
561
359
379
930
429
506
86
222
421
54
587
616
689
724
989
23
578
828
6
350
893
645
634
601
119
618
955
890
428
940
713
274
365
62
385
794
89
551
671
400
138
581
591
214
156
944
768
720
388
139
18
654
923
336
197
696
242
327
888
488
826
993
830
200
210
290
582
462
161
513
7
810
773
272
588
726
579
904
232
871
501
188
802
758
328
120
771
203
924
773
991
113
79
755
882
271
674
685
627
974
602
468
594
233
429
159
645
677
547
754
372
478
873
127
326
92
161
208
884
793
517
627
361
288
3
614
738
849
665
110
147
86
290
66
389
281
165
141
912
630
744
629
641
152
695
940
148
621
959
712
80
459
369
414
817
901
525
258
825
471
193
57
511
788
634
869
823
189
570
119
567
98
108
768
813
870
232
619
701
416
163
90
105
470
179
632
467
810
433
110
330
899
404
982
528
9
392
595
707
386
701
788
813
67
722
397
555
311
587
73
53
655
592
801
37
886
248
439
653
483
440
536
994
68
928
884
463
698
61
416
637
239
115
309
692
933
62
557
173
159
126
341
842
325
786
210
708
527
225
105
688
327
295
924
335
408
512
406
822
835
154
437
506
241
808
336
257
748
69
675
386
572
4
18
745
156
441
387
272
26
11
309
500
396
961
263
479
441
128
749
820
446
134
893
349
78
600
440
80
695
734
583
649
228
78
197
906
703
35
193
981
792
959
114
61
864
101
950
819
783
65
449
710
367
219
617
460
742
57
578
352
629
252
72
296
323
546
122
44
545
471
397
998
787
605
301
506
77
687
478
111
584
931
485
151
874
478
181
242
900
906
690
42
917
177
151
924
567
434
712
341
733
543
442
235
887
746
480
488
626
971
337
416
320
907
690
363
1000
828
81
103
716
527
21
977
122
578
377
147
285
244
500
446
180
109
654
32
241
224
284
238
569
257
856
814
656
894
435
657
480
252
799
122
363
725
366
979
875
473
515
159
291
776
933
888
243
350
270
274
150
106
75
55
135
658
959
241
653
89
443
988
131
903
838
447
286
856
602
188
286
451
62
398
775
803
843
707
860
508
198
878
212
296
170
436
724
482
798
510
984
292
592
413
63
92
769
308
934
789
449
984
432
452
275
684
483
357
987
317
237
711
109
422
420
373
745
177
644
641
629
264
428
500
804
273
547
869
274
700
7
684
856
302
268
651
604
517
292
243
736
580
205
93
935
351
696
923
60
279
662
686
704
980
313
454
175
266
89
89
103
201
162
145
614
906
107
9
966
236
327
882
228
334
536
465
57
631
903
882
900
116
724
389
551
664
551
346
710
796
465
516
143
139
110
760
462
897
892
978
740
673
840
301
712
620
624
564
894
70
826
838
310
868
247
573
184
665
18
84
438
667
192
216
100
671
263
277
298
767
708
746
343
937
603
756
353
105
61
87
112
739
154
668
191
890
757
572
219
859
518
366
703
102
194
372
379
615
11
139
537
433
708
380
271
901
750
100
127
571
990
841
899
730
137
826
558
679
373
813
772
666
515
268
50
561
553
40
518
143
985
628
805
717
156
28
758
986
256
821
889
13
80
582
725
13
589
502
99
913
111
529
118
47
310
920
771
579
498
943
776
557
572
339
428
371
485
740
229
655
404
553
761
52
105
478
234
945
668
727
356
820
89
793
664
108
202
583
609
389
36
48
901
228
557
604
773
334
786
233
799
747
850
263
636
136
281
712
133
748
932
344
712
749
266
554
626
556
812
777
966
374
255
501
683
151
908
600
994
155
816
418
846
708
345
142
373
245
909
687
841
745
361
934
40
901
245
211
858
65
887
457
198
258
520
623
105
646
95
699
523
509
420
425
166
745
798
751
120
76
754
367
720
895
233
354
250
768
678
447
783
681
906
539
764
962
117
412
154
806
901
787
317
555
718
63
658
735
207
233
300
542
165
893
762
2
759
931
282
699
929
178
774
811
291
440
367
859
154
891
759
423
163
973
905
397
513
962
207
391
123
496
207
341
527
341
267
190
809
307
258
321
382
647
448
361
796
723
449
969
204
419
49
649
753
619
875
273
886
760
826
754
760
764
901
489
118
992
668
603
225
930
769
882
895
585
18
798
842
32
850
254
632
438
164
945
241
885
133
943
648
347
204
510
10
283
173
743
691
148
492
539
161
464
872
540
80
702
399
641
736
904
866
832
476
652
34
594
507
227
238
995
665
354
531
686
950
454
475
339
423
566
132
206
819
212
163
294
694
306
930
119805.0
112
575
309
837
383
847
708
537
921
369
740
671
938
71
313
497
449
856
407
871
375
314
746
229
940
960
595
141
672
578
182
398
985
342
189
405
472
185
232
120
689
642
773
855
711
269
981
401
571
591
580
415
441
764
179
47
399
182
284
777
787
336
75
708
365
214
669
634
181
559
44
78
25
748
610
711
268
585
28
517
22
270
450
672
1000
335
350
48
667
210
617
809
901
296
632
963
793
782
284
291
783
866
170
223
923
783
991
384
31
104
552
496
622
729
447
892
950
253
760
195
597
570
693
809
786
950
822
785
636
116
636
331
143
771
911
469
998
113
709
943
153
903
33
844
379
690
582
786
919
406
15
289
158
777
894
71
251
355
422
323
282
524
159
516
237
62
462
771
540
610
856
982
676
280
21
216
575
794
459
865
861
898
685
281
156
182
201
381
669
662
459
904
311
630
633
329
703
155
151
967
734
166
186
25
79
990
731
384
814
515
834
238
434
966
697
605
820
654
362
939
535
253
959
141
822
115
966
547
185
546
857
494
279
920
937
120
60
330
213
582
266
848
414
662
481
17
75
519
6
936
737
729
757
618
795
741
614
393
146
986
354
680
451
134
211
538
88
498
17
128
922
621
447
739
463
740
122
267
633
325
741
346
50
941
20
775
944
702
101
913
405
631
482
528
320
726
847
612
46
335
202
493
585
36
403
975
111
595
483
277
56
333
934
761
296
710
533
390
388
863
605
241
844
928
556
100
500
124
277
270
716
511
687
719
231
413
433
160
878
358
609
334
560
832
646
741
276
974
41
474
40
618
840
249
383
664
493
999
555
536
319
482
446
601
68
126
750
727
402
130
610
323
237
114
223
818
410
480
917
292
502
258
155
525
154
194
695
522
949
301
630
566
862
631
785
359
823
42
46
877
825
225
819
909
296
856
34
539
65
809
633
593
674
772
287
414
987
848
185
806
269
481
716
176
359
335
352
644
89
482
827
245
608
711
678
630
495
113
692
442
291
791
527
64
551
840
586
637
311
931
957
962
904
778
606
121
583
430
269
469
795
909
2
62
362
741
695
473
204
805
972
967
54
146
51
253
806
149
349
787
813
860
178
751
624
231
652
210
747
38
253
338
383
992
415
266
567
142
342
642
391
592
709
773
201
438
346
10
894
719
301
791
716
538
235
329
569
333
755
328
65
557
808
107
640
480
258
815
554
994
425
226
355
711
801
398
198
686
396
236
447
783
778
117
25
372
926
959
595
281
654
258
563
696
781
853
923
992
112
916
207
819
208
445
292
955
579
109
948
745
838
870
511
472
61
901
785
176
421
184
709
347
843
518
788
461
102
199
728
535
202
827
806
818
385
615
433
183
852
277
394
113
939
350
548
363
757
177
10
232
44
734
577
723
155
885
624
886
805
466
799
779
192
906
410
646
996
616
597
375
223
564
460
445
907
626
842
962
625
862
925
942
835
830
278
304
397
791
303
486
483
324
240
859
568
585
914
924
909
528
477
333
935
821
461
187
339
883
419
7
129
32
468
923
205
345
502
658
498
260
518
544
230
862
412
517
479
528
64
102
589
142
916
825
200
148
578
720
493
14
939
907
153
183
809
408
611
911
74
974
11
949
664
652
543
168
779
599
104
160
20
497
706
526
644
432
213
810
463
654
879
195
47
832
623
693
413
397
757
549
53
840
120
412
150
699
37
454
518
947
724
71
475
461
214
227
280
232
96
250
554
241
614
277
567
675
329
816
675
145
146
279
575
702
282
343
228
219
879
103
862
828
38
259
682
129
51
73
177
260
805
127
890
677
980
540
381
147
899
122
760
680
298
863
803
794
866
42
380
17
368
824
862
448
68
825
724
986
541
491
430
575
670
915
798
288
529
943
291
181
905
342
411
734
240
801
257
229
274
208
387
156
108
222
186
918
954
756
95
114
732
753
207
257
163
281
785
756
450
645
893
854
297
325
297
194
189
788
193
39
113
248
713
712
742
704
472
849
364
264
344
871
132
184
228
401
338
863
311
870
29
725
394
422
111
663
47
231
273
774
31
604
19
503
495
122
997
501
409
837
816
938
838
177
182
131
477
203
85
74
845
225
778
97
158
868
107
245
83
726
1000
197
443
50
742
882
51
193
91
179
884
422
28
843
526
814
722
847
63
395
299
860
394
970
201
927
255
218
305
486
251
802
527
181
530
842
235
596
227
360
443
103
432
462
115
967
659
531
239
792
149
370
363
417
500
69
272
513
912
572
791
779
352
242
621
845
176
400
502
28
124895.5
793
477
197
215
522
124
690
507
404
697
482
250
136
872
701
485
530
210
55
45
514
665
909
757
231
68
484
770
949
382
165
637
148
733
615
635
709
743
930
911
330
398
442
224
735
704
434
569
399
461
608
535
869
320
47
907
639
802
423
199
947
741
494
211
797
690
239
446
937
517
668
878
962
181
626
363
307
422
146
550
752
701
157
419
399
604
535
982
426
693
939
138
897
733
241
37
766
150
422
707
399
68
529
866
124
136
8
692
343
883
366
459
613
185
886
206
667
663
190
830
723
470
102
253
248
127
339
292
7
892
323
732
794
138
733
466
201
933
55
34
948
131
544
212
743
386
189
154
763
532
748
623
373
188
245
989
528
709
891
655
306
400
695
392
668
944
253
138
764
418
800
43
527
763
83
794
284
256
926
189
87
144
608
683
829
831
591
614
472
375
115
159
958
316
262
594
682
923
308
70
272
881
870
963
264
109
783
628
24
551
614
846
928
100
573
360
672
290
854
156
576
735
928
859
463
805
320
425
38
380
996
537
28
176
240
894
591
724
991
398
450
99
435
295
82
993
663
454
342
48
674
317
960
325
796
270
297
680
941
41
694
358
504
928
441
433
55
553
9
898
308
286
691
276
492
167
327
658
683
672
904
588
888
27
752
185
613
261
846
101
993
466
106
520
671
357
41
461
12
590
380
463
606
999
303
123
641
330
900
659
678
626
77
289
277
306
93
684
351
208
96
823
139
83
797
927
574
910
598
642
637
425
128
227
347
568
174
761
436
687
301
710
903
244
399
212
744
40
133
591
635
288
958
839
164
310
804
43
954
545
687
482
159
356
752
932
12
219
8
934
434
625
253
909
981
270
729
423
536
751
159
837
36
531
150
796
550
392
311
708
92
368
702
411
564
740
252
968
98
209
840
751
285
79
337
125
233
497
575
180
848
450
188
168
766
672
874
225
815
100
419
483
432
853
496
748
41
393
567
445
419
676
922
389
354
417
465
841
185
551
515
184
750
905
262
232
278
428
390
70
736
2
753
227
732
813
768
498
806
475
142
169
991
866
23
234
670
564
922
216
55
108
204
842
226
812
419
766
42
184
537
95
146
221
34
799
584
730
945
885
529
581
180
47
209
788
249
958
107
395
245
325
247
327
859
485
496
905
288
277
511
128
377
477
56
710
270
641
619
771
651
429
788
817
720
482
785
285
856
105
340
690
983
233
13
672
359
376
439
852
733
315
904
817
677
667
9
21
161
767
888
711
655
283
93
65
307
87
8
135
975
278
458
649
574
129
883
985
425
213
904
177
354
609
969
69
594
919
4
784
983
581
908
423
117
543
507
890
344
478
300
200
219
210
262
468
9
843
259
647
930
869
413
624
188
648
248
912
455
678
163
243
121
366
18
39
368
162
497
584
875
227
602
150
356
361
358
309
919
542
181
401
122
455
647
431
141
134
809
44
121
117
932
217
108
647
807
269
248
603
496
621
491
175
788
462
199
19
846
457
41
595
902
173
731
749
726
170
164
909
873
880
812
57
103
597
692
311
254
807
208
362
960
162
948
423
603
534
238
828
187
787
144
167
525
851
539
287
942
966
549
163
763
895
497
520
949
189
579
86
577
101
848
270
26
872
916
371
875
866
800
480
584
433
83
627
888
190
519
353
601
846
14
142
953
313
214
596
211
529
44
143
26
544
759
289
548
626
339
84
383
949
693
571
158
778
805
803
538
745
563
784
50
651
39
424
368
107
873
827
406
766
519
323
822
568
52
811
652
970
932
97
538
727
21
771
697
975
795
738
860
787
716
391
762
461
267
864
404
808
769
341
295
236
685
172
339
1000
798
968
676
209
182
650
953
230
263
28
47
551
327
499
142
105
34
625
125
119
843
816
513
570
119
291
794
157
924
865
622
770
1000
771
58
832
34
162
502
296
844
981
624
313
488
759
829
739
767
263
567
318
333
59
446
598
872
733
968
288
472
983
280
778
677
269
262
255
711
79
538
676
166
206
819
916
9
688
185
204
121
127
926
274
852
616
536
249
287
690
730
231
713
401
175
412
42
948
267
445
434
250
724
128
377
729
70
955
993
801
490
981
734
759
736
926
750
189
239
776
122
257
817
821
603
954
1000
145
469
871
755
800
696
643
464
135
445
102
447
236
982
540
899
132
219
43
777
13
732
757
151
568
449
243
562
841
741
167
337
383
392
654
789
928
936
458
422
17
692
418
913
301
707
687
364
533
685
994
45
460
415
452
478
140
555
720
177
234
744
639
975
932
121586.5
786
437
88
854
190
944
375
401
632
216
47
782
870
123
273
491
287
693
545
936
734
369
441
327
616
873
83
246
981
577
602
463
83
310
21
291
326
339
714
51
834
696
107
806
584
250
516
377
169
596
471
452
161
759
565
187
279
198
800
720
285
170
221
778
735
244
327
482
234
433
63
79
229
803
399
573
542
482
715
355
314
199
130
668
688
428
26
115
804
326
931
946
557
263
679
946
536
870
241
241
847
987
56
224
681
930
287
259
363
96
890
574
589
727
530
890
407
293
143
235
79
547
459
764
513
816
619
637
104
87
986
364
451
854
663
518
715
25
131
965
393
833
262
791
985
626
546
798
898
391
868
356
382
907
567
61
697
251
503
359
991
664
377
624
27
78
341
910
161
632
673
938
966
200
368
290
276
821
392
736
544
850
897
242
236
87
878
455
698
712
848
884
449
611
886
458
640
131
338
980
353
114
680
2
520
807
150
369
602
521
302
87
670
814
144
563
353
794
184
758
448
327
134
194
316
192
237
669
880
554
552
423
380
811
958
24
628
341
580
592
630
944
25
793
109
69
720
611
325
982
845
685
238
681
106
666
63
368
962
913
805
583
687
76
158
534
737
393
341
113
773
682
370
667
294
919
832
306
290
236
190
466
428
964
567
797
642
761
775
881
571
602
918
490
605
683
492
486
714
366
32
459
440
91
448
892
544
646
708
410
25
459
714
752
482
658
547
340
498
813
307
220
732
950
514
29
264
127
48
343
318
512
519
869
425
470
228
160
407
406
571
320
848
801
203
696
342
985
596
477
463
717
346
185
755
780
422
878
663
544
689
573
692
637
533
140
175
750
379
90
533
354
923
21
975
670
253
615
29
324
801
93
469
547
299
194
5
694
86
369
342
703
402
507
572
177
121
96
480
867
241
303
581
955
998
881
103
419
888
787
209
526
404
774
217
283
697
846
637
920
158
496
617
190
291
257
726
642
338
504
672
232
429
512
786
658
279
180
282
457
390
879
951
97
426
844
510
545
220
964
843
913
682
700
165
149
659
480
368
492
285
838
433
62
349
807
334
345
433
851
26
825
957
241
613
281
161
214
893
814
620
988
260
798
727
258
211
231
154
87
276
351
703
898
324
252
379
38
278
654
202
580
254
716
190
520
132
31
614
703
651
854
968
490
702
254
163
405
656
272
248
561
711
200
216
569
9
662
615
829
359
219
742
710
434
263
635
647
911
80
962
617
382
198
906
430
759
940
436
250
409
253
710
730
197
900
396
963
81
886
757
710
315
378
424
778
185
27
149
785
361
871
388
467
440
961
611
41
293
222
701
395
274
631
269
425
303
15
764
513
971
856
451
709
510
604
623
257
527
328
800
114
255
368
151
351
575
152
176
309
435
773
810
632
701
912
234
828
776
390
517
778
672
829
130
600
536
713
436
403
221
529
875
553
492
621
542
879
210
999
288
888
48
815
628
256
663
681
796
315
678
416
312
863
444
613
790
973
918
637
625
343
848
899
866
228
691
922
591
4
696
90
173
889
443
482
996
636
391
264
304
632
470
908
311
585
640
495
91
104
711
215
39
757
330
65
777
766
641
55
710
888
751
145
544
536
811
865
719
901
525
841
372
655
859
105
721
570
697
72
702
441
999
606
299
466
456
850
658
681
526
170
642
833
826
687
780
448
493
436
209
877
271
498
474
790
574
315
304
828
19
122
608
494
767
127
750
177
890
278
111
310
622
249
320
504
559
800
731
218
20
308
344
687
606
341
351
216
378
99
790
950
209
352
211
300
503
108
861
166
585
282
992
611
986
534
343
197
343
265
889
627
291
688
494
901
112
87
134
20
18
800
515
331
238
811
34
895
722
517
505
426
849
856
782
462
279
890
733
130
539
343
638
748
429
748
549
92
137
247
391
272
430
97
412
789
977
755
792
18
99
611
24
287
266
247
222
721
367
695
820
953
219
431
851
329
97
621
839
84
274
136
630
830
828
791
890
970
177
369
258
749
726
73
47
332
430
801
87
829
728
815
5
409
666
812
733
400
588
746
63
690
581
518
532
100
434
459
304
752
800
904
949
346
608
84
751
269
272
110
464
257
378
126
964
860
747
222
630
776
715
208
479
94
242
929
23
135
217
149
299
301
531
891
622
949
213
702
128
393
512
830
335
996
518
893
91
237
175
356
127
743
904
223
709
807
497
697
553
293
685
120
501
536
532
921
841
629
888
690
427
288
725
475
126
68
352
514
653
645
823
904
380
259
341
839
780
401
393
66
124902.5
871
495
122
162
503
85
439
561
73
820
141
164
302
902
790
519
906
394
631
52
243
647
419
597
573
81
869
825
465
328
379
607
171
790
270
615
178
569
684
928
237
236
56
140
161
758
577
525
172
359
744
645
565
297
949
848
513
778
724
348
29
868
574
197
628
819
705
560
569
541
951
851
950
218
230
468
63
589
611
697
589
789
279
284
652
472
284
881
292
646
18
56
764
776
994
98
646
46
217
685
86
7
340
812
71
80
717
746
483
858
207
332
923
266
392
162
320
792
773
782
65
535
577
326
766
121
535
276
588
849
318
542
648
86
947
542
257
899
552
82
927
107
923
171
972
382
847
168
777
598
919
581
834
113
633
983
285
834
260
653
727
354
298
324
78
858
716
107
115
361
700
51
605
752
268
617
492
218
582
175
743
249
122
781
9
814
376
590
882
315
96
124
185
484
219
504
857
931
738
29
786
893
9
900
952
257
315
681
432
443
466
990
597
123
124
466
583
243
67
237
561
615
887
796
460
856
457
290
132
429
568
668
140
101
436
951
497
690
429
397
927
35
768
184
969
945
269
294
935
29
600
385
393
291
939
344
248
712
311
95
166
341
388
913
535
376
49
675
961
898
990
334
334
347
661
17
300
674
338
864
683
461
350
114
207
141
564
201
619
63
404
427
657
591
67
401
402
567
627
615
152
592
583
852
716
51
121
281
837
565
155
582
478
207
491
329
261
696
97
135
418
793
702
136
654
903
932
883
882
703
568
581
406
152
976
560
377
892
793
640
364
583
89
118
342
256
985
19
442
428
291
251
218
822
461
180
555
73
12
368
947
363
641
307
349
933
540
157
365
871
92
665
798
940
640
255
560
436
188
729
810
807
241
421
427
761
1000
288
582
536
728
223
524
544
313
923
622
816
412
150
955
731
648
142
245
200
912
501
4
129
922
461
742
160
166
702
193
202
603
75
451
406
596
747
596
762
897
295
617
428
672
679
113
510
36
343
56
793
689
565
572
23
792
869
869
147
787
379
224
41
859
68
90
218
234
841
39
480
84
439
325
117
3
920
650
232
831
654
905
122
438
200
262
734
805
661
178
880
638
207
74
34
140
146
639
672
540
677
623
990
775
723
483
176
732
801
479
944
350
418
428
384
827
277
539
443
716
929
189
253
534
209
802
439
213
660
136
641
691
685
749
486
606
840
446
354
675
305
177
211
328
861
752
251
572
734
190
299
700
823
737
323
670
853
272
621
20
5
543
742
473
814
21
366
576
142
713
124
266
78
571
196
619
565
237
264
204
965
145
313
727
132
883
507
362
61
262
945
553
704
329
632
792
406
712
585
975
955
452
413
321
191
515
324
465
464
49
724
656
640
261
891
931
649
482
626
162
774
836
787
688
256
486
344
171
144
959
114
829
652
864
145
45
75
546
307
964
370
746
587
371
405
553
379
289
279
92
93
508
1
286
161
357
169
887
825
353
329
262
779
798
525
659
109
372
452
678
109
476
449
581
702
342
138
814
782
632
50
253
974
742
955
243
119
74
575
866
269
918
798
855
388
449
110
781
482
283
489
843
941
597
826
112
220
676
941
247
241
980
900
467
115
82
811
357
561
117
119
256
14
972
160
536
265
134
946
849
527
490
836
269
511
139
345
276
506
71
202
805
367
864
753
947
90
135
398
566
499
968
501
192
207
625
495
445
197
159
709
809
227
388
803
513
547
315
914
895
782
381
750
830
669
418
772
384
486
412
281
868
762
841
623
786
290
157
637
889
689
326
916
574
75
336
672
510
700
501
859
479
844
678
743
936
355
575
556
678
763
973
651
594
319
663
374
801
34
398
830
40
898
37
109
902
688
341
189
127
11
463
420
259
516
433
93
875
575
678
16
984
964
998
734
542
274
407
218
604
939
123
751
835
758
648
958
373
278
576
187
497
896
616
346
423
736
361
668
599
316
764
297
966
117
265
523
533
638
598
311
102
832
326
774
973
148
283
158
79
23
126
665
510
256
186
828
505
578
470
276
962
118
387
187
557
582
420
175
122
590
823
216
397
252
901
475
222
813
762
544
331
330
34
195
442
734
888
965
149
737
120
898
31
760
590
827
221
57
387
728
521
318
869
746
338
955
592
27
441
825
470
904
794
697
43
110
156
119
128
361
957
614
183
216
700
87
50
40
512
829
840
590
551
320
825
871
912
279
686
221
525
713
338
848
365
558
144
93
870
397
146
243
547
757
376
622
405
835
552
523
183
450
612
87
7
716
840
86
995
506
190
928
122843.5
360
560
573
806
715
875
633
345
791
247
262
801
118
87
369
551
522
551
47
984
834
270
345
320
878
868
351
181
280
608
381
298
690
271
574
440
283
530
456
93
865
711
933
943
969
334
827
473
529
544
34
421
324
753
424
138
507
207
369
595
344
100
451
802
110
102
411
523
242
415
801
237
343
733
209
524
164
414
370
225
916
280
826
665
270
593
689
75
395
376
339
954
365
258
283
929
508
946
67
245
724
934
22
257
966
916
468
293
978
81
820
740
42
754
798
757
18
259
943
232
971
368
506
728
224
920
389
800
583
231
543
393
104
870
456
382
544
137
534
891
980
887
397
820
134
637
530
854
10
400
155
475
176
800
32
2
69
74
975
413
563
631
961
726
349
235
714
881
95
639
740
851
644
190
911
397
33
874
79
902
975
807
363
198
946
168
30
503
209
726
134
797
915
488
592
526
303
121
178
999
650
101
772
26
746
815
880
252
411
609
311
95
191
949
388
573
708
801
6
722
386
298
761
256
480
184
323
687
99
551
859
237
133
896
79
112
573
245
896
682
157
970
166
888
161
128
789
624
42
986
439
525
23
752
358
622
733
217
495
860
256
745
191
85
530
724
850
404
633
130
766
669
748
699
732
943
558
306
504
199
775
487
486
823
193
842
122
858
323
945
198
603
797
331
143
549
905
425
235
419
230
498
848
65
597
986
721
768
464
493
562
514
837
747
955
607
180
220
73
898
520
164
745
836
303
163
137
110
944
244
297
470
265
841
462
394
329
82
124
377
399
386
723
816
436
682
813
922
855
522
29
760
577
84
902
888
913
960
514
640
127
663
573
680
926
3
466
763
541
182
964
407
847
112
719
710
919
481
894
337
575
257
530
547
775
302
144
692
811
449
72
809
782
474
555
92
803
269
464
829
281
330
184
778
692
839
417
564
721
928
278
445
726
863
229
330
497
889
499
870
536
625
390
156
112
271
385
782
240
629
583
265
21
406
701
664
41
202
545
394
55
890
163
208
930
858
376
632
946
873
432
891
335
807
520
233
605
547
67
541
881
883
34
22
649
770
645
344
747
879
683
719
30
211
524
354
949
118
142
722
154
939
716
896
784
337
665
334
965
46
982
337
868
895
268
250
424
6
345
664
923
582
978
637
390
481
903
161
480
742
965
729
700
477
465
308
122
310
871
364
319
603
406
122
854
701
10
734
876
759
492
195
881
777
209
184
638
764
15
260
374
697
505
103
462
338
912
932
874
358
50
233
629
605
812
804
910
836
952
983
301
834
486
429
519
798
267
121
123
787
196
820
787
512
81
860
677
44
408
281
327
361
771
573
432
472
279
133
920
610
767
832
263
623
522
510
252
301
456
402
32
19
95
366
891
300
201
292
111
306
835
838
494
653
253
768
119
888
65
350
200
875
97
986
592
774
600
568
416
367
294
654
930
568
901
787
309
909
279
902
883
827
954
876
561
245
566
769
483
178
676
395
664
797
195
644
888
861
202
472
568
386
878
884
542
210
768
855
166
73
274
139
512
873
665
414
19
744
12
131
614
513
440
840
556
603
91
427
781
13
128
111
650
855
574
67
17
795
445
63
312
978
494
168
195
524
178
960
880
910
41
796
505
783
632
28
441
383
686
146
243
452
640
570
686
586
486
828
852
537
153
228
875
850
331
590
15
474
445
442
165
752
747
458
12
712
113
216
803
872
532
169
885
428
284
161
663
167
697
179
560
257
932
267
793
450
336
727
532
324
990
304
615
800
712
422
912
344
446
50
65
844
14
364
509
310
692
57
130
70
378
163
733
645
547
543
248
147
318
251
717
779
199
593
853
934
114
105
128
75
341
863
936
314
812
761
417
974
537
609
551
399
252
948
249
434
352
888
357
31
3
235
416
820
319
823
234
147
315
288
203
162
800
70
179
708
588
908
613
68
416
616
422
185
517
283
985
722
273
802
737
849
421
406
411
280
461
679
595
73
678
127
531
901
670
910
960
964
927
431
1000
646
298
186
14
507
599
629
315
846
442
736
177
328
57
883
775
345
957
867
261
751
122
515
973
277
6
487
586
583
410
881
481
273
774
75
563
294
96
38
920
306
610
227
374
920
286
209
406
768
844
313
201
16
523
879
745
79
725
32
201
251
229
833
515
974
436
618
574
369
671
698
966
960
101
962
731
133
706
328
165
766
289
130
98
636
993
709
385
247
32
86
1000
393
344
815
835
664
662
825
160
203
910
411
828
143
677
379
549
559
382
957
552
317
128
830
500
446
955
46
127777.0
344
341
396
142
1
69
623
699
699
707
527
276
597
986
551
364
783
434
621
59
417
801
425
733
360
143
542
805
919
456
445
657
75
674
450
465
788
515
333
807
798
245
872
58
813
729
261
431
760
445
51
591
636
251
194
800
382
882
761
500
523
876
432
129
396
945
306
561
802
618
973
725
800
246
76
395
285
641
445
812
672
725
92
404
272
372
736
951
449
717
641
35
994
833
138
106
349
129
537
781
804
129
923
827
889
144
828
729
46
958
388
246
196
254
941
162
867
789
168
843
304
582
173
278
349
53
479
236
74
810
94
618
151
193
730
681
112
947
526
86
711
110
401
239
587
445
712
164
818
620
4
615
35
276
201
972
565
879
659
530
322
312
503
258
569
697
311
78
1
423
424
223
389
893
536
630
493
185
118
174
134
137
367
892
883
839
303
544
205
279
284
136
571
570
757
547
262
976
414
94
658
925
237
954
268
96
578
789
730
357
655
936
629
122
163
391
226
170
683
235
437
641
615
770
487
853
711
367
829
522
546
848
92
18
732
916
684
775
276
260
903
102
358
18
579
835
576
457
775
10
785
503
752
237
691
326
437
693
727
43
811
205
429
876
419
300
770
634
476
891
488
360
920
339
876
119
781
610
692
811
991
520
858
249
510
239
578
133
697
74
479
312
901
653
802
409
917
636
988
511
269
439
876
960
975
59
110
308
452
565
481
514
83
298
404
411
825
821
646
194
107
791
874
154
863
845
862
858
882
738
354
529
406
227
478
596
300
886
275
583
184
691
176
266
738
276
868
118
734
416
788
310
421
961
660
51
363
47
958
368
982
406
589
273
178
915
95
332
166
781
393
523
854
901
51
251
788
579
335
683
587
643
534
360
590
636
640
296
693
530
649
94
483
447
293
902
474
792
856
215
307
606
304
207
981
231
60
506
1000
96
464
482
867
133
46
650
52
106
8
196
792
447
689
774
790
655
618
231
232
448
576
815
431
503
262
243
698
751
786
592
371
194
754
763
984
76
213
305
215
27
892
163
313
110
155
729
720
419
700
558
497
108
967
989
299
190
360
617
374
115
167
204
440
842
801
634
165
946
634
265
703
117
920
119
732
720
523
665
631
987
80
656
149
181
980
819
945
920
575
361
671
416
620
274
686
428
175
740
966
327
653
366
544
535
495
780
527
713
443
668
884
418
324
878
75
388
419
318
510
143
144
883
381
270
189
760
932
204
345
649
593
336
123
866
833
723
434
113
588
673
796
766
224
335
770
148
529
163
890
50
592
170
913
493
119
189
61
978
430
298
587
236
111
490
519
159
103
938
864
802
630
564
336
465
676
450
847
956
137
391
452
124
418
380
70
520
912
652
234
673
531
968
151
601
129
600
642
679
107
685
900
69
366
438
832
315
503
164
786
709
923
158
922
19
647
128
946
342
744
568
452
434
566
407
344
290
139
93
213
123
488
258
892
119
718
738
837
195
367
888
162
556
974
212
177
256
396
224
461
599
475
582
251
101
171
695
809
77
385
882
5
846
397
143
86
651
905
207
50
833
84
492
589
248
987
449
210
501
730
921
641
830
60
76
337
963
308
154
482
857
289
112
437
846
61
472
580
5
944
37
147
184
910
255
28
917
30
694
76
895
258
511
776
348
630
427
962
208
794
511
532
763
360
135
893
421
567
587
456
556
570
229
738
505
867
323
923
871
319
67
47
887
313
534
958
839
633
845
180
876
47
819
585
785
83
477
440
317
799
578
534
646
364
188
31
530
22
599
383
955
89
221
586
627
941
607
1000
953
859
925
917
927
890
278
903
451
814
826
200
811
486
148
57
341
871
86
449
900
749
974
816
223
270
778
496
212
453
93
188
449
314
602
917
86
164
540
214
177
244
997
588
708
599
102
303
183
819
915
492
659
4
904
493
880
951
198
505
77
799
904
844
284
600
869
500
736
15
323
707
287
290
200
897
624
625
737
166
298
572
858
125
822
539
106
284
98
493
49
499
609
505
299
917
776
393
440
724
296
932
162
754
292
740
766
437
171
937
676
307
217
347
192
272
489
516
676
790
474
310
498
907
121
234
730
498
896
596
699
273
885
693
672
640
822
132
134
568
865
1
137
852
591
399
962
890
21
318
955
393
982
282
790
441
108
295
3
499
324
175
725
307
228
454
85
727
118
789
783
407
678
308
227
111
883
876
323
913
260
111
786
678
932
808
546
259
280
415
305
189
270
460
807
554
499
154
957
214
687
818
484
657
118
926
653
409
231
289
571
552
949
123249.0
534
746
184
847
644
961
31
210
401
263
539
681
712
31
339
602
401
610
29
908
251
267
390
212
707
791
804
112
702
493
704
319
529
285
650
606
293
426
788
203
949
738
655
875
38
285
29
484
9
563
814
324
999
826
807
204
46
116
54
490
295
43
606
959
285
97
888
361
799
415
929
274
576
667
997
544
546
260
785
91
423
192
967
499
674
603
13
100
822
351
431
924
686
212
132
892
730
827
566
169
637
857
796
114
932
934
783
311
215
108
464
843
352
711
399
897
63
228
364
103
334
421
340
765
437
912
675
825
244
115
23
429
14
897
222
239
944
100
59
873
339
919
241
733
131
567
261
784
861
420
45
287
129
633
389
120
171
115
771
517
845
630
49
774
448
313
705
831
39
592
298
799
749
72
20
423
47
863
708
915
330
929
521
165
61
247
919
549
686
729
668
894
233
398
95
381
137
113
939
925
24
82
845
115
762
867
475
249
539
570
456
158
215
875
191
583
165
736
159
822
833
305
901
289
263
197
64
566
740
394
44
95
847
890
979
112
579
280
86
749
131
991
898
968
683
203
614
483
171
900
342
412
234
860
598
636
526
376
110
907
320
816
30
219
550
622
868
376
790
194
498
583
364
758
215
877
451
467
437
207
479
457
303
737
43
748
833
918
469
885
244
615
780
306
444
621
961
309
544
502
864
479
828
92
447
990
976
690
100
442
195
576
539
655
974
659
596
200
618
734
486
155
647
916
667
97
172
202
691
305
366
522
743
680
382
435
901
98
246
395
390
273
586
770
822
634
643
967
28
608
598
662
79
25
307
967
366
916
836
673
214
575
995
769
806
25
413
627
364
129
998
437
258
142
696
661
954
402
209
242
460
362
908
732
13
305
974
673
526
393
29
816
193
495
457
138
167
293
756
739
315
390
251
773
444
846
827
584
505
833
775
522
534
818
362
268
96
913
267
728
223
476
422
269
146
342
328
810
746
511
491
150
214
596
533
703
688
231
916
348
785
823
593
270
229
950
349
637
99
907
628
924
470
919
565
186
249
589
394
531
141
979
178
45
468
825
402
341
291
885
336
841
684
216
870
439
144
30
979
681
212
963
690
915
285
190
180
388
670
89
932
341
185
795
646
193
387
108
684
629
52
675
142
763
126
558
906
220
593
613
723
666
583
473
990
202
600
276
283
359
62
520
513
72
637
678
733
662
44
818
54
85
507
762
592
223
992
874
479
403
790
591
120
130
509
290
491
885
236
294
240
227
18
701
348
886
155
896
975
852
648
810
614
551
399
813
59
28
814
764
103
682
965
544
572
873
436
139
848
190
222
496
593
544
354
571
114
53
953
623
709
812
870
540
527
496
497
332
401
293
32
17
885
489
855
478
634
262
98
241
634
935
524
498
51
763
965
918
129
252
939
792
407
972
39
787
524
696
921
507
77
638
671
510
20
617
596
860
808
863
71
720
541
797
253
181
486
845
648
73
702
399
208
873
336
837
940
682
477
385
259
409
366
908
125
284
202
949
116
43
588
54
616
817
472
352
823
815
36
241
687
509
97
766
154
507
701
514
663
58
534
105
860
971
777
63
35
897
343
175
758
942
416
143
713
580
22
911
194
952
811
894
866
727
512
156
848
396
35
65
437
473
479
623
662
525
190
701
728
411
238
258
596
890
948
609
637
419
424
413
421
729
301
411
733
599
850
48
561
844
766
164
455
499
900
179
598
127
734
131
958
267
258
147
505
504
722
589
560
346
966
344
634
839
476
419
665
460
629
3
665
743
764
308
812
419
71
122
115
145
641
63
486
635
88
506
582
187
606
186
90
810
521
620
268
851
398
159
321
111
212
835
545
311
307
806
986
813
580
453
178
470
950
900
167
522
238
730
791
87
278
349
929
920
999
885
805
7
808
367
266
59
565
93
921
789
957
963
439
19
274
692
112
179
780
230
34
640
964
795
903
849
801
395
663
302
998
738
882
173
319
248
687
801
453
925
144
981
29
395
965
606
331
138
794
545
374
700
228
795
907
610
922
281
530
806
28
380
57
719
705
907
944
519
734
238
314
605
608
449
825
853
678
315
323
117
294
340
590
100
662
359
46
230
190
831
240
59
324
840
155
487
467
125
888
953
796
101
292
61
539
250
302
979
705
946
816
695
570
284
382
808
652
972
828
797
584
273
193
314
845
851
441
148
221
763
199
663
630
125
420
16
463
539
369
705
331
713
768
653
190
254
684
401
811
128
821
268
961
598
527
918
130
268
497
681
945
481
47
139
123971.5
995
322
764
151
502
95
409
691
542
802
532
332
600
875
254
383
973
392
986
144
540
652
793
833
940
119
351
872
172
448
767
670
778
651
692
313
84
622
878
878
984
283
684
150
179
725
931
494
495
458
334
580
997
103
99
742
301
815
976
514
148
867
502
138
483
889
660
633
562
499
751
664
473
272
923
398
94
724
715
818
515
823
3
416
738
379
13
830
439
700
716
50
834
845
186
77
35
210
13
754
303
241
859
822
698
160
313
769
577
849
358
205
777
273
410
78
942
699
38
960
75
643
537
236
607
4
932
233
155
895
40
495
925
131
541
808
229
942
664
91
668
97
105
345
517
446
894
220
228
653
203
756
456
298
898
789
925
841
953
552
101
385
714
213
808
628
427
113
792
445
731
227
474
975
138
483
873
97
193
138
368
135
166
861
524
821
143
396
28
353
902
144
182
611
240
522
532
888
887
59
774
912
287
792
82
92
763
783
129
510
539
747
844
82
872
474
147
361
841
236
574
743
46
781
162
856
191
381
218
511
803
952
110
43
139
987
552
640
20
172
241
61
435
89
646
878
566
485
240
167
945
537
541
98
876
399
104
676
641
90
845
203
705
878
315
440
659
655
836
821
130
341
97
237
670
183
466
595
153
798
585
582
754
289
285
221
129
43
465
206
578
346
105
776
174
467
98
732
388
568
870
497
29
917
747
69
405
322
78
553
216
491
305
378
419
399
551
721
879
233
42
747
289
64
277
811
985
854
949
751
855
385
460
357
863
639
972
887
797
566
469
744
63
208
96
436
194
55
423
343
173
329
445
948
793
130
357
33
580
307
598
371
478
148
505
924
726
403
86
866
231
587
912
760
676
351
40
664
17
804
525
575
762
270
499
639
351
238
992
536
618
224
202
408
190
807
479
664
480
184
607
551
683
216
114
190
211
337
880
189
999
492
993
105
711
746
212
88
793
183
63
580
586
821
341
559
788
95
585
451
964
807
318
444
994
208
860
716
559
559
653
99
741
712
936
128
119
264
285
190
396
116
113
41
555
897
521
389
585
394
323
92
136
958
885
131
778
633
642
126
941
88
490
722
421
599
334
875
659
274
502
42
517
143
849
833
37
661
549
901
510
673
619
109
54
739
974
902
759
462
9
262
200
304
58
492
334
723
675
309
354
384
938
447
473
788
228
775
353
568
858
491
67
919
513
315
760
352
463
189
363
891
65
232
7
758
735
106
2
596
660
353
100
837
1000
804
144
156
613
610
621
829
756
282
768
97
580
131
446
85
461
247
53
486
695
168
14
924
522
158
755
291
320
419
849
138
763
886
850
869
896
593
891
409
297
334
719
998
709
428
941
149
548
459
69
532
378
643
540
721
660
917
92
504
557
490
945
721
26
659
824
43
698
441
11
227
110
132
873
676
637
125
927
53
427
247
392
298
618
479
879
445
82
523
733
433
661
215
168
96
15
275
507
274
277
752
829
109
695
961
388
542
856
123
823
117
125
374
284
601
241
494
162
48
144
813
305
40
955
857
660
1000
511
121
741
706
876
223
565
805
641
435
360
178
199
407
363
467
444
908
448
949
270
10
672
883
872
163
235
784
809
63
258
770
974
472
522
175
444
68
915
179
718
242
603
845
577
617
489
921
534
448
111
330
29
453
939
365
830
681
78
787
652
21
350
406
15
543
102
546
278
365
599
589
840
433
325
966
17
126
339
746
265
524
254
865
559
906
539
880
623
796
135
809
444
508
467
371
173
664
225
719
941
248
669
647
729
595
294
979
534
265
693
691
670
625
523
931
740
771
737
874
857
453
163
551
134
890
176
767
438
234
60
450
207
202
125
783
442
823
198
251
305
655
299
249
403
145
618
543
382
620
615
32
51
577
592
311
740
949
86
686
757
127
814
144
719
984
33
703
762
894
756
859
892
308
65
74
266
986
736
334
782
755
957
814
621
272
254
222
616
215
792
560
241
792
87
242
40
831
65
735
889
192
510
47
659
14
126
606
996
429
295
891
851
435
871
249
859
244
159
394
671
748
359
283
836
520
57
298
787
89
171
561
237
663
504
397
3
651
393
203
438
657
335
918
446
621
384
914
922
686
577
807
322
107
142
887
924
243
554
528
940
779
399
60
317
853
195
849
348
679
450
108
853
87
558
233
441
751
257
142
602
3
296
123
87
742
726
759
459
180
789
803
955
228
786
373
564
798
635
978
112
496
630
219
241
307
586
347
28
699
784
569
912
823
841
643
464
380
696
42
882
730
65
324
613
473
10
922
129977.5
325
658
463
774
758
875
726
277
483
265
875
688
685
186
662
632
458
629
789
948
241
287
778
198
563
806
458
83
327
508
686
381
248
291
283
722
854
392
241
169
189
747
198
930
374
278
880
561
446
491
579
369
304
871
712
181
826
223
376
582
328
230
967
798
848
54
44
345
514
414
542
325
720
660
574
576
658
249
587
130
495
154
731
529
428
617
246
248
418
330
536
948
256
136
415
838
140
812
900
311
374
692
749
185
777
834
854
265
725
184
163
726
923
760
575
962
618
286
639
136
310
325
817
730
827
951
876
790
974
60
92
558
657
827
449
133
257
137
252
846
766
840
297
684
476
470
741
773
931
377
989
176
590
608
726
238
630
190
943
540
298
655
157
788
707
345
990
902
223
618
75
848
605
28
410
516
201
988
869
846
132
799
962
90
473
255
99
674
52
612
95
946
27
438
506
524
470
101
916
943
66
127
802
125
601
811
741
278
686
472
984
159
827
927
338
620
664
702
390
711
554
257
971
315
569
104
549
596
19
509
837
48
660
900
184
4
761
263
418
804
197
843
414
828
900
110
335
584
389
735
243
492
643
999
902
555
438
372
932
863
442
719
970
195
94
524
294
250
293
204
785
741
615
711
816
889
644
379
762
216
686
488
136
679
352
870
961
976
151
774
222
661
867
267
779
560
837
203
493
446
436
495
472
43
332
986
147
672
273
392
544
444
887
546
1000
625
671
187
899
855
863
273
938
976
595
283
167
64
299
335
736
551
737
711
90
442
272
30
497
446
148
326
526
832
423
504
28
846
971
674
377
709
434
41
605
870
806
921
349
776
723
602
938
777
385
44
572
577
479
203
767
353
445
201
906
601
914
261
206
234
257
472
489
724
615
421
970
824
381
386
620
749
519
541
880
184
918
277
183
806
261
382
522
812
455
781
243
739
755
782
376
480
538
939
903
289
950
909
231
790
413
410
824
249
466
426
587
983
325
462
164
264
693
518
123
816
148
333
400
371
310
858
894
335
373
777
231
719
111
814
668
805
746
980
996
124
127
569
140
513
457
955
933
111
359
787
35
407
968
960
621
980
612
343
758
358
248
98
695
724
194
959
724
858
219
100
130
433
663
120
358
325
145
812
8
168
175
111
816
515
914
682
620
629
961
543
934
183
879
785
639
554
787
548
168
271
390
241
284
440
390
446
925
110
11
623
198
691
622
901
619
73
998
853
397
213
533
962
624
403
96
693
345
211
953
241
739
884
523
301
847
217
537
757
724
860
953
787
729
925
117
703
538
484
925
890
705
70
990
841
708
795
408
676
827
835
569
152
279
218
909
401
377
521
778
747
279
43
80
672
290
893
502
458
795
404
813
277
189
270
981
58
691
485
384
454
37
234
782
434
428
909
315
525
759
673
707
943
409
244
835
919
341
906
964
702
779
760
200
578
198
513
697
378
903
528
276
707
724
926
773
712
242
631
621
174
368
877
166
95
857
389
517
864
907
803
556
637
593
419
174
460
327
966
66
95
592
992
47
93
313
76
306
841
17
355
661
682
523
232
141
602
508
761
504
588
597
465
775
119
277
49
265
935
371
100
811
758
343
123
37
873
46
231
210
489
737
835
945
880
390
913
180
845
568
131
307
346
954
112
898
576
139
769
141
558
316
663
575
280
888
239
959
949
64
689
414
415
769
530
814
686
41
494
414
479
350
102
412
829
637
291
660
455
921
137
737
89
771
118
845
285
550
228
121
568
623
648
226
357
793
294
275
845
117
315
994
414
669
10
727
726
795
368
500
407
224
39
235
237
442
195
625
522
840
456
613
106
376
315
894
822
201
491
644
863
227
299
166
91
139
734
754
435
833
666
173
806
92
553
725
474
320
918
852
350
670
783
336
10
310
248
982
814
318
899
643
93
758
326
200
108
318
125
448
768
896
996
14
44
256
575
612
148
225
135
674
726
512
766
354
833
88
496
265
110
352
824
583
189
157
215
312
856
277
881
520
887
852
406
745
517
219
152
582
634
933
831
593
664
796
611
614
191
646
659
530
392
147
657
758
979
960
400
652
304
684
582
486
369
142
779
148
346
575
141
84
413
890
86
944
248
571
120
213
858
909
29
54
750
777
524
270
167
261
869
745
88
845
151
605
327
8
890
152
999
112
867
710
309
564
822
584
960
61
928
759
247
280
148
807
880
742
170
695
856
488
685
360
156
319
110
623
556
291
780
801
662
653
697
30
336
63
339
135
228
303
435
149
527
934
927
254
213
904
771
180
495
344
132
122201.0
997
431
530
180
148
77
201
637
439
697
882
305
578
836
842
319
245
357
303
137
519
647
102
882
676
129
687
880
955
461
215
620
807
620
551
365
112
621
263
845
350
163
242
86
371
627
428
362
740
547
516
710
173
53
7
783
398
826
285
440
257
834
305
287
213
924
106
606
199
564
210
597
738
388
159
429
833
658
863
890
929
898
699
454
574
308
178
741
932
750
214
54
912
786
414
212
736
168
430
741
227
372
932
841
623
71
803
779
371
901
942
293
618
179
955
6
968
694
705
765
941
597
30
262
781
106
198
261
367
866
870
442
402
205
390
822
348
929
435
68
710
89
820
335
849
554
756
252
266
614
210
724
279
478
54
829
588
885
771
552
861
373
305
272
90
748
235
92
452
454
963
109
639
888
985
558
435
11
712
148
240
209
414
911
515
752
2
370
988
368
630
63
960
466
507
472
170
970
198
35
74
856
449
856
796
279
402
655
549
524
971
892
473
27
325
425
693
325
176
293
614
732
58
774
347
799
949
388
702
571
952
871
828
155
454
944
270
662
544
143
57
88
144
196
819
905
287
321
69
311
213
482
240
7
52
506
277
629
55
143
482
333
628
800
4
387
595
722
118
751
201
323
354
327
801
155
499
681
86
855
616
487
901
373
966
131
589
1
980
318
668
301
560
788
955
507
45
806
233
538
106
563
805
918
58
114
731
277
454
640
323
457
465
487
599
352
938
766
55
241
407
677
600
67
90
723
424
862
872
660
787
421
749
384
470
462
190
886
538
474
85
660
483
214
63
435
429
141
459
401
633
228
144
962
212
117
236
29
689
174
624
387
429
318
48
946
471
515
832
870
246
560
801
805
343
379
376
745
308
673
150
529
115
311
441
583
169
241
971
654
478
298
378
362
180
787
184
676
865
108
380
532
285
141
950
176
858
335
842
274
618
493
862
107
122
641
297
123
914
179
28
666
811
773
221
570
776
52
209
537
183
831
329
467
988
163
241
636
621
580
247
143
669
731
503
136
55
258
692
135
303
118
14
48
746
864
529
485
422
508
838
6
923
940
893
246
810
530
206
107
127
59
426
729
208
599
803
996
663
259
383
83
828
178
793
982
44
560
342
939
438
579
938
229
866
745
190
972
516
413
832
417
759
341
80
435
138
734
934
151
585
470
708
529
868
659
992
758
690
645
463
605
529
985
40
329
99
324
6
116
878
1000
221
109
525
796
959
34
862
681
583
220
607
727
518
684
391
164
608
797
943
848
56
162
841
183
176
183
839
172
459
334
269
548
705
23
794
885
832
239
184
139
71
297
544
78
893
805
412
814
413
511
478
449
628
178
652
907
191
248
21
161
530
565
903
658
708
792
228
709
442
949
4
596
93
626
679
758
54
576
331
5
731
486
481
374
688
125
922
721
176
146
695
142
27
339
911
339
136
343
678
465
228
545
7
545
606
360
219
154
607
252
864
310
740
886
124
157
214
905
869
541
569
161
157
157
536
429
565
625
879
572
724
46
447
921
243
60
258
819
698
891
766
199
344
702
909
360
575
762
829
428
837
191
412
409
373
532
88
878
793
892
813
39
696
874
132
317
107
931
87
186
738
866
194
534
496
94
947
184
887
40
911
110
179
785
401
633
770
964
761
445
188
312
75
359
298
408
913
819
215
735
23
37
199
302
661
580
518
505
608
315
564
576
268
613
433
927
719
183
640
691
259
645
418
771
611
958
430
856
425
738
371
676
654
428
798
420
77
711
732
790
316
71
30
716
771
592
336
985
714
174
130
630
216
527
861
923
297
835
219
756
789
493
852
508
826
986
851
731
626
185
177
474
559
119
416
611
327
892
165
236
925
616
90
265
353
278
55
353
568
565
312
61
4
588
90
277
737
960
573
798
433
107
811
60
695
870
818
666
20
952
42
855
82
157
678
94
299
990
474
460
118
932
491
932
153
215
791
192
58
140
739
594
907
797
422
180
445
742
989
736
406
125
926
83
15
151
139
640
869
569
208
822
557
448
959
91
139
338
622
484
172
800
604
418
398
623
623
261
883
21
370
558
271
683
535
445
380
579
936
210
455
633
963
784
190
564
178
895
340
668
971
890
994
208
680
911
10
347
710
493
381
812
255
125
72
917
673
816
471
588
342
32
470
3
12
229
740
659
228
263
177
62
495
13
999
800
135
864
909
208
170
794
123
149
305
361
426
907
532
853
355
387
532
271
326
362
891
247
125
756
876
579
988
768
819
632
701
547
745
65
432
736
965
189
348
564
296
910
122697.5
412
518
421
811
356
908
676
322
414
351
437
724
387
190
43
770
745
677
817
879
2
385
127
193
330
844
921
67
951
567
379
291
435
289
36
685
125
416
249
230
564
892
778
835
216
294
560
559
931
442
542
372
292
948
808
214
707
110
766
528
936
198
627
688
174
167
103
365
328
450
614
474
9
659
593
490
322
269
625
108
144
95
320
566
477
785
718
227
232
237
478
900
100
225
332
881
108
899
882
273
231
570
781
82
442
844
801
288
526
21
268
610
146
726
982
932
965
293
766
140
494
415
873
719
982
942
748
734
817
192
323
507
57
722
553
79
133
47
591
936
814
896
664
635
557
528
99
669
463
311
917
277
581
543
654
224
429
205
759
445
23
561
408
719
912
282
872
881
966
447
111
798
707
160
681
540
243
915
465
791
315
888
655
41
807
150
985
681
142
661
462
950
422
559
562
463
924
99
265
921
208
217
339
134
276
794
715
260
268
493
738
89
492
896
280
613
163
764
199
794
612
213
614
259
854
200
51
633
120
469
800
72
283
772
714
4
808
437
285
771
62
964
372
834
846
50
70
762
707
783
767
467
842
947
876
481
821
469
157
783
273
627
566
214
608
569
176
194
619
247
605
765
404
625
954
788
578
249
23
73
269
420
151
716
469
871
704
956
375
629
47
701
416
173
539
541
215
251
787
522
274
376
642
35
730
802
457
644
354
309
159
611
1000
574
204
617
181
270
566
799
619
288
871
938
419
202
868
204
56
366
113
492
799
708
859
553
319
87
675
442
536
370
318
860
536
585
39
800
659
641
68
781
310
109
67
929
433
994
468
845
925
555
767
647
920
59
553
404
998
123
619
351
753
224
347
571
362
186
596
345
666
404
929
727
817
320
405
775
663
426
32
698
72
721
257
291
603
349
575
858
554
499
444
858
764
850
1000
718
454
773
384
553
756
809
585
356
523
856
976
879
923
268
22
145
809
398
663
853
599
462
417
176
158
440
26
855
855
418
688
413
54
834
337
244
66
770
752
649
734
787
609
832
849
885
572
159
336
434
804
589
245
931
30
76
61
753
41
537
342
842
345
892
477
200
600
375
482
17
222
721
574
946
379
883
484
98
880
478
805
95
710
442
187
715
579
166
198
93
530
562
592
638
61
576
325
540
667
241
219
772
243
566
236
469
50
434
698
304
441
387
423
353
309
35
3
663
472
594
303
825
707
37
464
839
797
282
668
888
752
307
37
694
323
188
211
375
787
911
614
253
221
223
64
891
630
793
372
837
208
771
716
744
736
441
952
967
590
97
288
701
807
908
753
642
324
893
189
168
244
255
763
389
345
650
700
759
609
52
937
718
582
902
909
497
835
292
714
174
642
276
252
10
8
418
469
344
524
223
280
441
471
903
542
607
259
624
48
945
230
236
574
883
749
793
902
690
663
676
179
696
95
572
672
435
189
537
905
726
956
810
403
727
134
645
480
130
872
914
428
105
407
457
700
808
522
936
113
556
970
425
249
447
68
929
1
162
207
907
297
179
721
89
129
886
743
361
874
657
26
320
82
517
263
730
474
496
161
509
994
47
830
71
886
955
767
55
933
671
307
142
513
903
535
44
69
507
462
888
26
756
828
966
37
982
519
256
416
447
108
93
75
637
914
617
765
578
541
678
979
99
863
266
168
992
242
784
167
481
681
546
880
782
393
340
945
427
253
78
950
824
41
218
109
329
60
157
340
126
595
211
579
335
5
364
382
574
483
673
919
286
736
190
672
897
650
186
771
444
697
50
755
846
907
407
307
452
216
11
132
160
724
273
374
454
674
547
25
80
250
278
587
871
150
457
293
880
502
352
128
160
945
778
94
381
596
760
900
724
590
699
649
424
852
958
573
412
312
782
837
133
940
235
756
955
898
912
916
50
837
398
860
147
376
199
203
773
334
925
646
10
248
541
147
71
423
137
681
834
384
763
358
938
127
447
47
276
214
884
889
355
547
325
310
891
343
916
466
764
508
327
204
344
902
221
660
476
47
856
802
570
408
499
759
278
290
564
523
335
624
644
574
994
395
371
631
217
522
653
912
376
371
736
810
334
708
260
513
352
950
141
634
374
464
28
179
741
919
17
626
684
296
409
534
191
163
879
527
36
751
170
688
444
617
989
722
909
316
799
112
311
64
825
505
982
583
901
930
120
413
38
521
713
610
141
822
873
872
670
14
28
200
61
286
680
278
829
342
632
222
853
513
267
67
472
477
288
173
389
653
482
540
842
436
202
337
857
275
457
20
162
122516.0
585
472
31
232
416
43
920
638
655
632
643
352
409
762
90
177
360
418
641
62
982
531
587
762
223
90
477
909
583
380
724
726
396
804
27
315
372
618
368
787
509
188
14
187
455
782
70
476
476
540
51
709
846
67
185
850
760
901
82
515
748
708
763
216
356
734
527
670
986
537
275
615
413
386
653
509
67
692
315
968
858
867
360
400
329
187
209
742
727
684
829
74
656
793
273
148
841
20
784
672
398
403
863
970
192
242
982
633
113
888
377
427
15
358
89
48
463
769
794
820
149
618
128
244
852
39
501
214
429
803
996
502
84
323
32
904
978
869
918
36
732
102
584
265
79
567
128
348
249
656
29
630
24
555
632
738
796
779
766
467
312
447
571
364
629
774
126
79
685
643
458
263
962
788
514
395
280
140
17
277
235
24
221
914
100
779
660
277
480
252
760
133
633
363
581
633
260
963
300
104
487
843
645
924
949
148
935
701
331
533
349
951
571
201
18
304
226
168
893
166
809
739
172
692
974
708
495
301
286
460
414
908
857
327
548
983
254
547
435
235
961
56
736
77
978
978
942
151
216
234
181
550
278
95
717
555
205
465
780
176
275
386
635
846
426
402
116
901
905
685
537
305
296
275
558
243
403
828
299
964
79
541
640
301
159
135
196
51
711
403
2
272
207
908
226
477
178
750
624
568
330
670
989
905
67
104
766
402
315
728
279
309
326
412
642
440
861
751
199
114
652
690
698
114
79
776
590
724
711
544
971
417
290
238
988
439
964
998
820
473
958
533
204
151
310
431
731
126
451
388
844
305
408
876
118
131
838
39
60
89
796
508
229
300
461
858
285
510
992
924
439
670
41
863
673
338
796
824
907
581
972
516
856
348
726
774
551
152
412
591
113
402
12
262
810
686
760
578
78
59
351
551
647
130
117
104
383
356
65
144
341
495
226
245
232
707
356
198
246
117
191
827
246
906
74
669
928
53
777
583
548
861
875
556
535
52
611
612
705
559
308
104
457
692
928
259
79
407
652
180
456
75
445
90
488
860
343
616
609
327
589
134
55
972
797
334
595
484
881
153
529
52
981
740
946
584
398
909
504
361
887
129
682
31
996
872
247
575
161
949
589
623
260
308
277
749
834
960
294
526
812
313
224
445
716
457
64
812
313
303
51
450
685
629
65
646
378
765
107
561
194
556
674
883
732
266
287
411
999
126
223
890
356
158
415
774
479
167
413
619
737
307
308
812
232
536
254
69
196
686
674
685
316
83
270
168
99
176
906
296
409
281
783
659
262
63
296
820
943
359
217
164
416
267
150
192
703
891
964
718
675
679
310
312
659
159
694
946
986
305
340
131
326
504
277
641
82
894
467
633
290
926
513
521
733
673
16
691
716
580
778
105
810
332
198
475
246
130
19
769
816
79
441
166
183
377
778
233
865
319
780
398
666
568
358
432
162
372
731
139
146
320
386
414
752
947
223
68
122
933
975
613
898
268
852
12
724
450
595
508
621
569
530
38
515
758
746
56
611
916
408
868
946
32
765
540
2
248
361
730
964
486
751
182
724
415
831
411
401
928
469
938
253
15
984
960
729
306
12
772
66
195
237
953
850
537
829
25
158
206
843
61
707
91
945
798
738
652
344
917
760
265
521
444
714
510
772
379
849
962
801
673
191
84
621
255
211
425
600
476
367
273
50
700
317
601
718
826
410
149
286
872
735
735
794
819
528
842
519
848
377
727
928
672
535
341
695
229
840
633
672
752
799
126
609
868
223
500
375
918
40
62
187
582
792
563
882
891
209
741
185
671
665
448
48
368
518
856
330
642
173
200
209
587
121
95
843
587
301
864
969
168
574
625
637
176
777
183
295
212
964
647
174
94
104
565
923
144
667
901
159
814
724
57
390
83
216
867
184
511
29
915
757
750
847
230
326
69
901
967
444
365
808
919
481
922
431
86
467
247
158
120
555
497
938
691
781
89
44
586
560
684
237
189
643
13
48
314
584
598
328
562
209
695
194
435
327
81
3
432
47
420
635
688
962
400
761
623
270
281
29
79
529
593
161
709
158
340
170
717
228
228
164
765
724
752
886
624
587
851
659
622
341
942
536
227
602
911
718
319
977
612
254
837
959
207
294
915
583
908
258
628
650
90
734
84
148
168
178
787
538
265
597
60
354
36
620
935
657
904
898
238
44
865
170
137
473
405
622
881
672
956
156
372
980
237
48
398
30
72
752
832
647
576
314
681
617
628
520
521
461
168
111
853
539
182
370
531
948
778
